5.038235913518774 0.002419925813039491
5.261032981578734 0.002611390825428452
5.510765096522528 0.0032410892331420334
5.44851908941077 0.0027030803172733713
5.495771922008082 0.002908689317434979
5.6645322891128735 0.0037147092835845036
5.836731902219875 0.0034633406447785614
5.990453744175462 0.0031773373091179037
6.078450315943616 0.003044613217360977
6.19548865780054 0.0034360437545940203
6.341363990286007 0.0038043585311025065
6.662042878821656 0.0038018830252654987
6.831003313415449 0.0034152739919021563
6.948405202857762 0.0030111624327929954
6.979993303393787 0.002773993977030454
7.172772568101011 0.002483201993546651
7.422646696286012 0.0026300825124276695
7.640627331726948 0.002908260852907255
7.7763756672727276 0.0029620418686214793
8.073955324568741 0.0027529583857104087
8.329224889527453 0.003705424897058559
8.210982356685808 0.003192622541282933
8.729517536700145 0.004066194865016045
9.197026980323713 0.004137692292262115
9.45064030024468 0.003898906801328763
9.566879085547335 0.0035625784040882427
9.931084959356344 0.0033917781523645683
10.354805521283353 0.003171196854442346
10.796364317394564 0.003001073410607168
11.230041285030165 0.003137754444534762
11.67949282340795 0.003542002585550241
12.149555298155905 0.0035552468439120247
12.636031711742174 0.003974790467325214
13.045709544650054 0.004064085121073589
13.298356328149765 0.004626079325613382
13.566557717142269 0.005087280558048283
13.922464085330624 0.004300684372150543
14.100777295567624 0.003862082528263342
14.38078582128456 0.0035984792999422042
15.02718661367681 0.003760945685429033
15.37992750627448 0.0034081421262013036
15.500575586106093 0.0031579040864172844
15.646536604145046 0.0028884325643268116
16.07083607134975 0.002655780019868478
16.666194930447787 0.0029057326257251864
16.8840722110564 0.0031814965895040795
17.104696664060192 0.003494654418102515
17.252732830849826 0.00379693798795421
17.516744771518482 0.004143900071127824
17.86340523212485 0.004460859178359615
18.498267330510483 0.004858698008686116
19.15596881768312 0.005250625230014223
19.83735926646798 0.005626976700325978
20.371348047267382 0.0049047956832307055
21.12357010390314 0.004685857822831741
21.9777158512802 0.005198223734386319
22.660573101508266 0.005481023746557675
23.168269072648094 0.004830745042794723
23.57258219612386 0.0045104589883466495
23.39582130476648 0.0041640606044660265
24.505309949097704 0.0051330347327478475
25.03737547988516 0.004530369767956665
25.934585510130447 0.004226082068685671
26.481673977308418 0.005025790011538656
26.504670442003075 0.004664378828310428
26.845482871049885 0.005730345836363437
27.316424234380726 0.006215432526259517
28.287740773827657 0.006705496979776762
29.428339447893272 0.006473451948067561
30.086329700450822 0.005844642474925444
31.043539428407346 0.006191314739813034
31.36936340421634 0.007013165627550004
32.255295545962774 0.007876492884207956
33.210551264893 0.008084164117610393
34.59733198902634 0.008161949100552285
35.80700975434033 0.008082194959791447
36.38058334139626 0.0089464490610726
37.03562778590404 0.009619242339750885
37.58499573861474 0.010634206671096819
38.5247817787859 0.011547507515780145
39.257410936892796 0.012618788805889585
39.68335727430015 0.013847597715694987
40.82379656926014 0.015182176283764578
42.1874504209164 0.01542999348904335
43.477964316472466 0.01325129355342503
43.95536257205071 0.014413269087903722
45.555396764728115 0.014861174751817167
46.964671471739685 0.01682683918035316
47.789653359449275 0.0180249163250795
49.57314149977066 0.01930790414194792
51.0403416465434 0.01771017501477981
51.81932105641411 0.01975341006295295
52.4965691511734 0.021669858143901904
53.15835966616061 0.02401513710905754
54.18298734591161 0.02680957314012583
55.56783972058486 0.02981440254213567
56.47557414387508 0.03264978897324479
57.00610543369004 0.0354383922003371
57.89864097119477 0.03973905709250435
58.59369167424069 0.04422882515563259
58.87619021391326 0.04935767433797564
61.23777562943778 0.05318818271661459
63.79323205309126 0.054467200623146646
65.34123153712298 0.0649647317297663
64.67465447567062 0.05953396314186455
67.11037534641562 0.07020636860022336
67.72897706081942 0.0791728694835376
69.3254354053677 0.08794867826085433
70.8286164735914 0.09597196683768608
71.11567225007326 0.10788370674724057
71.7598691959074 0.1196841996648514
74.14775475938616 0.13007223052825448
77.47466655621373 0.12717898300989203
79.21313583960067 0.1396751994870499
78.9963669769401 0.14823093167120732
