0.21483502114884387 0.001585039343699819
0.21918641595074004 0.001210219881419344
0.22994586748257512 0.0008209624747299551
0.2239047986759616 0.000703778815590191
0.23474005307632023 0.0011629320669653438
0.24238403990258986 0.0009578462034493195
0.2554950147297265 0.0007331034474260134
0.254003900000511 0.0013344955319565983
0.25884544807383375 0.0009696052327316263
0.2656786986174529 0.0011766281136950715
0.27133642558775656 0.000832947088130521
0.2665831907660583 0.0013887351715188977
0.28801318157435 0.00117374033284895
0.29177823611826 0.000999559798817175
0.2902240673959869 0.0008289980749679491
0.3081838614930985 0.001346131525325454
0.3153762475420503 0.0009651983738623666
0.3116951041843187 0.0015589779189868183
0.3262502913189141 0.0011638128381931895
0.3385137693737675 0.00136914043218279
0.34703431341611424 0.0010425288851970051
0.354063350392503 0.0015711051086366352
0.360607800919906 0.00084976220601367
0.36593035054548484 0.0012650630696241043
0.3788751088947028 0.0010447902670033347
0.38546205922239996 0.0015428415073533443
0.38743216810992576 0.0008305082667492971
0.40082605278597483 0.0012972401061108877
0.41468297631496825 0.0016530971124545312
0.4162519072062365 0.0010899731183596714
0.4301870109334134 0.0012691155623161755
0.4463718322212614 0.0017494786591357868
0.44931449821649067 0.0010396518591055959
0.454536666401176 0.0015090882750859159
0.46337550533342187 0.001243953753378871
0.47722732485287067 0.001818183858193773
0.4931664892213027 0.0010483580358831492
0.48157216097175204 0.0008139986730765966
0.5007669725090865 0.001282831114921087
0.505039962443202 0.0011033778249002744
0.5194012167330877 0.0017655707271227003
0.5381188912739526 0.002098507685709368
0.5284526710521202 0.001495638040611714
0.550201299572747 0.002210212309665559
0.5369010101271131 0.0011690881015763697
0.544249861321635 0.001047167963640512
0.5554621694835467 0.0009050229788695674
0.5723260573268973 0.001663709011204025
0.5917404901026747 0.00218755419252037
0.5873017848310143 0.0014712964219739798
0.58650390776142 0.001215542118055954
0.6277568207032791 0.0017323127667722294
0.6349090659178047 0.0011552818064604715
0.6406894889953294 0.0014136843698122886
0.6834269532018652 0.0012338498181434932
0.6886731678115547 0.0017532441786330456
0.7094607834515396 0.0020860587150404227
0.6935666746944359 0.0015538250211308733
0.7462046151384287 0.0013489113588757433
0.749108660783661 0.0021534195341250074
0.7750060328612404 0.0017676222681571178
0.7785259954918528 0.0015237930414120063
0.7996216182191057 0.0011839621115862042
0.8072673749895468 0.0023532323827684955
0.8229653523590814 0.0018539532317307728
0.8295176157849903 0.0030601520244829296
0.8309284452465687 0.001554091367665428
0.8323416742229152 0.0010740492510243956
0.8729030495475645 0.0019822051205033078
0.8969623682383044 0.0014411190288629676
0.8878633787626461 0.0023619542398426335
0.9144045384462995 0.0017305210301828296
0.9490219615649239 0.001384093069789636
0.988038541498812 0.0019425858167398053
0.9921172686112271 0.001592357321884744
1.0240926667715327 0.002553538853643684
1.0240926667715327 0.0013576961486287387
1.0679319582966968 0.0021417349977510738
1.0466122796426216 0.001879244329462234
1.0416441731496968 0.002909105949710039
1.1187059432596624 0.0015450649194105439
1.1524741082609913 0.0018656403397518985
1.1632960410411353 0.0023677050574606655
1.1705670596392383 0.002850119606300769
1.2154329113916793 0.0014848615426963291
1.2480845257614774 0.0025865463184707375
1.2472364468895234 0.0018667379876732614
1.230395367628029 0.0016010180696218986
1.2276107128877993 0.0021350249463466427
1.346681270724339 0.001777363545737398
1.3647826588898488 0.0023533748779746505
1.3259198439720425 0.0015461049417790967
1.3858161395035213 0.0031938845965387807
1.3976411574054879 0.0027320141888032374
1.4540550426044112 0.0020031356948512218
1.4047845459696724 0.0036344228734815054
1.5121340577634939 0.001657078652841736
1.4944225191809628 0.002866031569180603
1.5190019467219231 0.0024861155299739407
1.5138481133891524 0.0020893801344908577
1.6258439544858754 0.0019623737163695872
1.631379073030729 0.0031406819523731202
1.662564347741149 0.003674204174784257
1.6184929989671937 0.0026700249406866215
1.6725498909266974 0.002298641938796741
1.7580348096906173 0.0020767709828143264
1.770025499605296 0.0030650243937897586
1.8281076867854886 0.002442485374501332
1.8626013805870658 0.0034839085255524284
1.8291435046005533 0.003860690987834991
1.9613519128463168 0.0028992050419985606
1.9566912584434335 0.0023349374826654463
2.0243358662468545 0.0032934765994295434
2.0439235372128133 0.004052506298637146
2.0208987559919724 0.004867047436217006
2.0978809922335864 0.002550383570630683
2.1748370803219332 0.00307164034909396
2.181499676072003 0.0037547234418934977
2.2334791771733866 0.004337231945659695
2.354863558895257 0.004652059302743565
2.3682404424086227 0.0031688211100560832
2.3952226046288376 0.00408913967504504
2.5062606472906124 0.005618325745777959
2.5811810299077003 0.003590854874883909
2.598785994936078 0.0029554635440823224
2.725429100037667 0.0052235203954797416
2.7869841023283985 0.004470441070896615
2.8543606730152526 0.003961954462281048
2.917127548940072 0.005375351977820251
2.99753063768843 0.004195560056924466
3.0861376043572104 0.006584842807468812
3.169351920468115 0.004702520914492488
3.3042765663756364 0.00726075191496366
3.3419233039018845 0.005939108871345631
3.4262628164295466 0.00505904978450618
3.568888592559626 0.007888586455261108
3.6506749665331455 0.006597485339795802
3.796902752747509 0.009802476369119344
3.764067529332806 0.005818662092241997
3.845967182827406 0.01189876349590396
3.9207551746012355 0.0070785943892884146
4.026539203901698 0.01361366129928702
4.121814094494853 0.010325860182039098
4.083965290040152 0.008153992375740632
4.339148515551538 0.014675011971407843
4.356387927529524 0.01209705084737352
4.341607105582699 0.008024224563570829
4.496791933114965 0.010285917788720091
4.631215849694679 0.009616282459078425
4.63751613325957 0.015797084358409156
4.673379977459772 0.017731316030126235
4.766957150520168 0.013054221658082819
4.9233816187316215 0.012390102218098203
4.84865608416799 0.009629463149117834
5.100516719377446 0.017831684112126375
5.2410992930121125 0.019799017026066425
5.178369504952616 0.013688736559433447
5.503048847457837 0.022963560684019804
5.526477432898601 0.019580413441352567
5.564170814652526 0.017336534766215123
5.745360380936254 0.02826539626363067
6.042528355001685 0.04028158321041166
6.037054409308971 0.03342010069396052
6.078230185249845 0.021051733631944014
5.875121845435447 0.01852958501739968
6.18240249243048 0.025880197193088476
6.078230185249845 0.029457142667702517
6.489693695434889 0.04336018958331166
6.579876789022534 0.036851110951710966
6.396133805471679 0.02194930643199488
6.50575453309219 0.02504188921243155
6.7230436224703 0.03184879429354707
6.869325520661165 0.0528432158813513
6.916177808105764 0.03534887711341582
7.2532144993762095 0.05538576631690212
7.2461746806447325 0.04597261335806202
7.434156735933112 0.07378452103071503
7.73178589548837 0.05383748103247535
7.773944963541459 0.09537390544053613
7.728282977241497 0.06692197262691335
7.963816596301024 0.07463585083834132
8.141706118060844 0.08585301244771122
