0.001045882875796094 0.00008073563913177754
0.001170916227820447 0.00009036557504554351
0.001305259118951581 0.00010055921902783866
0.0014550155913182132 0.00011234868176911579
0.001621954093436694 0.0001251464860725964
0.0018080459734679925 0.0001394021071693953
0.0020154887585302774 0.00015574547145183
0.0022467321049200253 0.0001732281236225959
0.0024915864961965054 0.000192577468281874
0.0027631257213239307 0.0002130264486123379
0.003064257959134384 0.00023693897248572006
0.0034158298851362733 0.00026379786585076616
0.0038077387608340015 0.0002941397777710935
0.0042227154972157765 0.0003261830001870338
0.004682917419082796 0.00036225683736672694
0.005193273278393561 0.00040112196954200327
0.005759248974618692 0.00044526218746075756
0.006386906094398066 0.0004937684976726206
0.007119695861691375 0.0005505615282648032
0.007936560897215224 0.000614192126463327
0.00884714742017671 0.0006820871779122313
0.009862208390765763 0.0007613314994790566
0.01071306936238568 0.0008235429893998199
0.01169768419380965 0.0009149111803934857
0.01303979618849997 0.0009900152570404598
0.0144609052522431 0.001111411860140436
0.016036890277378472 0.0012373991231178607
0.017876852994972804 0.0013748690845928366
0.019927920405782663 0.0015361267893991943
0.022214313213342683 0.0016824303049588867
0.024763031038466766 0.0019195270005082942
0.03412481465943814 0.002642261928918448
0.037843820900797236 0.0029126788976169297
0.04196813359030264 0.00323963127432161
0.04654192402164084 0.0035871987587365577
0.05161417738473627 0.0039859019449089645
0.05753603383225322 0.0044421497100544235
0.06413732344255395 0.0049481615455370135
0.07149599971329286 0.005528279079691481
0.07969895999139345 0.006145780297442207
0.08838474869371665 0.006839052003110608
0.09852540811007375 0.0075991860261830765
0.1098295371851488 0.008494328785973027
0.12243062444184524 0.009452954547460795
0.12897878832123166 0.010000000000000031
