0.0026449765516186607 0.0008143387366100316
0.003245202152402503 0.0008269203052343396
0.003981628001115444 0.000839219574823943
0.004885056416088992 0.0008468791095037528
0.005993250708419526 0.0008468791095037528
0.007352843241619742 0.0008468791095037528
0.009021052106875888 0.0008512182784550187
0.011068688559644832 0.000873745914739447
0.01357975820296382 0.0008752356489235112
0.016660495221023763 0.0008767279230999253
0.020441975942655503 0.0008978888994405918
0.025079723957108238 0.0009014650555865317
0.03077072073226714 0.0009127973943020375
0.03775553730394041 0.0009390853440973672
0.0463243790616918 0.0009584802003457458
0.05683967560267247 0.000985523997032303
0.06974074094700135 0.0010093109090661093
0.08557592426605885 0.0010514318624640158
0.1050083071458854 0.0010996730809035742
0.12885186339849186 0.0011468668170308938
0.15810832665375266 0.0011940500748462608
0.19401164748666594 0.0012495441738932334
0.23807780493786043 0.0013210514413781985
0.2921770538791902 0.0014254957530784387
0.35857442981530513 0.0015434473051638626
0.4400616571533676 0.0016721079021461414
0.5400970473806003 0.0018363502307613278
0.6628894446765355 0.002029361776733171
0.8135971186388464 0.002241386877358429
0.9986764693104536 0.0025425236690546304
1.2258949753155004 0.0029054884857733017
1.4908854284119346 0.0033176307983587626
1.7964236324105507 0.0038087264057090277
2.14452364350491 0.004356764992933279
2.560092963205624 0.004991622684141695
3.0279576820004444 0.005735884328734724
3.5152979372737074 0.006555191228158318
4.119270566430642 0.007533237809861735
4.826902681036847 0.008608529681989075
5.551792469177363 0.009773629880813322
6.386047844029115 0.011313883187890674
7.414050389972962 0.013010962313251249
8.216369082186178 0.014804418931546352
9.71754444048405 0.016844280645705322
11.17745363731209 0.01936011744239204
12.977253364327778 0.022473713361265274
14.926821974350997 0.02580443645540549
17.169382640422022 0.029675094276677087
19.933879529608923 0.034393848217213537
22.928134405175868 0.03931977979144747
26.128109893344472 0.0449111161131648
29.775231437490632 0.051526933373445646
34.24903818486013 0.05945457545218949
40.6583188404324 0.06803193328436397
46.15658374385342 0.0759387072134902
51.962675588250214 0.09179006983610234
58.08483311179519 0.10325815359098825
67.05290859995183 0.11563595885595548
77.1277143321559 0.13339729040348244
87.89144116872991 0.15209491994408936
100.15732344210885 0.17341330249534856
114.13375571612274 0.19719118795025523
131.28104515678325 0.22684570323761488
152.42047496477502 0.2635339071470803
176.96386527653436 0.306155766783287
205.4593362266373 0.35567094401385785
236.32381908044624 0.40770055280649303
269.30548331438024 0.46526087823149587
306.88565937349233 0.5290559833938265
352.9917144441209 0.6086178487616598
409.8319350668512 0.7070508162793157
475.82480870731143 0.8214035421708773
552.4406274635876 0.9527617814746548
645.8947215793443 1.111761935854147
746.74603727074 1.1874318183985904
