# MZp [GeV]   gX_min
1.000000e-03 2.412563e-08
1.013925e-03 2.434419e-08
1.028045e-03 2.456579e-08
1.042361e-03 2.479048e-08
1.056876e-03 2.501830e-08
1.071593e-03 2.524930e-08
1.086516e-03 2.548350e-08
1.101646e-03 2.572097e-08
1.116987e-03 2.596175e-08
1.132541e-03 2.620588e-08
1.148312e-03 2.645341e-08
1.164303e-03 2.670439e-08
1.180517e-03 2.695886e-08
1.196956e-03 2.721687e-08
1.213624e-03 2.747848e-08
1.230524e-03 2.774373e-08
1.247660e-03 2.801268e-08
1.265034e-03 2.828537e-08
1.282650e-03 2.856186e-08
1.300511e-03 2.884219e-08
1.318621e-03 2.912644e-08
1.336984e-03 2.941463e-08
1.355602e-03 2.970685e-08
1.374479e-03 3.000313e-08
1.393619e-03 3.030354e-08
1.413026e-03 3.060813e-08
1.432703e-03 3.091696e-08
1.452654e-03 3.123009e-08
1.472883e-03 3.154759e-08
1.493393e-03 3.186950e-08
1.514189e-03 3.219590e-08
1.535275e-03 3.252684e-08
1.556654e-03 3.286240e-08
1.578331e-03 3.320262e-08
1.600310e-03 3.354758e-08
1.622595e-03 3.389735e-08
1.645191e-03 3.425198e-08
1.668101e-03 3.461156e-08
1.691330e-03 3.497614e-08
1.714882e-03 3.534580e-08
1.738762e-03 3.572061e-08
1.762975e-03 3.610063e-08
1.787526e-03 3.648595e-08
1.812418e-03 3.687664e-08
1.837656e-03 3.727276e-08
1.863246e-03 3.767440e-08
1.889193e-03 3.808163e-08
1.915501e-03 3.849454e-08
1.942175e-03 3.891319e-08
1.969220e-03 3.933768e-08
1.996642e-03 3.976807e-08
2.024447e-03 4.020446e-08
2.052638e-03 4.064693e-08
2.081222e-03 4.109555e-08
2.110203e-03 4.155043e-08
2.139589e-03 4.201164e-08
2.169384e-03 4.247927e-08
2.199593e-03 4.295341e-08
2.230223e-03 4.343416e-08
2.261280e-03 4.392160e-08
2.292769e-03 4.441582e-08
2.324697e-03 4.491693e-08
2.357069e-03 4.542502e-08
2.389893e-03 4.594019e-08
2.423173e-03 4.646253e-08
2.456916e-03 4.699214e-08
2.491130e-03 4.752912e-08
2.525820e-03 4.807359e-08
2.560993e-03 4.862563e-08
2.596656e-03 4.918537e-08
2.632815e-03 4.975290e-08
2.669478e-03 5.032833e-08
2.706652e-03 5.091177e-08
2.744343e-03 5.150334e-08
2.782559e-03 5.210315e-08
2.821308e-03 5.271131e-08
2.860596e-03 5.332794e-08
2.900430e-03 5.395315e-08
2.940820e-03 5.458707e-08
2.981772e-03 5.522982e-08
3.023295e-03 5.588152e-08
3.065395e-03 5.654230e-08
3.108082e-03 5.721227e-08
3.151363e-03 5.789158e-08
3.195248e-03 5.858035e-08
3.239743e-03 5.927870e-08
3.284857e-03 5.998679e-08
3.330600e-03 6.070473e-08
3.376980e-03 6.143267e-08
3.424006e-03 6.217075e-08
3.471687e-03 6.291910e-08
3.520031e-03 7.356856e-08
3.569049e-03 8.442655e-08
3.618750e-03 9.204306e-08
3.669142e-03 9.795351e-08
3.720237e-03 1.039463e-07
3.772042e-03 1.100225e-07
3.824570e-03 1.164643e-07
3.877828e-03 1.248302e-07
3.931829e-03 1.333126e-07
3.986581e-03 1.419132e-07
4.042096e-03 1.506335e-07
4.098384e-03 1.606335e-07
4.155455e-03 1.715062e-07
4.213322e-03 1.825304e-07
4.271994e-03 1.937081e-07
4.331483e-03 2.078195e-07
4.391801e-03 2.235741e-07
4.452959e-03 2.395481e-07
4.514968e-03 2.557446e-07
4.577841e-03 2.742172e-07
4.641589e-03 2.938139e-07
4.706225e-03 3.136834e-07
4.771761e-03 3.338296e-07
4.838210e-03 3.593783e-07
4.905584e-03 3.870058e-07
4.973896e-03 4.150181e-07
5.043159e-03 4.448725e-07
5.113388e-03 4.777450e-07
5.184594e-03 5.110752e-07
5.256791e-03 5.448696e-07
5.329994e-03 5.913718e-07
5.404216e-03 6.389035e-07
5.479472e-03 6.870972e-07
5.555776e-03 7.481822e-07
5.633143e-03 8.190241e-07
5.711586e-03 8.908526e-07
5.791123e-03 9.640500e-07
5.871766e-03 1.039847e-06
5.953533e-03 1.116699e-06
6.036439e-03 1.194622e-06
6.120498e-03 1.291318e-06
6.205729e-03 1.447174e-06
6.292146e-03 1.605201e-06
6.379767e-03 1.786317e-06
6.468608e-03 1.973304e-06
6.558686e-03 2.178260e-06
6.650018e-03 2.473196e-06
6.742622e-03 2.772239e-06
6.836516e-03 3.180106e-06
6.931717e-03 3.606554e-06
7.028244e-03 4.136041e-06
7.126115e-03 4.730064e-06
7.225349e-03 5.391289e-06
7.325965e-03 6.162248e-06
7.427982e-03 6.970297e-06
7.531420e-03 8.001469e-06
7.636298e-03 9.047001e-06
7.742637e-03 1.018009e-05
7.850456e-03 1.134178e-05
7.959777e-03 1.257923e-05
8.070620e-03 1.420374e-05
8.183007e-03 1.585088e-05
8.296959e-03 1.807372e-05
8.412497e-03 2.052759e-05
8.529644e-03 2.341547e-05
8.648423e-03 2.634357e-05
8.768856e-03 3.079638e-05
8.890966e-03 3.565731e-05
9.014776e-03 4.199175e-05
9.140311e-03 4.956303e-05
9.267593e-03 5.779084e-05
9.396648e-03 6.747754e-05
9.527500e-03 7.734507e-05
9.660175e-03 8.873588e-05
9.794697e-03 1.002853e-04
9.931092e-03 1.129301e-04
1.006939e-02 1.277466e-04
1.020961e-02 1.427694e-04
1.035178e-02 1.595160e-04
1.049593e-02 1.767981e-04
1.064209e-02 1.949614e-04
1.079029e-02 2.179878e-04
1.094055e-02 2.413349e-04
1.109290e-02 2.690094e-04
1.124737e-02 3.028474e-04
1.140400e-02 3.272142e-04
1.156280e-02 3.277617e-04
1.172382e-02 3.283127e-04
1.188708e-02 3.288713e-04
1.205261e-02 3.294377e-04
1.222045e-02 3.300120e-04
1.239062e-02 3.305943e-04
1.256317e-02 3.311848e-04
1.273811e-02 3.317834e-04
1.291550e-02 3.323904e-04
1.309535e-02 3.330058e-04
1.327771e-02 3.336298e-04
1.346261e-02 3.342624e-04
1.365008e-02 3.348987e-04
1.384016e-02 3.355408e-04
1.403289e-02 3.361919e-04
1.422830e-02 3.368521e-04
1.442644e-02 3.375214e-04
1.462733e-02 3.382000e-04
1.483103e-02 3.388881e-04
1.503755e-02 3.395858e-04
1.524696e-02 3.402932e-04
1.545928e-02 3.410105e-04
1.567455e-02 3.417377e-04
1.589283e-02 3.424751e-04
1.611414e-02 3.432146e-04
1.633854e-02 3.439631e-04
1.656606e-02 3.447221e-04
1.679675e-02 3.454916e-04
1.703065e-02 3.462719e-04
1.726781e-02 3.470630e-04
1.750827e-02 3.478652e-04
1.775208e-02 3.486785e-04
1.799929e-02 3.495031e-04
1.824993e-02 3.503392e-04
1.850407e-02 3.511870e-04
1.876175e-02 3.520456e-04
1.902301e-02 3.529065e-04
1.928792e-02 3.537794e-04
1.955651e-02 3.546645e-04
1.982884e-02 3.555619e-04
2.010496e-02 3.564717e-04
2.038493e-02 3.573943e-04
2.066880e-02 3.583297e-04
2.095662e-02 3.592781e-04
2.124845e-02 3.602397e-04
2.154435e-02 3.612148e-04
2.184436e-02 3.622034e-04
2.214855e-02 3.632020e-04
2.245698e-02 3.642065e-04
2.276970e-02 3.652250e-04
2.308678e-02 3.662576e-04
2.340827e-02 3.673047e-04
2.373424e-02 3.683663e-04
2.406475e-02 3.694427e-04
2.439986e-02 3.705341e-04
2.473964e-02 3.716407e-04
2.508415e-02 3.727627e-04
2.543346e-02 3.739003e-04
2.578763e-02 3.750538e-04
2.614673e-02 3.762163e-04
2.651084e-02 3.773891e-04
2.688001e-02 3.785782e-04
2.725433e-02 3.797839e-04
2.763385e-02 3.810064e-04
2.801867e-02 3.822459e-04
2.840884e-02 3.835027e-04
2.880444e-02 3.847769e-04
2.920556e-02 3.860689e-04
2.961225e-02 3.873789e-04
3.002462e-02 3.887072e-04
3.044272e-02 3.900539e-04
3.086665e-02 3.914087e-04
3.129648e-02 3.927791e-04
3.173230e-02 3.941687e-04
3.217418e-02 3.955776e-04
3.262222e-02 3.970061e-04
3.307650e-02 3.984545e-04
3.353710e-02 3.999231e-04
3.400412e-02 4.014121e-04
3.447764e-02 4.029219e-04
3.495776e-02 4.044527e-04
3.544456e-02 4.060048e-04
3.593814e-02 4.075785e-04
3.643859e-02 4.091595e-04
3.694601e-02 4.107625e-04
3.746050e-02 4.123878e-04
3.798215e-02 4.140358e-04
3.851107e-02 4.157067e-04
3.904735e-02 4.174009e-04
3.959110e-02 4.191187e-04
4.014242e-02 4.208604e-04
4.070142e-02 4.226263e-04
4.126821e-02 4.244169e-04
4.184289e-02 4.262323e-04
4.242556e-02 4.280697e-04
4.301636e-02 4.299210e-04
4.361538e-02 4.317981e-04
4.422274e-02 4.337014e-04
4.483856e-02 4.356312e-04
4.546295e-02 4.375878e-04
4.609604e-02 4.395717e-04
4.673795e-02 4.415832e-04
4.738880e-02 4.436227e-04
4.804870e-02 4.456906e-04
4.871780e-02 4.477873e-04
4.939622e-02 4.499132e-04
5.008408e-02 4.520620e-04
5.078152e-02 4.542326e-04
5.148867e-02 4.564334e-04
5.220568e-02 4.586649e-04
5.293266e-02 4.609274e-04
5.366977e-02 4.632215e-04
5.441714e-02 4.655475e-04
5.517492e-02 4.679058e-04
5.594326e-02 4.702971e-04
5.672229e-02 4.727216e-04
5.751217e-02 4.751799e-04
5.831305e-02 4.776724e-04
5.912508e-02 4.801900e-04
5.994843e-02 4.827383e-04
6.078323e-02 4.853220e-04
6.162966e-02 4.879418e-04
6.248788e-02 4.905980e-04
6.335805e-02 4.932911e-04
6.424034e-02 4.960218e-04
6.513491e-02 4.987905e-04
6.604194e-02 5.015978e-04
6.696160e-02 5.044442e-04
6.789407e-02 5.073302e-04
6.883952e-02 5.102564e-04
6.979814e-02 5.132121e-04
7.077011e-02 5.162078e-04
7.175561e-02 5.192453e-04
7.275484e-02 5.223251e-04
7.376798e-02 5.254477e-04
7.479523e-02 5.286138e-04
7.583678e-02 5.308524e-04
7.689284e-02 5.310556e-04
7.796360e-02 5.312615e-04
7.904928e-02 5.314703e-04
8.015007e-02 5.318477e-04
8.126619e-02 5.327241e-04
8.239786e-02 5.336128e-04
8.354528e-02 5.345137e-04
8.470868e-02 5.354273e-04
8.588829e-02 5.363535e-04
8.708431e-02 5.372927e-04
8.829700e-02 5.382449e-04
8.952657e-02 5.393459e-04
9.077327e-02 5.405387e-04
9.203732e-02 5.417481e-04
9.331898e-02 5.429744e-04
9.461848e-02 5.442177e-04
9.593608e-02 5.454784e-04
9.727203e-02 5.467566e-04
9.862658e-02 5.480654e-04
1.000000e-01 5.498275e-04
1.013925e-01 5.516141e-04
1.028045e-01 5.534255e-04
1.042361e-01 5.552622e-04
1.056876e-01 5.571245e-04
1.071593e-01 5.590127e-04
1.086516e-01 5.609272e-04
1.101646e-01 5.631772e-04
1.116987e-01 5.658934e-04
1.132541e-01 5.686473e-04
1.148312e-01 5.714397e-04
1.164303e-01 5.742709e-04
1.180517e-01 5.771415e-04
1.196956e-01 5.800521e-04
1.213624e-01 5.830033e-04
1.230524e-01 5.867276e-04
1.247660e-01 5.906822e-04
1.265034e-01 5.946918e-04
1.282650e-01 5.987573e-04
1.300511e-01 6.028794e-04
1.318621e-01 6.070589e-04
1.336984e-01 6.112966e-04
1.355602e-01 6.157202e-04
1.374479e-01 6.207389e-04
1.393619e-01 6.258275e-04
1.413026e-01 6.309869e-04
1.432703e-01 6.362182e-04
1.452654e-01 6.415224e-04
1.472883e-01 6.469004e-04
1.493393e-01 6.523533e-04
1.514189e-01 6.585982e-04
1.535275e-01 6.654492e-04
1.556654e-01 6.723957e-04
1.578331e-01 6.794389e-04
1.600310e-01 6.865802e-04
1.622595e-01 6.938210e-04
1.645191e-01 7.011625e-04
1.668101e-01 7.086063e-04
1.691330e-01 7.169168e-04
1.714882e-01 7.253672e-04
1.738762e-01 7.339353e-04
1.762975e-01 7.426227e-04
1.787526e-01 7.514311e-04
1.812418e-01 7.603621e-04
1.837656e-01 7.694175e-04
1.863246e-01 7.789330e-04
1.889193e-01 7.891852e-04
1.915501e-01 7.995802e-04
1.942175e-01 8.101199e-04
1.969220e-01 8.208064e-04
1.996642e-01 8.316417e-04
2.024447e-01 8.426279e-04
2.052638e-01 8.537671e-04
2.081222e-01 8.664317e-04
2.110203e-01 8.797431e-04
2.139589e-01 8.932399e-04
2.169384e-01 9.069246e-04
2.199593e-01 9.207999e-04
2.230223e-01 7.984974e-04
2.261280e-01 7.469042e-04
2.292769e-01 8.079866e-04
2.324697e-01 9.791017e-04
2.357069e-01 9.947235e-04
2.389893e-01 1.010563e-03
2.423173e-01 9.596374e-04
2.456916e-01 1.042906e-03
2.491130e-01 1.059416e-03
2.525820e-01 1.076157e-03
2.560993e-01 7.757597e-04
2.596656e-01 9.944528e-04
2.632815e-01 1.104003e-03
2.669478e-01 1.121445e-03
2.706652e-01 9.114316e-04
2.744343e-01 8.962535e-04
2.782559e-01 9.743489e-04
2.821308e-01 1.053532e-03
2.860596e-01 1.133818e-03
2.900430e-01 8.572241e-04
2.940820e-01 1.048228e-03
2.981772e-01 1.134740e-03
3.023295e-01 1.222456e-03
3.065395e-01 1.244957e-03
3.108082e-01 1.258326e-03
3.151363e-01 1.003895e-03
3.195248e-01 1.040971e-03
3.239743e-01 1.122241e-03
3.284857e-01 1.201241e-03
3.330600e-01 1.277828e-03
3.376980e-01 1.342545e-03
3.424006e-01 1.220149e-03
3.471687e-01 1.052633e-03
3.520031e-01 1.387363e-03
3.569049e-01 1.257900e-03
3.618750e-01 9.486361e-04
3.669142e-01 1.248321e-03
3.720237e-01 1.161377e-03
3.772042e-01 1.073222e-03
3.824570e-01 1.315621e-03
3.877828e-01 8.427281e-04
3.931829e-01 1.030901e-03
3.986581e-01 1.221694e-03
4.042096e-01 1.384132e-03
4.098384e-01 1.528684e-03
4.155455e-01 1.343506e-03
4.213322e-01 1.155282e-03
4.271994e-01 1.230708e-03
4.331483e-01 1.357007e-03
4.391801e-01 1.536029e-03
4.452959e-01 1.680702e-03
4.514968e-01 1.235823e-03
4.577841e-01 1.411678e-03
4.641589e-01 1.276429e-03
4.706225e-01 1.544379e-03
4.771761e-01 1.733044e-03
4.838210e-01 8.594544e-04
4.905584e-01 9.956394e-04
4.973896e-01 1.178640e-03
5.043159e-01 1.133784e-03
5.113388e-01 1.393813e-03
5.184594e-01 1.722142e-03
5.256791e-01 1.578351e-03
5.329994e-01 1.319895e-03
5.404216e-01 1.703632e-03
5.479472e-01 1.769717e-03
5.555776e-01 9.102171e-04
5.633143e-01 1.258279e-03
5.711586e-01 1.611189e-03
5.791123e-01 1.449195e-03
5.871766e-01 1.431182e-03
5.953533e-01 1.923205e-03
6.036439e-01 1.936236e-03
6.120498e-01 1.930847e-03
6.205729e-01 1.823117e-03
6.292146e-01 1.614701e-03
6.379767e-01 1.292414e-03
6.468608e-01 1.387716e-03
6.558686e-01 1.349812e-03
6.650018e-01 1.311381e-03
6.742622e-01 1.272414e-03
6.836516e-01 1.256091e-03
6.931717e-01 1.569920e-03
7.028244e-01 1.863832e-03
7.126115e-01 2.022849e-03
7.225349e-01 1.823767e-03
7.325965e-01 1.621914e-03
7.427982e-01 1.417249e-03
7.531420e-01 2.093334e-03
7.636298e-01 1.937095e-03
7.742637e-01 1.778681e-03
7.850456e-01 1.418768e-03
7.959777e-01 1.242662e-03
8.070620e-01 2.232193e-03
8.183007e-01 2.002315e-03
8.296959e-01 2.267581e-03
8.412497e-01 1.273497e-03
8.529644e-01 1.535786e-03
8.648423e-01 1.801728e-03
8.768856e-01 2.083297e-03
8.890966e-01 2.237150e-03
9.014776e-01 1.516037e-03
9.140311e-01 1.724324e-03
9.267593e-01 1.606883e-03
9.396648e-01 1.477733e-03
9.527500e-01 1.437458e-03
9.660175e-01 1.627371e-03
9.794697e-01 1.819929e-03
9.931092e-01 1.622174e-03
1.006939e+00 2.037888e-03
1.020961e+00 2.459391e-03
1.035178e+00 2.337545e-03
1.049593e+00 1.915946e-03
1.064209e+00 2.095900e-03
1.079029e+00 2.011331e-03
1.094055e+00 1.834754e-03
1.109290e+00 1.655718e-03
1.124737e+00 1.602322e-03
1.140400e+00 1.751012e-03
1.156280e+00 2.042214e-03
1.172382e+00 2.794897e-03
1.188708e+00 2.298104e-03
1.205261e+00 1.794393e-03
1.222045e+00 1.837859e-03
1.239062e+00 1.737763e-03
1.256317e+00 2.476506e-03
1.273811e+00 2.242651e-03
1.291550e+00 2.005538e-03
1.309535e+00 1.765124e-03
1.327771e+00 1.566723e-03
1.346261e+00 1.772678e-03
1.365008e+00 2.362372e-03
1.384016e+00 3.121954e-03
1.403289e+00 3.181391e-03
1.422830e+00 3.036944e-03
1.442644e+00 2.380943e-03
1.462733e+00 2.188643e-03
1.483103e+00 2.624055e-03
1.503755e+00 2.228994e-03
1.524696e+00 2.496640e-03
1.545928e+00 2.535888e-03
1.567455e+00 2.575682e-03
1.589283e+00 2.616030e-03
1.611414e+00 2.656940e-03
1.633854e+00 3.183021e-03
1.656606e+00 3.572267e-03
1.679675e+00 2.280149e-03
1.703065e+00 2.219442e-03
1.726781e+00 2.157889e-03
1.750827e+00 2.095478e-03
1.775208e+00 3.009477e-03
1.799929e+00 2.744517e-03
1.824993e+00 2.475867e-03
1.850407e+00 3.621234e-03
1.876175e+00 3.318159e-03
1.902301e+00 2.999117e-03
1.928792e+00 2.675633e-03
1.955651e+00 2.347644e-03
1.982884e+00 3.610773e-03
2.010496e+00 4.145756e-03
2.038493e+00 3.842086e-03
2.066880e+00 3.413414e-03
2.095662e+00 2.612147e-03
2.124845e+00 2.733025e-03
2.154435e+00 2.933446e-03
2.184436e+00 3.787630e-03
2.214855e+00 4.128523e-03
2.245698e+00 4.368923e-03
2.276970e+00 4.450032e-03
2.308678e+00 4.532271e-03
2.340827e+00 4.615654e-03
2.373424e+00 3.345633e-03
2.406475e+00 4.244107e-03
2.439986e+00 4.705613e-03
2.473964e+00 4.860045e-03
2.508415e+00 4.912675e-03
2.543346e+00 4.614741e-03
2.578763e+00 3.656294e-03
2.614673e+00 3.239988e-03
2.651084e+00 3.892064e-03
2.688001e+00 4.553219e-03
2.725433e+00 5.223478e-03
2.763385e+00 4.759155e-03
2.801867e+00 4.358124e-03
2.840884e+00 4.063664e-03
2.880444e+00 4.549308e-03
2.920556e+00 5.325052e-03
2.961225e+00 4.728283e-03
3.002462e+00 4.328526e-03
3.044272e+00 5.455944e-03
3.086665e+00 5.834582e-03
3.129648e+00 5.600630e-03
3.173230e+00 4.776044e-03
3.217418e+00 5.613878e-03
3.262222e+00 6.129725e-03
3.307650e+00 6.206097e-03
3.353710e+00 5.816116e-03
3.400412e+00 5.328796e-03
3.447764e+00 5.485610e-03
3.495776e+00 6.438106e-03
3.544456e+00 6.602408e-03
3.593814e+00 6.682336e-03
3.643859e+00 6.705084e-03
3.694601e+00 6.295783e-03
3.746050e+00 5.942413e-03
3.798215e+00 7.013335e-03
3.851107e+00 7.098986e-03
3.904735e+00 7.185829e-03
3.959110e+00 7.273881e-03
4.014242e+00 7.363160e-03
4.070142e+00 7.453682e-03
4.126821e+00 7.544711e-03
4.184289e+00 7.632037e-03
4.242556e+00 7.720578e-03
4.301636e+00 7.810353e-03
4.361538e+00 7.901378e-03
4.422274e+00 7.993671e-03
4.483856e+00 8.087248e-03
4.546295e+00 8.182129e-03
4.609604e+00 8.278331e-03
4.673795e+00 8.375873e-03
4.738880e+00 8.474773e-03
4.804870e+00 8.575050e-03
4.871780e+00 8.680660e-03
4.939622e+00 8.789701e-03
5.008408e+00 8.900259e-03
5.078152e+00 2.454229e-03
5.148867e+00 2.514999e-03
5.220568e+00 2.576616e-03
5.293266e+00 2.627154e-03
5.366977e+00 2.663202e-03
5.441714e+00 2.699752e-03
5.517492e+00 3.261810e-03
5.594326e+00 3.498465e-03
5.672229e+00 3.703474e-03
5.751217e+00 3.588171e-03
5.831305e+00 3.471262e-03
5.912508e+00 3.322357e-03
5.994843e+00 3.170718e-03
6.078323e+00 3.044805e-03
6.162966e+00 3.327274e-03
6.248788e+00 3.570617e-03
6.335805e+00 3.790323e-03
6.424034e+00 3.803720e-03
6.513491e+00 3.803030e-03
6.604194e+00 3.802330e-03
6.696160e+00 3.723817e-03
6.789407e+00 3.510454e-03
6.883952e+00 3.233018e-03
6.979814e+00 2.775341e-03
7.077011e+00 2.627651e-03
7.175561e+00 2.484841e-03
7.275484e+00 2.543577e-03
7.376798e+00 2.603132e-03
7.479523e+00 2.702665e-03
7.583678e+00 2.835584e-03
7.689284e+00 2.927538e-03
7.796360e+00 2.948001e-03
7.904928e+00 2.871720e-03
8.015007e+00 2.794376e-03
8.126619e+00 2.921935e-03
8.239786e+00 3.317539e-03
8.354528e+00 3.728230e-03
8.470868e+00 3.833083e-03
8.588829e+00 3.939397e-03
8.708431e+00 4.047191e-03
8.829700e+00 4.081516e-03
8.952657e+00 4.100320e-03
9.077327e+00 4.119386e-03
9.203732e+00 4.131379e-03
9.331898e+00 4.010707e-03
9.461848e+00 3.866478e-03
9.593608e+00 3.550043e-03
9.727203e+00 3.487392e-03
9.862658e+00 3.423868e-03
1.000000e+01 3.355902e-03
1.013925e+01 3.283409e-03
1.028045e+01 3.209906e-03
1.042361e+01 3.144689e-03
1.056876e+01 3.088765e-03
1.071593e+01 3.032062e-03
1.086516e+01 3.022755e-03
1.101646e+01 3.070440e-03
1.116987e+01 3.118790e-03
1.132541e+01 3.223534e-03
1.148312e+01 3.365384e-03
1.164303e+01 3.509208e-03
1.180517e+01 3.545543e-03
1.196956e+01 3.550175e-03
1.213624e+01 3.554872e-03
1.230524e+01 3.689511e-03
1.247660e+01 3.837291e-03
1.265034e+01 3.977909e-03
1.282650e+01 4.016305e-03
1.300511e+01 4.055236e-03
1.318621e+01 4.376627e-03
1.336984e+01 4.748999e-03
1.355602e+01 5.069156e-03
1.374479e+01 4.693364e-03
1.393619e+01 4.266916e-03
1.413026e+01 3.834327e-03
1.432703e+01 3.649086e-03
1.452654e+01 3.635113e-03
1.472883e+01 3.685956e-03
1.493393e+01 3.737507e-03
1.514189e+01 3.646219e-03
1.535275e+01 3.435324e-03
1.556654e+01 3.036115e-03
1.578331e+01 2.813435e-03
1.600310e+01 2.692919e-03
1.622595e+01 2.720904e-03
1.645191e+01 2.815767e-03
1.668101e+01 2.924478e-03
1.691330e+01 3.222976e-03
1.714882e+01 3.584752e-03
1.738762e+01 3.974211e-03
1.762975e+01 4.247227e-03
1.787526e+01 4.468285e-03
1.812418e+01 4.624272e-03
1.837656e+01 4.782431e-03
1.863246e+01 4.938666e-03
1.889193e+01 5.093282e-03
1.915501e+01 5.250051e-03
1.942175e+01 5.397422e-03
1.969220e+01 5.546802e-03
1.996642e+01 5.452425e-03
2.024447e+01 5.076396e-03
2.052638e+01 4.859674e-03
2.081222e+01 4.776479e-03
2.110203e+01 4.692126e-03
2.139589e+01 4.849210e-03
2.169384e+01 5.027936e-03
2.199593e+01 5.205767e-03
2.230223e+01 5.332620e-03
2.261280e+01 5.461239e-03
2.292769e+01 5.138885e-03
2.324697e+01 4.600165e-03
2.357069e+01 4.506759e-03
2.389893e+01 4.728286e-03
2.423173e+01 4.950425e-03
2.456916e+01 5.060707e-03
2.491130e+01 4.673174e-03
2.525820e+01 4.455477e-03
2.560993e+01 4.336188e-03
2.596656e+01 4.272820e-03
2.632815e+01 4.801383e-03
2.669478e+01 5.259004e-03
2.706652e+01 5.958023e-03
2.744343e+01 6.279513e-03
2.782559e+01 6.472327e-03
2.821308e+01 6.667826e-03
2.860596e+01 6.640759e-03
2.900430e+01 6.559718e-03
2.940820e+01 6.477549e-03
2.981772e+01 6.101337e-03
3.023295e+01 5.897743e-03
3.065395e+01 6.050218e-03
3.108082e+01 6.285355e-03
3.151363e+01 7.153756e-03
3.195248e+01 7.581399e-03
3.239743e+01 7.907392e-03
3.284857e+01 8.005471e-03
3.330600e+01 8.089518e-03
3.376980e+01 8.115533e-03
3.424006e+01 8.141910e-03
3.471687e+01 8.154068e-03
3.520031e+01 8.122194e-03
3.569049e+01 8.089877e-03
3.618750e+01 8.655510e-03
3.669142e+01 9.265712e-03
3.720237e+01 9.927295e-03
3.772042e+01 1.076582e-02
3.824570e+01 1.127629e-02
3.877828e+01 1.191819e-02
3.931829e+01 1.279441e-02
3.986581e+01 1.406111e-02
4.042096e+01 1.471076e-02
4.098384e+01 1.521126e-02
4.155455e+01 1.531498e-02
4.213322e+01 1.542014e-02
4.271994e+01 1.453102e-02
4.331483e+01 1.352670e-02
4.391801e+01 1.432235e-02
4.452959e+01 1.457401e-02
4.514968e+01 1.474760e-02
4.577841e+01 1.517223e-02
4.641589e+01 1.606139e-02
4.706225e+01 1.696855e-02
4.771761e+01 1.792029e-02
4.838210e+01 1.845110e-02
4.905584e+01 1.893577e-02
4.973896e+01 1.912733e-02
5.043159e+01 1.837308e-02
5.113388e+01 1.795551e-02
5.184594e+01 1.982872e-02
5.256791e+01 2.192268e-02
5.329994e+01 2.440127e-02
5.404216e+01 2.642551e-02
5.479472e+01 2.813691e-02
5.555776e+01 2.979254e-02
5.633143e+01 3.219953e-02
5.711586e+01 3.596727e-02
5.791123e+01 3.982035e-02
5.871766e+01 4.647958e-02
5.953533e+01 5.042681e-02
6.036439e+01 5.177154e-02
6.120498e+01 5.313499e-02
6.205729e+01 5.359835e-02
6.292146e+01 5.403088e-02
6.379767e+01 5.449270e-02
6.468608e+01 5.962702e-02
6.558686e+01 6.569247e-02
6.650018e+01 6.839848e-02
6.742622e+01 7.478451e-02
6.836516e+01 8.267000e-02
6.931717e+01 8.790326e-02
7.028244e+01 9.305674e-02
7.126115e+01 1.105487e-01
7.225349e+01 1.218316e-01
7.325965e+01 1.262087e-01
7.427982e+01 1.283766e-01
7.531420e+01 1.290578e-01
7.636298e+01 1.281458e-01
7.742637e+01 1.272210e-01
7.850456e+01 1.357890e-01
7.959777e+01 1.376880e-01
8.070620e+01 1.396135e-01
8.183007e+01 1.415657e-01
8.296959e+01 1.435452e-01
8.412497e+01 1.455522e-01
8.529644e+01 1.475872e-01
8.648423e+01 1.496505e-01
8.768856e+01 1.517425e-01
8.890966e+01 1.538646e-01
9.014776e+01 1.560165e-01
9.140311e+01 1.581983e-01
9.267593e+01 1.604105e-01
9.396648e+01 1.626535e-01
9.527500e+01 1.649277e-01
9.660175e+01 1.672336e-01
9.794697e+01 1.695717e-01
9.931092e+01 1.719422e-01
1.006939e+02 1.743261e-01
1.020961e+02 1.767117e-01
1.035178e+02 1.791304e-01
1.049593e+02 1.815829e-01
1.064209e+02 1.840695e-01
1.079029e+02 1.865907e-01
1.094055e+02 1.891470e-01
1.109290e+02 1.917390e-01
1.124737e+02 1.943670e-01
1.140400e+02 1.970316e-01
1.156280e+02 1.997754e-01
1.172382e+02 2.025600e-01
1.188708e+02 2.053834e-01
1.205261e+02 2.082461e-01
1.222045e+02 2.111487e-01
1.239062e+02 2.140917e-01
1.256317e+02 2.170757e-01
1.273811e+02 2.201012e-01
1.291550e+02 2.231689e-01
1.309535e+02 2.262793e-01
1.327771e+02 2.294421e-01
1.346261e+02 2.326511e-01
1.365008e+02 2.359047e-01
1.384016e+02 2.392037e-01
1.403289e+02 2.425486e-01
1.422830e+02 2.459401e-01
1.442644e+02 2.493788e-01
1.462733e+02 2.528653e-01
1.483103e+02 2.564005e-01
1.503755e+02 2.599848e-01
1.524696e+02 2.636192e-01
1.545928e+02 2.673063e-01
1.567455e+02 2.710448e-01
1.589283e+02 2.748353e-01
1.611414e+02 2.786786e-01
1.633854e+02 2.825755e-01
1.656606e+02 2.865266e-01
1.679675e+02 2.905327e-01
1.703065e+02 2.945946e-01
1.726781e+02 2.987131e-01
1.750827e+02 3.028890e-01
1.775208e+02 3.071235e-01
1.799929e+02 3.114191e-01
1.824993e+02 3.157745e-01
1.850407e+02 3.201905e-01
1.876175e+02 3.246680e-01
1.902301e+02 3.292079e-01
1.928792e+02 3.338110e-01
1.955651e+02 3.384782e-01
1.982884e+02 3.432104e-01
2.010496e+02 3.480084e-01
2.038493e+02 3.528733e-01
2.066880e+02 3.577422e-01
2.095662e+02 3.625941e-01
2.124845e+02 3.675136e-01
2.154435e+02 3.725016e-01
2.184436e+02 3.775591e-01
2.214855e+02 3.826870e-01
2.245698e+02 3.878863e-01
2.276970e+02 3.931580e-01
2.308678e+02 3.985031e-01
2.340827e+02 4.039226e-01
2.373424e+02 4.094782e-01
2.406475e+02 4.152464e-01
2.439986e+02 4.210948e-01
2.473964e+02 4.270247e-01
2.508415e+02 4.330371e-01
2.543346e+02 4.391333e-01
2.578763e+02 4.453144e-01
2.614673e+02 4.515815e-01
2.651084e+02 4.579360e-01
2.688001e+02 4.643789e-01
2.725433e+02 4.707572e-01
2.763385e+02 4.772000e-01
2.801867e+02 4.837325e-01
2.840884e+02 4.903559e-01
2.880444e+02 4.970716e-01
2.920556e+02 5.038808e-01
2.961225e+02 5.107848e-01
3.002462e+02 5.177850e-01
3.044272e+02 5.248826e-01
3.086665e+02 5.321290e-01
3.129648e+02 5.395463e-01
3.173230e+02 5.470669e-01
3.217418e+02 5.546922e-01
3.262222e+02 5.624236e-01
3.307650e+02 5.702628e-01
3.353710e+02 5.782111e-01
3.400412e+02 5.862701e-01
3.447764e+02 5.944413e-01
3.495776e+02 6.027263e-01
3.544456e+02 6.111356e-01
3.593814e+02 6.196831e-01
3.643859e+02 6.283497e-01
3.694601e+02 6.371370e-01
3.746050e+02 6.460466e-01
3.798215e+02 6.550803e-01
3.851107e+02 6.642399e-01
3.904735e+02 6.735269e-01
3.959110e+02 6.829433e-01
4.014242e+02 6.924908e-01
4.070142e+02 7.021713e-01
4.126821e+02 7.119896e-01
4.184289e+02 7.219476e-01
4.242556e+02 7.320443e-01
4.301636e+02 7.422816e-01
4.361538e+02 7.526614e-01
4.422274e+02 7.631858e-01
4.483856e+02 7.738568e-01
4.546295e+02 7.846763e-01
4.609604e+02 7.956465e-01
4.673795e+02 8.067695e-01
4.738880e+02 8.180474e-01
4.804870e+02 8.293970e-01
4.871780e+02 8.408687e-01
4.939622e+02 8.525002e-01
5.008408e+02 8.642936e-01
5.078152e+02 8.762513e-01
5.148867e+02 8.883754e-01
5.220568e+02 9.006685e-01
5.293266e+02 9.131327e-01
5.366977e+02 9.257704e-01
5.441714e+02 9.385842e-01
5.517492e+02 9.515764e-01
5.594326e+02 9.646577e-01
5.672229e+02 9.779119e-01
5.751217e+02 9.913507e-01
5.831305e+02 1.004977e+00
5.912508e+02 1.018792e+00
5.994843e+02 1.032800e+00
6.078323e+02 1.047004e+00
6.162966e+02 1.061405e+00
6.248788e+02 1.076006e+00
6.335805e+02 1.090811e+00
6.424034e+02 1.105822e+00
6.513491e+02 1.115854e+00
6.604194e+02 1.122660e+00
6.696160e+02 1.129560e+00
6.789407e+02 1.136557e+00
6.883952e+02 1.143651e+00
6.979814e+02 1.150843e+00
7.077011e+02 1.158136e+00
7.175561e+02 1.165530e+00
7.275484e+02 1.173028e+00
7.376798e+02 1.180629e+00
7.479523e+02 2.472422e+00
7.583678e+02 2.506851e+00
7.689284e+02 2.541760e+00
7.796360e+02 2.577155e+00
7.904928e+02 2.613043e+00
8.015007e+02 2.649431e+00
8.126619e+02 2.686325e+00
8.239786e+02 2.723733e+00
8.354528e+02 2.761662e+00
8.470868e+02 2.800119e+00
8.588829e+02 2.839112e+00
8.708431e+02 2.878648e+00
8.829700e+02 2.918734e+00
8.952657e+02 2.959379e+00
9.077327e+02 3.000589e+00
9.203732e+02 3.042374e+00
9.331898e+02 3.084740e+00
9.461848e+02 3.127696e+00
9.593608e+02 3.171251e+00
9.727203e+02 3.215412e+00
9.862658e+02 3.260188e+00
1.000000e+03 3.305587e+00
