0.0010665719179406344 0.0005300934038503122
0.0011849693919196759 0.0005300934038503122
0.0013165098725809897 0.0005300934038503122
0.0014626523321377906 0.0005300934038503122
0.0016250176996500329 0.0005300934038503122
0.0018054068394478288 0.0005300934038503122
0.002005820525294565 0.0005300934038503122
0.0022284816318317887 0.0005300934038503122
0.0024758597894407176 0.0005300934038503122
0.0027506987759781244 0.0005300934038503122
0.003056046949200118 0.0005300934038503122
0.0033952910574129775 0.0005300934038503122
0.003772193803359548 0.0005300934038503122
0.004190935577978464 0.0005300934038503122
0.004656160826923335 0.0005300934038503122
0.005173029564112955 0.0005300934038503122
0.005747274603671521 0.0005300934038503122
0.006385265145043039 0.0005300934038503122
0.00709407741652982 0.0005300934038503122
0.007881573160793026 0.0005300934038503122
0.008756486832831823 0.0005300934038503122
0.009728522477591532 0.0005300934038503122
0.010808461361712119 0.0005300934038503122
0.012008281553207177 0.0005300934038503122
0.013341290775383215 0.0005300934038503122
0.014822274008539348 0.0005300934038503122
0.016467657476561547 0.0005300934038503122
0.018295690837257517 0.0005300934038503122
0.02032664959718368 0.0005300934038503122
0.02258305999603463 0.0005300934038503122
0.025089948854884615 0.0005300934038503122
0.027875121159455837 0.0005300934038503122
0.03096946845720927 0.0005300934038503122
0.03440731148882307 0.0005300934038503122
0.03822678085433232 0.0005300934038503122
0.04247023993606228 0.0005300934038503122
0.04718475476917592 0.0005300934038503122
0.05242261607137261 0.0005300934038503122
0.058241919221794655 0.0005300934038503122
0.06470720862193774 0.0005300934038503122
0.07189019358545025 0.0005300934038503122
0.07987054369706388 0.0005316282498760425
0.08873677246232502 0.0005385902380032669
0.09858721904906613 0.0005480149168910421
0.10953113900953668 0.0005620556544652633
0.1216899160808623 0.0005835831943449497
0.1351984085044342 0.0006147584183200709
0.1502064447968378 0.0006546586059171189
0.16688048556256121 0.0007088351870445345
0.18540546978036515 0.0007753011556332302
0.20598686604127303 0.0008566242627283327
0.22885295148934626 0.000961648565541984
0.25425734374195996 0.001084241137220216
0.2824818138722006 0.0012260015633522847
0.31383941165338264 0.001387299020776901
0.3486779377291247 0.0015698173889648833
0.38738380122031746 0.0017763485721459527
0.4303863055553674 0.0020100517881545443
0.4781624100597086 0.002269575135736003
0.5312420201174255 0.002558904379782696
0.5902138645804513 0.0028851178010229697
0.6557320256142232 0.0032623360367770703
0.7285231934051282 0.003723700135065348
0.8093947261948305 0.004305971335918972
0.8992436050387969 0.005040853579185722
0.9661577267602617 0.0056670614911628146

