0.006377477675253519 0.00010329339382057801
0.006776236440698619 0.00010950198841969663
0.007199961775242454 0.00011635444522423742
0.00765018759095236 0.00012367171790880305
0.008128547743664762 0.00013129616754302032
0.008636844673562852 0.0001395937270349576
0.009176899709845246 0.000148199779890272
0.00975075822984253 0.00015761148150679027
0.010360471464958856 0.00016737706444643573
0.011008322860927707 0.00017785124962555815
0.011696685099735931 0.0001889808923222888
0.012428091367848474 0.00020080701000481577
0.013205248725593437 0.000213497465050787
0.014030954218889911 0.00022659375650491435
0.014908342305656186 0.0002409138635597149
0.015840549106762185 0.0002557663751117113
0.016831105215444377 0.00027200929266443785
0.017883551329848486 0.0002888629462337968
0.019001828980929208 0.00030693952082450445
0.02019004556040274 0.00032624226570214456
0.02145253820356405 0.00034655706698066553
0.02279400178535121 0.0003683512713617163
0.024219306796735746 0.0003911742589830315
0.02573378110908325 0.00041577433949259375
0.027342926033186787 0.0004416642194115002
0.029052725551778295 0.00046943950141487754
0.03086940556684676 0.0004986710608604517
0.03279972182902512 0.0005300313765336986
0.03485070320908181 0.0005630359354693376
0.037029933378663775 0.0005980956574741151
0.039345477888694254 0.00063570856524707
0.04180574385419557 0.0006750969693151818
0.04441997993109381 0.0007179702532169177
0.04719749834088619 0.0007620117489287541
0.05014883792480731 0.0008099329757027619
0.053284698562586795 0.0008606172674738323
0.0566166810958397 0.0009147395763466523
0.0601569476668025 0.000971699555689263
0.06391858870110152 0.0010322063797629922
0.06791552641206733 0.0010971195468785085
0.0721622725980814 0.0011650969037773863
0.07667479166902089 0.0012390885414222006
0.08146915775739062 0.001315096304193878
0.08656366372065462 0.0013986139316911872
0.09197701351590638 0.0014896023197633757
0.0977281486076176 0.0015805168016420562
0.10383889044865431 0.0016769800416729004
0.11033198304090529 0.0017814040231006593
0.11723122898333371 0.0018934325663444416
0.12456175053651376 0.002011334844385525
0.13235088549358992 0.0021384457177781317
0.14062668122325434 0.002270282421807181
0.14942048105876207 0.0024144609135370344
0.15876362503893907 0.002563314151288808
0.16869138366038114 0.002724515286192067
0.1792397318648855 0.002894168309230524
0.19044767303394508 0.0030743854676114975
0.20235680742819612 0.003268678239411519
0.2150101437941051 0.003471205035967338
0.2284556278939837 0.0036938005259998935
0.24274063462475082 0.0039203844259557835
0.25791961801958757 0.00416692869693536
0.27404712684163196 0.004423822823712076
0.2911837582678554 0.004702027217595971
