0.0035983449963066477 0.00010336548427392075
0.0038233376916790547 0.00010961031901373351
0.004062419858866761 0.00011653739205757293
0.004316442273961594 0.00012375803078787482
0.004586359413544979 0.00013157920060786145
0.0048731465335230695 0.00013977251457649288
0.0051778665812918555 0.0001484760185559957
0.005501640910903692 0.00015772148160199124
0.005845660995184905 0.00016754265099953227
0.006211207364129509 0.00017818275748562537
0.006599596958343309 0.00018927803142810147
0.007012280944269966 0.0002011813065155985
0.007450753301121778 0.0002135842775813463
0.007916703273724386 0.0002276117348981981
0.008411703802863825 0.0002412926580987624
0.008937696666180255 0.0002563923612250411
0.009496569301556118 0.0002722783921454898
0.010090405879264156 0.00028940137560868305
0.01072138862584842 0.0003077803461891764
0.01139176851992514 0.00032646995647658995
0.01210411511763869 0.00034700092708328805
0.012860983354204021 0.0003685010506857656
0.01366522646106316 0.00039201750712559936
0.014519702215944619 0.00041618566609800565
0.015427652847735056 0.00044248746445787205
0.016392341326960717 0.0004699039191006801
0.01741737201671144 0.000499309744094289
0.01850650981612463 0.000530710225137858
0.019663730210875634 0.0005637570553422488
0.020893336596361303 0.0005992104846791083
0.0221997803359537 0.0006361522385253657
0.02358798405265965 0.0006763553239913879
0.025062921957052068 0.0007180531122149633
0.02663016455521159 0.000763432109397209
0.028295360739962534 0.0008109703140460386
0.03006470000380073 0.0008617195207678936
0.031944696662925855 0.0009159111479027238
0.033942212934214525 0.000972944079912255
0.03606467705032312 0.0010341303725874631
0.03831977265630797 0.0010978852477871567
0.040715996854015925 0.001167268599405926
0.04326193579229237 0.0012392315412673518
0.045967231832451626 0.0013179312364276423
0.04884155493320585 0.0013995900513505178
0.05189573056296042 0.001488040323226118
0.05514079397062875 0.0015806992047959374
0.05858877265486331 0.0016791278684071174
0.06225242793296217 0.0017847244913956899
0.06614502279794938 0.0018947540294800141
0.07028122437743088 0.0020144973135103493
0.07467615971716855 0.0021430555312770736
0.07934560066114338 0.002275176433596889
0.0843070674241373 0.0024161460124131353
0.08957893127370105 0.0025680920698626882
0.09518034219558127 0.0027280047652699624
0.10113201186546893 0.002897875074912531
0.10745596801383064 0.0030801160033796455
0.11417523809548424 0.0032719119510591444
0.1213147382268647 0.0034766628933613087
0.12890037692654346 0.0036899272078972137
0.1369608964776945 0.003924262872181696
0.1455252082733808 0.004169836876904073
0.15462514625173618 0.004432068658592022
0.1642939262951759 0.004708049435816823
0.17312872540757462 0.004950236724385975
