0.002732804746463223 0.00010329890021676399
0.0029036763515698396 0.00010950782578556389
0.0030852463490519677 0.00011636064788299147
0.003278168192955957 0.0001236063167827444
0.003483155567054733 0.00013134139957663614
0.003700958853592007 0.00013951990589708389
0.003932383781292669 0.0001482508352832154
0.004178282405602687 0.00015757400110976626
0.004439552286462662 0.00016738598703475656
0.004717165017190257 0.00017791252006362383
0.005012125598374105 0.00018888095384508088
0.00532554542861411 0.00020081771468701424
0.005658554183068481 0.0002133224462805532
0.0060123896469337235 0.00022667181892366728
0.006388347079737139 0.00024078646144849337
0.00678782125262825 0.0002559289873208376
0.007212270997890856 0.0002719446081872296
0.007663262041097 0.00028896246062739194
0.008097627590032148 0.0003043712447218392
0.008699427142791809 0.0003276917927195983
0.00924344414348367 0.0003488069866903062
0.00982145237594107 0.0003707426835257453
0.010435598329985299 0.00039394315925338734
0.011088153984751983 0.00041871736975235876
0.011781494346409183 0.0004446610330153084
0.012518203827704076 0.0004724871991459301
0.013300980543245456 0.0005020546816142531
0.014132680290244688 0.0005330067108923909
0.015016394358167873 0.0005660317239995923
0.015955385607770867 0.0006014530710882018
0.016953092987611308 0.0006390910286181946
0.018013177528364666 0.0006788866302620272
0.019139560844708487 0.0007213702543147763
0.020336378118267235 0.0007665124346451144
0.02160804631772422 0.0008147166995496429
0.02295920718695565 0.000865448347743731
0.024394871044214908 0.000919606701441794
0.02592029331887254 0.000976869752119729
0.02754111706877129 0.0010380006765592592
0.029263292666657163 0.0011029570750855076
0.031093157752320452 0.001171978339661253
0.03303746561797762 0.0012456814549584715
0.03510331322424525 0.0013232488760875414
0.037298382909871954 0.0014064650595106776
0.039630737239466335 0.00149534981314065
0.042108791089265796 0.0015870770707645582
0.04474171987571971 0.0016830421344608084
0.04753965791687694 0.0017919255664405184
0.05051236372949342 0.0019040613615817238
0.05367095602584975 0.0020232144328796234
0.05702705848720315 0.0021498239100928916
0.060593092625682056 0.0022856869145125762
0.0643822700015947 0.0024329677547060284
0.06840776169052959 0.0025777033308810246
0.07268537242052453 0.0027390118238563533
0.07723042149789379 0.0029095675327599963
0.0820598187506454 0.0030934442608524203
0.08719100510396793 0.003285113587285486
0.0926432607351926 0.0034927238011886554
0.09843628555857611 0.0037102124511929685
0.10459155083353723 0.003941243916367661
0.11113177271853845 0.004187880567289068
0.11808089252408237 0.004448655980062624
0.1254646174170768 0.00472704565482179
0.1318475688373194 0.0049598273014429765
