1.000000000000000000e+00 2.545542307396829291e-06
1.452525252525252597e+01 2.700754934937077147e-07
2.805050505050505194e+01 3.230048017152303514e-07
4.157575757575757791e+01 5.257240803092502489e-07
5.510101010101010388e+01 7.893080933590563492e-07
6.862626262626262985e+01 2.010423923652841236e-06
8.215151515151515582e+01 3.016528476519859910e-06
9.567676767676768179e+01 4.843558370195923021e-06
1.092020202020202078e+02 7.391573038880689287e-06
1.227272727272727337e+02 1.431991909374736725e-05
1.362525252525252597e+02 1.653404811735208064e-05
1.497777777777777715e+02 2.804836612891908643e-05
1.633030303030303116e+02 4.500979643309638203e-05
1.768282828282828518e+02 6.552878750137511830e-05
1.903535353535353636e+02 9.069588742992553613e-05
2.038787878787878753e+02 1.289792433286137546e-04
2.174040404040404155e+02 1.311573434836036116e-04
2.309292929292929557e+02 1.683047466771355740e-04
2.444545454545454675e+02 1.892732990251044301e-04
2.579797979797979792e+02 2.765106839628378574e-04
2.715050505050505194e+02 4.138709570563689900e-04
2.850303030303030596e+02 5.277134088812085889e-04
2.985555555555555429e+02 5.703464018959579235e-04
3.120808080808080831e+02 7.574341142784546182e-04
3.256060606060606233e+02 8.108850088857086965e-04
3.391313131313131635e+02 7.939431526727989616e-04
3.526565656565657036e+02 9.322223693354284718e-04
3.661818181818181870e+02 1.065452642124970536e-03
3.797070707070707272e+02 9.387765600588576873e-04
3.932323232323232673e+02 1.209038795330595389e-03
4.067575757575757507e+02 1.148063421750976755e-03
4.202828282828282909e+02 1.146772823174184094e-03
4.338080808080808310e+02 1.238518266081102114e-03
4.473333333333333712e+02 1.516856295313723148e-03
4.608585858585859114e+02 1.200149454533935411e-03
4.743838383838383947e+02 1.064305338212825133e-03
4.879090909090909349e+02 1.015677035582704738e-03
5.014343434343434751e+02 1.277811293578901648e-03
5.149595959595959584e+02 1.271068012084181293e-03
5.284848484848484986e+02 1.182064771058409861e-03
5.420101010101010388e+02 1.199131386859755150e-03
5.555353535353535790e+02 1.362533151577841831e-03
5.690606060606061192e+02 1.216496149749317184e-03
5.825858585858586594e+02 1.184849698458825904e-03
5.961111111111110858e+02 1.175527848993668332e-03
6.096363636363636260e+02 1.230112815441737791e-03
6.231616161616161662e+02 1.365628128613821657e-03
6.366868686868687064e+02 1.047142194314172430e-03
6.502121212121212466e+02 1.165442615265799070e-03
6.637373737373737868e+02 1.157938902194928640e-03
6.772626262626263269e+02 1.145138995863617670e-03
6.907878787878788671e+02 1.315740840569226125e-03
7.043131313131314073e+02 1.111148818045733320e-03
7.178383838383838338e+02 1.052772010152043481e-03
7.313636363636363740e+02 1.056172577574406891e-03
7.448888888888889142e+02 1.111421061622817983e-03
7.584141414141414543e+02 1.252152252146289174e-03
7.719393939393939945e+02 1.305581786772243378e-03
7.854646464646465347e+02 1.390367137671269342e-03
7.989898989898990749e+02 1.230108583834054825e-03
8.125151515151515014e+02 1.089947211877392332e-03
8.260404040404040416e+02 1.168785513552714553e-03
8.395656565656565817e+02 1.058098603009016789e-03
8.530909090909091219e+02 1.177232228702846219e-03
8.666161616161616621e+02 1.267713641875892888e-03
8.801414141414142023e+02 1.146918106543959011e-03
8.936666666666667425e+02 1.302522522667021176e-03
9.071919191919192826e+02 1.306005845124023120e-03
9.207171717171718228e+02 1.203649475168843720e-03
9.342424242424242493e+02 1.258715656426697164e-03
9.477676767676767895e+02 1.223731727625959956e-03
9.612929292929293297e+02 1.127907330625917311e-03
9.748181818181818699e+02 1.365450678943100349e-03
9.883434343434344100e+02 1.201064061023478973e-03
1.001868686868686950e+03 1.160886163901958708e-03
1.015393939393939490e+03 1.215335462697758042e-03
1.028919191919191917e+03 1.234726979062933817e-03
1.042444444444444571e+03 1.268411163139487917e-03
1.055969696969696997e+03 1.144789491474568514e-03
1.069494949494949651e+03 1.272063226804090409e-03
1.083020202020202078e+03 1.132594210941967241e-03
1.096545454545454504e+03 1.393394284255104754e-03
1.110070707070707158e+03 1.133566268716834288e-03
1.123595959595959584e+03 1.089728263180146607e-03
1.137121212121212238e+03 1.189898307308766539e-03
1.150646464646464665e+03 1.175238212895295033e-03
1.164171717171717319e+03 1.295063031534593890e-03
1.177696969696969745e+03 1.150573617065986853e-03
1.191222222222222172e+03 1.104572423626697369e-03
1.204747474747474826e+03 1.290623928137952636e-03
1.218272727272727252e+03 1.163685201364422772e-03
1.231797979797979906e+03 1.206423020486649790e-03
1.245323232323232332e+03 1.157259631871598122e-03
1.258848484848484986e+03 1.083960596537176125e-03
1.272373737373737413e+03 1.151707191198444308e-03
1.285898989898990067e+03 1.276488230317701861e-03
1.299424242424242493e+03 1.176598198292168763e-03
1.312949494949494920e+03 1.078471359159289015e-03
1.326474747474747574e+03 1.332717940159697679e-03
1.340000000000000000e+03 1.127322188357503903e-03
1535.1312440263684 0.0018580970460838767
1610.8063895802115 0.0015464896958587433
1.000000000000000000e+00 8.400597878287256151e-09
2.119191919191919027e+01 4.042884797656216699e-09
4.138383838383838054e+01 2.370145703825156126e-09
6.157575757575757081e+01 1.764903244770482874e-09
8.176767676767676107e+01 1.489531866735088738e-09
1.019595959595959584e+02 1.359764189406442198e-09
1.221515151515151416e+02 1.309569524984694999e-09
1.423434343434343248e+02 1.312070565497653708e-09
1.625353535353535221e+02 1.357870661552642649e-09
1.827272727272727195e+02 1.440130086818380941e-09
2.029191919191919169e+02 1.626861057411569957e-09
2.231111111111110858e+02 1.263201307495208581e-09
2.433030303030302832e+02 1.284006465557438529e-09
2.634949494949494806e+02 1.454202023547225200e-09
2.836868686868686495e+02 1.551017017432877898e-09
3.038787878787878753e+02 1.756741546920064905e-09
3.240707070707070443e+02 2.030355160046214121e-09
3.442626262626262132e+02 2.338506151996574981e-09
3.644545454545454390e+02 2.724255360680151191e-09
3.846464646464646080e+02 3.207142609887921985e-09
4.048383838383838338e+02 3.822635448168533763e-09
4.250303030303030027e+02 4.538293805950442873e-09
4.452222222222221717e+02 5.399136524331540622e-09
4.654141414141413975e+02 6.452764083833614390e-09
4.856060606060605664e+02 7.764294982660954967e-09
5.057979797979797354e+02 9.380196560144140266e-09
5.259898989898989612e+02 1.141883764127785019e-08
5.461818181818181301e+02 1.382238980230267707e-08
5.663737373737372991e+02 1.679033079779203627e-08
5.865656565656564680e+02 2.072333065642612136e-08
6.067575757575757507e+02 2.448379576019049422e-08
6.269494949494949196e+02 3.072004200132134488e-08
6.471414141414140886e+02 3.778112819094621418e-08
6.673333333333332575e+02 4.654146379208318531e-08
6.875252525252524265e+02 5.756664201521956107e-08
7.077171717171717091e+02 7.295481315853970309e-08
7.279090909090908781e+02 8.715686893614777664e-08
7.481010101010100470e+02 1.080889446626035846e-07
7.682929292929292160e+02 1.338624503898584042e-07
7.884848484848483849e+02 1.655312016020198160e-07
8.086767676767676676e+02 2.057704665150326846e-07
8.288686868686868365e+02 2.560695775247186899e-07
8.490606060606060055e+02 3.190389436651387171e-07
8.692525252525251744e+02 3.974322944355785827e-07
8.894444444444443434e+02 4.958339413090800618e-07
9.096363636363635123e+02 6.196247580552759808e-07
9.298282828282827950e+02 7.735328865099206690e-07
9.500202020202019639e+02 9.633911182554419810e-07
9.702121212121211329e+02 1.202745771697176572e-06
9.904040404040403018e+02 1.507006032268868161e-06
1.010595959595959471e+03 1.906506076940001904e-06
1.030787878787878753e+03 2.360815872205542174e-06
1.050979797979797922e+03 2.999299243350110193e-06
1.071171717171717091e+03 3.731939405611743616e-06
1.091363636363636260e+03 4.659470402821222181e-06
1.111555555555555429e+03 5.883982806879853361e-06
1.131747474747474598e+03 7.375705033477572743e-06
1.151939393939393767e+03 9.287651170684257498e-06
1.172131313131312936e+03 1.169379098433687694e-05
1.192323232323232332e+03 1.481888766052532754e-05
1.212515151515151501e+03 1.858011308125045717e-05
1.232707070707070670e+03 2.343747237135539586e-05
1.252898989898989839e+03 2.939973484720936263e-05
1.273090909090909008e+03 3.935454431682174829e-05
1.293282828282828177e+03 4.901227772825922477e-05
1.313474747474747346e+03 6.159797565806620582e-05
1.333666666666666515e+03 7.541977129602302579e-05
1.353858585858585684e+03 9.511958443781752656e-05
1.374050505050504853e+03 1.202748430294535583e-04
1.394242424242424022e+03 1.506552068957344045e-04
1.414434343434343418e+03 1.953616866638387605e-04
1.434626262626262587e+03 2.436158590935697248e-04
1.454818181818181756e+03 3.081391353561758377e-04
1.475010101010100925e+03 3.971533686152179093e-04
1.495202020202020094e+03 5.176971666555588332e-04
1.515393939393939263e+03 6.542671127996767602e-04
1.535585858585858432e+03 8.018212017127238685e-04
1.555777777777777601e+03 9.612309595004695124e-04
1.575969696969696770e+03 1.292470269614917188e-03
1.596161616161615939e+03 1.635245538309435236e-03
