1.0000000000e-03 1.3288237470e-08
1.0831631524e-03 1.3259644705e-08
1.1732424148e-03 1.3228674075e-08
1.2708129526e-03 1.3195127829e-08
1.3764977638e-03 1.3158791772e-08
1.4909716572e-03 1.3119433894e-08
1.6149655604e-03 1.3076802891e-08
1.7492711874e-03 1.3030626560e-08
1.8947460938e-03 1.2980610058e-08
2.0523191521e-03 1.2926434027e-08
2.2229964825e-03 1.2867752547e-08
2.4078678778e-03 1.2804190930e-08
2.6081137612e-03 1.2735343328e-08
2.8250127235e-03 1.2660770142e-08
3.0599496872e-03 1.2579995216e-08
3.3144247495e-03 1.2492502791e-08
3.5900627601e-03 1.2397734221e-08
3.8886236967e-03 1.2295084398e-08
4.2120139019e-03 1.2183897892e-08
4.5622982560e-03 1.2063464766e-08
4.9417133613e-03 1.1933016041e-08
5.3526818228e-03 1.1791718790e-08
5.7978277172e-03 1.1638670813e-08
6.2799933474e-03 1.1472894884e-08
6.8022573914e-03 1.1293332506e-08
7.3679545597e-03 1.1098837155e-08
7.9806968878e-03 1.0888166957e-08
8.6443967996e-03 1.0659976761e-08
9.3632920882e-03 1.0412809550e-08
1.0141972975e-02 1.0145087134e-08
1.0985411420e-02 9.8551000775e-09
1.1898992864e-02 9.5681270864e-09
1.2888550622e-02 9.2611250150e-09
1.3960403122e-02 8.9285916835e-09
1.5121394254e-02 8.5684038318e-09
1.6378937070e-02 8.1782616230e-09
1.7741061110e-02 7.7556739582e-09
1.9216463679e-02 7.2979425709e-09
2.0814565377e-02 6.8021447986e-09
2.2545570250e-02 6.4621795030e-09
2.4420530945e-02 6.1514236593e-09
2.6451419283e-02 5.8148243799e-09
2.8651202697e-02 5.4502324434e-09
3.1033927034e-02 5.0553198921e-09
3.3614806238e-02 4.7900059943e-09
3.6410319493e-02 4.5205677502e-09
3.9438316443e-02 4.2287221723e-09
4.2718131165e-02 3.9560603633e-09
4.6270705618e-02 3.7276275678e-09
5.0118723363e-02 3.4801975808e-09
5.3161339878e-02 3.3261365694e-09
5.6388668108e-02 3.1972419347e-09
5.9811921562e-02 3.0605223412e-09
6.3442994506e-02 2.9399183644e-09
6.7294503282e-02 2.8356521955e-09
7.1379830150e-02 2.7250562173e-09
7.5713169779e-02 2.6422772217e-09
8.0309578573e-02 2.5567776459e-09
8.5185026983e-02 2.4848231972e-09
9.0356454997e-02 2.4166485643e-09
9.5841830996e-02 2.3622481762e-09
1.0166021419e-01 2.3114478032e-09
1.0783182085e-01 2.2785941427e-09
1.1437809452e-01 2.2502459794e-09
1.2132178055e-01 2.2305185485e-09
1.2868700513e-01 2.2244185131e-09
1.3649935910e-01 2.2276501753e-09
1.4478598686e-01 2.2414800870e-09
1.5357568071e-01 2.2677163090e-09
1.6289898090e-01 2.3138202589e-09
1.7278828167e-01 2.3734934939e-09
1.8327794390e-01 2.4543150593e-09
1.9440441444e-01 2.5558508251e-09
2.0620635277e-01 2.5795102725e-09
2.1872476530e-01 2.2997824365e-09
2.3200314788e-01 2.1651523739e-09
2.4608763691e-01 2.2244904867e-09
2.6102716965e-01 2.3529483497e-09
2.7687365424e-01 2.5446036632e-09
2.9368215008e-01 2.8664711640e-09
3.1151105912e-01 3.1478648300e-09
3.3042232880e-01 3.5994333738e-09
3.5048166725e-01 4.2018699270e-09
3.7175877165e-01 4.9417724425e-09
3.9432757034e-01 5.9003484071e-09
4.1826647975e-01 7.2272879149e-09
4.4365867679e-01 9.3149417205e-09
4.7059238792e-01 1.1556806239e-08
4.9916119566e-01 1.4991354564e-08
5.2946436374e-01 2.0187845096e-08
5.3486532585e-01 2.1282066283e-08
5.6160718202e-01 2.7360177584e-08
5.9570133233e-01 3.8218507266e-08
6.3186527647e-01 5.5172149012e-08
6.7022466787e-01 8.1549726040e-08
7.1091278813e-01 1.2506132615e-07
7.5407101016e-01 1.9596720255e-07
7.9984928932e-01 3.1933368729e-07
8.4840668453e-01 5.4403721260e-07
8.9991191087e-01 9.4245761328e-07
