1.0000000000e-03 1.3288237470e-08
1.0831631524e-03 9.8188283623e-09
1.1732424148e-03 6.6882076676e-09
1.2708129526e-03 5.0157411586e-09
1.3764977638e-03 4.0431552401e-09
1.4909716572e-03 3.3943033712e-09
1.6149655604e-03 2.9912876415e-09
1.7492711874e-03 2.7181114678e-09
1.8947460938e-03 2.5304065692e-09
2.0523191521e-03 2.3973787052e-09
2.2229964825e-03 2.3092748576e-09
2.4078678778e-03 2.2570022894e-09
2.6081137612e-03 2.2283334079e-09
2.8250127235e-03 2.2223442823e-09
3.0599496872e-03 2.2347451571e-09
3.3144247495e-03 2.2617863613e-09
3.5900627601e-03 2.3111563067e-09
3.8886236967e-03 2.3716413562e-09
4.2120139019e-03 2.4486086771e-09
4.5622982560e-03 2.5383598537e-09
4.9417133613e-03 2.6435983087e-09
5.3526818228e-03 2.4527264321e-09
5.7978277172e-03 2.1873498219e-09
6.2799933474e-03 2.1624704760e-09
6.8022573914e-03 2.2037440368e-09
7.3679545597e-03 2.2757893222e-09
7.9806968878e-03 2.3761968944e-09
8.6443967996e-03 2.4957362325e-09
9.3632920882e-03 2.6399600148e-09
1.0141972975e-02 2.8659330584e-09
1.0985411420e-02 2.9845265755e-09
1.1898992864e-02 3.1962784651e-09
1.2888550622e-02 3.4210117587e-09
1.3960403122e-02 3.6974389873e-09
1.5121394254e-02 4.0009016094e-09
1.6378937070e-02 4.3182274998e-09
1.7741061110e-02 4.6634098333e-09
1.9216463679e-02 5.0386322664e-09
2.0814565377e-02 5.4579491422e-09
2.2545570250e-02 5.9101115559e-09
2.4420530945e-02 6.4287867104e-09
2.6451419283e-02 7.0074799445e-09
2.8651202697e-02 7.6341915874e-09
3.1033927034e-02 8.3372278500e-09
3.3614806238e-02 9.4648265633e-09
3.6410319493e-02 9.9678797849e-09
3.9438316443e-02 1.1000622157e-08
4.2718131165e-02 1.2037925672e-08
4.6270705618e-02 1.3152866112e-08
5.0118723363e-02 1.4458770508e-08
5.3161339878e-02 1.5908666504e-08
5.6388668108e-02 1.7491935986e-08
5.9811921562e-02 1.9430719962e-08
6.3442994506e-02 2.1475112479e-08
6.7294503282e-02 2.3371855651e-08
7.1379830150e-02 2.5780715310e-08
7.5713169779e-02 2.8623178808e-08
8.0309578573e-02 3.1439079273e-08
8.5185026983e-02 3.4794012937e-08
9.0356454997e-02 3.8459057846e-08
9.5841830996e-02 4.2436778329e-08
1.0166021419e-01 4.7108015191e-08
1.0783182085e-01 5.2065366657e-08
1.1437809452e-01 5.8060926214e-08
1.2132178055e-01 6.4107457950e-08
1.2868700513e-01 7.0974594878e-08
1.3649935910e-01 7.8781699431e-08
1.4478598686e-01 8.7443647269e-08
1.5357568071e-01 9.7626331555e-08
1.6289898090e-01 1.0886704285e-07
1.7278828167e-01 1.1961683739e-07
1.8327794390e-01 1.3509654767e-07
1.9440441444e-01 1.4818403255e-07
2.0620635277e-01 1.6440454031e-07
2.1872476530e-01 1.8261556424e-07
2.3200314788e-01 2.0385385947e-07
2.4608763691e-01 2.2716403446e-07
2.6102716965e-01 2.5234627318e-07
2.7687365424e-01 2.8059834273e-07
2.9368215008e-01 3.1331531267e-07
3.1151105912e-01 3.4973625549e-07
3.3042232880e-01 3.8953479448e-07
3.5048166725e-01 4.3376560295e-07
3.7175877165e-01 4.8156501714e-07
3.9432757034e-01 5.4549226007e-07
4.1826647975e-01 6.0093962138e-07
4.4365867679e-01 6.6908825732e-07
4.7059238792e-01 7.5245308453e-07
4.9916119566e-01 8.3663189252e-07
5.2946436374e-01 9.3346273693e-07
5.3486532585e-01 1.0440185017e-06
5.6160718202e-01 1.2257130161e-06
5.9570133233e-01 1.2998496884e-06
6.3186527647e-01 1.4599586805e-06
