0.0034719754680689724  6.292363165606194e-8
0.0035861976001660845  8.82250794105708e-8
0.0038175071884205447  5.326024538783251e-8
0.0038175071884205447  1.153549295648322e-7
0.004063736234993738  1.540327713793621e-7
0.0041927438964166645  4.913532417195847e-8
0.004292180264788655  1.9755381994623814e-7
0.004533466337406023  2.605762890627403e-7
0.004604863989322931  4.694679396898579e-8
0.0047883163717508895  3.3891889177052556e-7
0.005057492869594489  4.548902552593903e-8
0.0050181319084813564  4.3315759613796087e-7
0.005258977455934235  5.458929828154473e-7
0.005554612293719441  4.42312764412075e-8
0.005511382400147856  7.075322648978674e-7
0.005775901535075794  9.497437363806864e-7
0.006100595399556739  4.285782889473039e-8
0.006100595399556739  0.0000012549226957671773
0.006304108628749287  0.0000016270763252109312
0.006545021489266636  0.0000021341353370492823
0.006700245176638904  4.1236953260060524e-8
0.006752800209997113  0.0000028051059861897794
0.006967175088869944  0.0000037653856543945533
0.007188355527993722  0.000005107825920327825
0.007358836717861143  3.9125003909392094e-8
0.007416557577171371  0.000006856402054052642
0.0076520041449382814  0.000009203573077878177
0.00794442712109717  0.000012354257631344161
0.008082163624243119  3.448713921978318e-8
0.008209449780625913  0.00001623842754252378
0.00840414754721627  0.00002032175720937832
0.008670946216869903  3.844096978767784e-9
0.008670946216869903  0.000026898797574245718
0.008807505122066593  2.834112231652591e-8
0.008946214696189404  0.000037856635564195705
0.009230221868358764  0.000054985789831695215
0.009302621400824622  5.079311774952422e-9
0.00933903384585475  2.100262789899445e-8
0.009523245152546782  0.00007697973251381207
0.009523245152546782  1.6519872781196746e-8
0.009673226930708604  6.594846347476115e-9
0.009887178004313539  0.0001082253257651609
0.009887178004313539  1.2272379986140085e-8
0.009825570774890973  8.729237098263789e-9
0.010232987872403536  0.00014527439999935287
0.010624043694116004  0.0001921570264909792
0.011030043797752928  0.0002552407564459312
0.011415826069404575  0.0003397481209786191
0.011852084305978547  0.00044562658766642005
0.012305014244435588  0.0005919224990387514
0.012616543224986801  0.0007512261805998606
0.013098687124651096  0.0009971489568286114
0.013535653673049656  0.0014417491502933277
0.013900042695035633  0.0020816634215338465
0.01434131444548135  0.003083276935270361
