0.009158385799896807  2.2728524129791246e-7
0.009597943085753098  3.3537396262657715e-7
0.009902640074032186  1.6406341274677703e-7
0.00998031388531892  3.8449704050494497e-7
0.010297149644373478  4.948658089964851e-7
0.010876006692206827  1.4160599726833278e-7
0.011133945320127049  7.165161302826784e-7
0.011577508647846608  1.3155779921937193e-7
0.012038743018493012  0.0000010403565618015014
0.012715504208141017  0.0000015163966256321737
0.013119171514985296  1.1842741415329459e-7
0.013482878808598817  0.000002395812052302383
0.013222074987682991  0.000001747671024961629
0.014163149147881596  0.000003468895909542409
0.014296564099359524  1.0293579960905878e-7
0.014750423846692248  0.000005072146600139155
0.015603987109703552  0.000007272241858001592
0.01570182553922566  8.153494697692018e-8
0.016519845701076587  0.000011783320619535853
0.01620029681682548  0.0000084610640479558
0.01671459259928764  6.572519287574925e-8
0.016845697648202446  4.407652298187883e-8
0.016977831052056143  3.1045082416840766e-8
0.01735334433289722  0.00001715099954443027
0.01711100087700551  2.498157529232358e-8
0.017380482371659196  1.861056816721086e-8
0.017462151392564046  1.1916336947748391e-8
0.017700246158893485  8.369712658841009e-9
0.01765420793575578  5.106085572979386e-9
0.01765420793575578  3.0374293460445403e-9
0.018072900411849058  0.00002579093728701042
0.018822292869358565  0.0000373426942118428
0.019746229943309185  0.00006151189563919803
0.020479490664893393  0.00008733204329743738
0.02112963404158689  0.00012751617955532606
0.02188574839974658  0.00019014715610616903
0.022936156230964466  0.00031168241048020503
0.022492494512493563  0.00022030275522694022
0.024093385855481216  0.0004657470607235906
0.02509241762263057  0.000700370448008812
0.026092070121471363  0.001015488930777691
0.02713154760383786  0.00157930305989213
0.02816838550248942  0.002361607583235845
0.02933638704926626  0.0035612555642171567
