0.013599256256634369  2.071984990863855e-7
0.013748826953160338  3.019013042471205e-7
0.014408702742549613  4.0312706835898446e-7
0.014750423846692248  1.634893985488019e-7
0.015218691858053883  5.420797967698735e-7
0.01594911390333223  1.4512313868305382e-7
0.01620029681682548  7.175213527141215e-7
0.016977831052056143  9.497437363806864e-7
0.01765420793575578  1.2882012881669688e-7
0.01779268309039808  0.0000012838400421560233
0.018646644002091126  0.0000017354631472741953
0.01954159081990036  0.000002379076762834945
0.01969487012988638  1.153549295648322e-7
0.02032010488690766  0.0000031823394215597187
0.021295369562097925  0.000004408653771194134
0.02197141388866762  9.956485463372908e-8
0.0222304274885253  0.000006237324780450138
0.023025933240258683  0.000008198335305033439
0.023572023160452434  7.722368897147831e-8
0.023756916165239388  0.00001135756343750886
0.02470336385180733  0.00001535287274224931
0.02470336385180733  5.672856200540549e-8
0.02548759860906298  0.000021046636940240634
0.025289236218134118  4.1819145151265535e-8
0.025889003308745495  3.018670122393236e-8
0.025889003308745495  2.171370916602675e-8
0.026399660750101184  0.000029568601512890053
0.026092070121471363  1.5728839001396423e-8
0.026092070121471363  1.1234939475428484e-8
0.026092070121471363  8.195541953941942e-9
0.026092070121471363  5.853986922537522e-9
0.026092070121471363  4.181439504773365e-9
0.026092070121471363  3.2488627935239665e-9
0.026092070121471363  2.3206275330285196e-9
0.02734436062064374  0.000039690902413415106
0.028102437713055137  0.000055275628002009284
0.029108070683901113  0.00007458939623468418
0.02979840639498432  0.00010047532636574464
0.030744388737549627  0.00013968219958132664
0.03172040230328102  0.0001888189351817485
0.03324282494929545  0.00026249871627968715
0.03443240434288459  0.00036878670741352713
0.035664552294826256  0.0004847329888755855
0.03651038348495491  0.0006621760840175699
0.03766944473270233  0.0009141360594878918
0.038865301621793205  0.0012797842780107734
0.04009912226929198  0.0018042926947429577
0.041050125047394144  0.0023715610491037396
0.042023682091843526  0.0032739471034794157
