0.0050971625681597256  1.1805443744269883e-7
0.005325132749063171  8.897033097741465e-8
0.005300227548780143  1.8418002587598407e-7
0.005598181271673585  2.584539791717711e-7
0.00582120625002981  8.518646701848033e-8
0.005912884543556945  3.283949512965112e-7
0.006294265337828566  4.5733999636825205e-7
0.006423435719755853  8.144926124916075e-8
0.006648099163456827  6.193052126084225e-7
0.0070218238531397515  7.886483783248749e-8
0.006967175088869944  7.804881474969903e-7
0.007301565082812284  0.0000010749515700429244
0.007724084990168845  7.551075547465869e-8
0.007592450875096382  0.0000013157274414840906
0.007894925216300207  0.0000017848123264228184
0.008209449780625913  0.0000021341353370492823
0.008470067561043708  7.2502324736923e-8
0.008569918335378957  0.0000029721085645260532
0.008876588970984046  0.0000034981982363759617
0.009122677692933316  0.00000477039408840746
0.009317169311320754  6.768896726992499e-8
0.009473769783632739  0.000006172085353167177
0.009887178004313539  0.000008677296298438593
0.010217009994713274  5.8137558648737636e-8
0.010297149644373478  0.000012267960345454352
0.010541359925400805  0.000014928373395070446
0.01096131534576266  0.00002249590484867985
0.01096131534576266  4.828176080459267e-8
0.011523361608657008  0.000037029896663875664
0.011309294047406484  0.000026898797574245718
0.011487404345294942  3.804321687860387e-8
0.011945049066169182  2.5918051250179936e-8
0.011790510101592783  3.4847712301551808e-9
0.012038743018493012  0.000060761936040257786
0.011852084305978547  0.000045186670467491975
0.012038743018493012  1.4399208173069902e-8
0.012038743018493012  5.214599510009874e-9
0.012038743018493012  1.982249166412284e-8
0.012038743018493012  1.1966560724942241e-8
0.012133171882549178  8.458181179469219e-9
0.012420925816164122  0.00008432418849285014
0.012616543224986801  0.00011006144192337264
0.013017068909375696  0.00015495177671432417
0.013325785609268188  0.00019014715610616903
0.013900042695035633  0.0002753140386759189
0.014465101479417701  0.0003814062908086635
0.014982728566536175  0.0005073299054452725
0.015458371340163752  0.0006715248238294986
0.01601154213815568  0.0008826517561925664
0.016819394627033434  0.0013051510682958452
0.017516810492010464  0.0018950340692374063
0.018072900411849058  0.0023549951583827578
