4.04080858E-04 1.54823236E-07 1.01020215E-03 1.20000000E-01
4.38269636E-04 1.71110825E-07 1.09567409E-03 1.20000000E-01
4.75351083E-04 1.92326614E-07 1.18837771E-03 1.20000000E-01
5.15569945E-04 2.13913550E-07 1.28892486E-03 1.20000000E-01
5.59191675E-04 2.36038835E-07 1.39797919E-03 1.20000000E-01
6.06504185E-04 2.62734080E-07 1.51626046E-03 1.20000000E-01
6.57819747E-04 2.90807133E-07 1.64454937E-03 1.20000000E-01
7.13477055E-04 3.22527816E-07 1.78369264E-03 1.20000000E-01
7.73843459E-04 3.56511285E-07 1.93460865E-03 1.20000000E-01
8.39317389E-04 3.92713170E-07 2.09829347E-03 1.20000000E-01
9.10330986E-04 4.31332068E-07 2.27582746E-03 1.20000000E-01
9.87352955E-04 4.72024074E-07 2.46838239E-03 1.20000000E-01
1.07089166E-03 5.14817944E-07 2.67722914E-03 1.20000000E-01
1.16149846E-03 5.59130313E-07 2.90374616E-03 1.20000000E-01
1.25977140E-03 6.05875224E-07 3.14942850E-03 1.20000000E-01
1.36635909E-03 6.54565209E-07 3.41589772E-03 1.20000000E-01
1.48196502E-03 7.07741926E-07 3.70491256E-03 1.20000000E-01
1.60735224E-03 7.65120335E-07 4.01838059E-03 1.20000000E-01
1.74334830E-03 8.27439785E-07 4.35837076E-03 1.20000000E-01
1.89085083E-03 8.95664257E-07 4.72712707E-03 1.20000000E-01
2.05083336E-03 9.70794716E-07 5.12708340E-03 1.20000000E-01
2.22435181E-03 1.05533203E-06 5.56087953E-03 1.20000000E-01
2.41255144E-03 1.14942853E-06 6.03137861E-03 1.20000000E-01
2.61667441E-03 1.25596990E-06 6.54168603E-03 1.20000000E-01
2.83806797E-03 1.37488458E-06 7.09516992E-03 1.20000000E-01
3.07819336E-03 1.50972086E-06 7.69548340E-03 1.20000000E-01
3.33863546E-03 1.65994301E-06 8.34658865E-03 1.20000000E-01
3.62111324E-03 1.82984739E-06 9.05278310E-03 1.20000000E-01
3.92749111E-03 2.01888574E-06 9.81872778E-03 1.20000000E-01
4.25979124E-03 2.23182628E-06 1.06494781E-02 1.20000000E-01
4.62020686E-03 2.46890609E-06 1.15505171E-02 1.20000000E-01
5.01111680E-03 2.73373843E-06 1.25277920E-02 1.20000000E-01
5.43510114E-03 3.02830768E-06 1.35877528E-02 1.20000000E-01
5.89495827E-03 3.35573332E-06 1.47373957E-02 1.20000000E-01
6.39372333E-03 3.71863093E-06 1.59843083E-02 1.20000000E-01
6.93468829E-03 4.12225772E-06 1.73367207E-02 1.20000000E-01
7.52142361E-03 4.56956956E-06 1.88035590E-02 1.20000000E-01
8.15780188E-03 5.07145182E-06 2.03945047E-02 1.20000000E-01
8.84802332E-03 5.63326652E-06 2.21200583E-02 1.20000000E-01
9.59664354E-03 6.25608500E-06 2.39916088E-02 1.20000000E-01
1.04086036E-02 6.94613322E-06 2.60215089E-02 1.20000000E-01
1.12892625E-02 7.71250411E-06 2.82231563E-02 1.20000000E-01
1.22444330E-02 8.55855928E-06 3.06110824E-02 1.20000000E-01
1.32804192E-02 9.49475273E-06 3.32010479E-02 1.20000000E-01
1.44040589E-02 1.05371236E-05 3.60101471E-02 1.20000000E-01
1.56227683E-02 1.16957120E-05 3.90569208E-02 1.20000000E-01
1.69445912E-02 1.29964238E-05 4.23614781E-02 1.20000000E-01
1.83782520E-02 1.44443863E-05 4.59456299E-02 1.20000000E-01
1.99332129E-02 1.60359916E-05 4.98330323E-02 1.20000000E-01
2.16197372E-02 1.78000079E-05 5.40493430E-02 1.20000000E-01
2.34489562E-02 1.97544013E-05 5.86223905E-02 1.20000000E-01
2.54329431E-02 2.19007322E-05 6.35823579E-02 1.20000000E-01
2.75847927E-02 2.42410046E-05 6.89619818E-02 1.20000000E-01
2.99187076E-02 2.68108035E-05 7.47967691E-02 1.20000000E-01
3.24500922E-02 2.95398134E-05 8.11252304E-02 1.20000000E-01
3.51956540E-02 3.23777004E-05 8.79891350E-02 1.20000000E-01
3.81735144E-02 3.52452751E-05 9.54337859E-02 1.20000000E-01
4.14033278E-02 3.80530061E-05 1.03508319E-01 1.20000000E-01
4.49064117E-02 4.05803593E-05 1.12266029E-01 1.20000000E-01
4.87058872E-02 4.25728924E-05 1.21764718E-01 1.20000000E-01
5.28268315E-02 4.41587236E-05 1.32067079E-01 1.20000000E-01
5.72964439E-02 4.48961889E-05 1.43241110E-01 1.20000000E-01
6.21442245E-02 4.47266216E-05 1.55360561E-01 1.20000000E-01
6.74021698E-02 4.35278464E-05 1.68505425E-01 1.20000000E-01
7.31049833E-02 4.14191685E-05 1.82762458E-01 1.20000000E-01
7.92903047E-02 3.83349344E-05 1.98225762E-01 1.20000000E-01
8.59989585E-02 3.29279576E-05 2.14997396E-01 1.20000000E-01
9.32752231E-02 2.77902201E-05 2.33188058E-01 1.20000000E-01
1.01167123E-01 2.34725832E-05 2.52917808E-01 1.20000000E-01
1.09726747E-01 1.95277282E-05 2.74316869E-01 1.20000000E-01
1.19010591E-01 1.59624061E-05 2.97526477E-01 1.20000000E-01
1.29079928E-01 1.28168744E-05 3.22699821E-01 1.20000000E-01
1.40001220E-01 1.01239142E-05 3.50003050E-01 1.20000000E-01
1.51846549E-01 7.88780342E-06 3.79616371E-01 1.20000000E-01
1.64694096E-01 6.04319290E-06 4.11735239E-01 1.20000000E-01
1.78628658E-01 4.52625137E-06 4.46571644E-01 1.20000000E-01
1.93742206E-01 3.27767888E-06 4.84355514E-01 1.20000000E-01
2.10134492E-01 2.25560062E-06 5.25336230E-01 1.20000000E-01
2.27913709E-01 1.42922976E-06 5.69784273E-01 1.20000000E-01
2.47197204E-01 8.05816726E-08 6.17993009E-01 1.20000000E-01
2.47197204E-01 7.58991332E-07 6.17993009E-01 1.20000000E-01
7.10548808E-01 2.88121479E-08 1.77637202E+00 1.20000000E-01
7.70667457E-01 4.47090658E-08 1.92666864E+00 1.20000000E-01
8.35872669E-01 5.91085184E-08 2.08968167E+00 1.20000000E-01
9.06594812E-01 6.58887757E-08 2.26648703E+00 1.20000000E-01
9.83300668E-01 7.06161134E-08 2.45825167E+00 1.20000000E-01
1.06649651E+00 8.98617781E-08 2.66624128E+00 1.20000000E-01
1.15673145E+00 9.97211218E-08 2.89182863E+00 1.20000000E-01
1.25460106E+00 1.13578972E-07 3.13650264E+00 1.20000000E-01
1.36075129E+00 1.24503913E-07 3.40187821E+00 1.20000000E-01
1.47588275E+00 1.37853444E-07 3.68970689E+00 1.20000000E-01
1.60075535E+00 1.50460092E-07 4.00188838E+00 1.20000000E-01
1.73619327E+00 1.66170226E-07 4.34048317E+00 1.20000000E-01
1.88309041E+00 1.83048256E-07 4.70772603E+00 1.20000000E-01
2.04241634E+00 2.01450416E-07 5.10604086E+00 1.20000000E-01
2.21522264E+00 2.22031052E-07 5.53805661E+00 1.20000000E-01
2.40264987E+00 2.44502611E-07 6.00662467E+00 1.20000000E-01
2.60593508E+00 2.68647744E-07 6.51483769E+00 1.20000000E-01
2.82641999E+00 2.95375651E-07 7.06604998E+00 1.20000000E-01
3.06555986E+00 3.24687381E-07 7.66389965E+00 1.20000000E-01
3.32493306E+00 3.55693391E-07 8.31233264E+00 1.20000000E-01
3.60625149E+00 3.90051440E-07 9.01562874E+00 1.20000000E-01
3.91137193E+00 4.27949140E-07 9.77842984E+00 1.20000000E-01
4.24230823E+00 4.68277502E-07 1.06057706E+01 1.20000000E-01
4.60124464E+00 5.12661978E-07 1.15031116E+01 1.20000000E-01
4.99055021E+00 5.61509070E-07 1.24763755E+01 1.20000000E-01
5.41279444E+00 6.13771195E-07 1.35319861E+01 1.20000000E-01
5.87076422E+00 6.70994007E-07 1.46769106E+01 1.20000000E-01
6.36748226E+00 7.34884236E-07 1.59187057E+01 1.20000000E-01
6.90622699E+00 8.03906920E-07 1.72655675E+01 1.20000000E-01
7.49055424E+00 8.79030633E-07 1.87263856E+01 1.20000000E-01
8.12432069E+00 9.61155442E-07 2.03108017E+01 1.20000000E-01
8.81170933E+00 1.05058838E-06 2.20292733E+01 1.20000000E-01
9.55725706E+00 1.14703763E-06 2.38931427E+01 1.20000000E-01
1.03658847E+01 1.25354198E-06 2.59147117E+01 1.20000000E-01
1.12429292E+01 1.36986366E-06 2.81073231E+01 1.20000000E-01
1.21941794E+01 1.49755273E-06 3.04854486E+01 1.20000000E-01
1.32259138E+01 1.63676510E-06 3.30647844E+01 1.20000000E-01
1.43449418E+01 1.78941860E-06 3.58623546E+01 1.20000000E-01
1.55586495E+01 1.95635722E-06 3.88966236E+01 1.20000000E-01
1.68750474E+01 2.14039139E-06 4.21876184E+01 1.20000000E-01
1.83028241E+01 2.34102604E-06 4.57570602E+01 1.20000000E-01
1.98514032E+01 2.56092398E-06 4.96285080E+01 1.20000000E-01
2.15310057E+01 2.80195093E-06 5.38275141E+01 1.20000000E-01
2.33527172E+01 3.06622758E-06 5.83817930E+01 1.20000000E-01
2.53285615E+01 3.35681912E-06 6.33214036E+01 1.20000000E-01
2.74715794E+01 3.67325755E-06 6.86789486E+01 1.20000000E-01
2.97959155E+01 4.02096892E-06 7.44897888E+01 1.20000000E-01
3.23169107E+01 4.40169016E-06 8.07922769E+01 1.20000000E-01
3.50512043E+01 4.81675266E-06 8.76280106E+01 1.20000000E-01
3.80168429E+01 5.27270944E-06 9.50421073E+01 1.20000000E-01
4.12334006E+01 5.77146631E-06 1.03083501E+02 1.20000000E-01
4.47221072E+01 6.31680205E-06 1.11805268E+02 1.20000000E-01
4.85059889E+01 6.91290273E-06 1.21264972E+02 1.20000000E-01
5.26100201E+01 7.55837415E-06 1.31525050E+02 1.20000000E-01
5.70612882E+01 8.26909366E-06 1.42653221E+02 1.20000000E-01
6.18891726E+01 9.04467418E-06 1.54722932E+02 1.20000000E-01
6.71255383E+01 9.89031296E-06 1.67813846E+02 1.20000000E-01
7.28049464E+01 1.08027758E-05 1.82012366E+02 1.20000000E-01
7.89648821E+01 1.18043319E-05 1.97412205E+02 1.20000000E-01
8.56460022E+01 1.28930627E-05 2.14115006E+02 1.20000000E-01
9.28924036E+01 1.40743581E-05 2.32231009E+02 1.20000000E-01
1.00751914E+02 1.53443256E-05 2.51879785E+02 1.20000000E-01
1.09276408E+02 1.67491201E-05 2.73191019E+02 1.20000000E-01
1.18522148E+02 1.82629943E-05 2.96305371E+02 1.20000000E-01
1.28550159E+02 1.99131922E-05 3.21375399E+02 1.20000000E-01
1.39426628E+02 2.17027032E-05 3.48566570E+02 1.20000000E-01
1.51223341E+02 2.36238133E-05 3.78058353E+02 1.20000000E-01
1.64018159E+02 2.57216906E-05 4.10045398E+02 1.20000000E-01
1.77895531E+02 2.79733883E-05 4.44738828E+02 1.20000000E-01
1.92947050E+02 3.04353176E-05 4.82367626E+02 1.20000000E-01
2.09272059E+02 3.30797315E-05 5.23180149E+02 1.20000000E-01
2.26978307E+02 3.59717814E-05 5.67445768E+02 1.20000000E-01
2.46182659E+02 3.90922298E-05 6.15456647E+02 1.20000000E-01
2.67011866E+02 4.25213977E-05 6.67529666E+02 1.20000000E-01
2.89603407E+02 4.62876011E-05 7.24008518E+02 1.20000000E-01
3.14106390E+02 5.03986857E-05 7.85265976E+02 1.20000000E-01
3.40682540E+02 5.49065812E-05 8.51706350E+02 1.20000000E-01
3.69507265E+02 5.98076192E-05 9.23768162E+02 1.20000000E-01
4.00770814E+02 6.51699543E-05 1.00192703E+03 1.20000000E-01
4.34679532E+02 7.09897788E-05 1.08669883E+03 1.20000000E-01
4.71457225E+02 7.74011505E-05 1.17864306E+03 1.20000000E-01
5.11346633E+02 8.43374042E-05 1.27836658E+03 1.20000000E-01
5.54611034E+02 9.19591793E-05 1.38652758E+03 1.20000000E-01
6.01535981E+02 1.00243634E-04 1.50383995E+03 1.20000000E-01
6.52431190E+02 1.09334454E-04 1.63107798E+03 1.20000000E-01
7.07632579E+02 1.19188387E-04 1.76908145E+03 1.20000000E-01
7.67504489E+02 1.29916540E-04 1.91876122E+03 1.20000000E-01
8.32442086E+02 1.41820441E-04 2.08110522E+03 1.20000000E-01
9.02873973E+02 1.54787553E-04 2.25718493E+03 1.20000000E-01
9.79265013E+02 1.69037876E-04 2.44816253E+03 1.20000000E-01
1.06211940E+03 1.84505326E-04 2.65529851E+03 1.20000000E-01
1.15198400E+03 2.01465536E-04 2.87996001E+03 1.20000000E-01
1.24945193E+03 2.19850082E-04 3.12362983E+03 1.20000000E-01
1.35516650E+03 2.39970430E-04 3.38791625E+03 1.20000000E-01
1.46982545E+03 2.61962144E-04 3.67456362E+03 1.20000000E-01
1.59418555E+03 2.85931482E-04 3.98546386E+03 1.20000000E-01
1.72906760E+03 3.12071547E-04 4.32266899E+03 1.20000000E-01
1.87536185E+03 3.40613643E-04 4.68840462E+03 1.20000000E-01
2.03403387E+03 3.71672348E-04 5.08508469E+03 1.20000000E-01
2.20613094E+03 4.05407613E-04 5.51532736E+03 1.20000000E-01
2.39278893E+03 4.42462980E-04 5.98197233E+03 1.20000000E-01
2.59523982E+03 4.82637507E-04 6.48809954E+03 1.20000000E-01
2.81481982E+03 5.26726517E-04 7.03704955E+03 1.20000000E-01
3.05297821E+03 5.74418423E-04 7.63244553E+03 1.20000000E-01
3.31128689E+03 6.26536245E-04 8.27821723E+03 1.20000000E-01
3.59145074E+03 6.84386825E-04 8.97862686E+03 1.20000000E-01
3.89531891E+03 7.47084500E-04 9.73829728E+03 1.20000000E-01
4.22489699E+03 8.15911916E-04 1.05622425E+04 1.20000000E-01
