4.04080858E-04 1.54822875E-07 1.01020215E-03 1.20000000E-01
4.38269636E-04 1.71110752E-07 1.09567409E-03 1.20000000E-01
4.75351083E-04 1.92326558E-07 1.18837771E-03 1.20000000E-01
5.15569945E-04 2.13913497E-07 1.28892486E-03 1.20000000E-01
5.59191675E-04 2.36038786E-07 1.39797919E-03 1.20000000E-01
6.06504185E-04 2.62733021E-07 1.51626046E-03 1.20000000E-01
6.57819747E-04 2.90807049E-07 1.64454937E-03 1.20000000E-01
7.13477055E-04 3.22527757E-07 1.78369264E-03 1.20000000E-01
7.73843459E-04 3.56511251E-07 1.93460865E-03 1.20000000E-01
8.39317389E-04 3.92713099E-07 2.09829347E-03 1.20000000E-01
9.10330986E-04 4.31331996E-07 2.27582746E-03 1.20000000E-01
9.87352955E-04 4.72024053E-07 2.46838239E-03 1.20000000E-01
1.07089166E-03 5.14817836E-07 2.67722914E-03 1.20000000E-01
1.16149846E-03 5.59130107E-07 2.90374616E-03 1.20000000E-01
1.25977140E-03 6.05875029E-07 3.14942850E-03 1.20000000E-01
1.36635909E-03 6.54565091E-07 3.41589772E-03 1.20000000E-01
1.48196502E-03 7.07741698E-07 3.70491256E-03 1.20000000E-01
1.60735224E-03 7.65119507E-07 4.01838059E-03 1.20000000E-01
1.74334830E-03 8.27439559E-07 4.35837076E-03 1.20000000E-01
1.89085083E-03 8.95663921E-07 4.72712707E-03 1.20000000E-01
2.05083336E-03 9.70794349E-07 5.12708340E-03 1.20000000E-01
2.22435181E-03 1.05533177E-06 5.56087953E-03 1.20000000E-01
2.41255144E-03 1.14942808E-06 6.03137861E-03 1.20000000E-01
2.61667441E-03 1.25596951E-06 6.54168603E-03 1.20000000E-01
2.83806797E-03 1.37488413E-06 7.09516992E-03 1.20000000E-01
3.07819336E-03 1.50972020E-06 7.69548340E-03 1.20000000E-01
3.33863546E-03 1.65994216E-06 8.34658865E-03 1.20000000E-01
3.62111324E-03 1.82984677E-06 9.05278310E-03 1.20000000E-01
3.92749111E-03 2.01888521E-06 9.81872778E-03 1.20000000E-01
4.25979124E-03 2.23182577E-06 1.06494781E-02 1.20000000E-01
4.62020686E-03 2.46890571E-06 1.15505171E-02 1.20000000E-01
5.01111680E-03 2.73373788E-06 1.25277920E-02 1.20000000E-01
5.43510114E-03 3.02830703E-06 1.35877528E-02 1.20000000E-01
5.89495827E-03 3.35573320E-06 1.47373957E-02 1.20000000E-01
6.39372333E-03 3.71863059E-06 1.59843083E-02 1.20000000E-01
6.93468829E-03 4.12225738E-06 1.73367207E-02 1.20000000E-01
7.52142361E-03 4.56956903E-06 1.88035590E-02 1.20000000E-01
8.15780188E-03 5.07145080E-06 2.03945047E-02 1.20000000E-01
8.84802332E-03 5.63326541E-06 2.21200583E-02 1.20000000E-01
9.59664354E-03 6.25608222E-06 2.39916088E-02 1.20000000E-01
1.04086036E-02 6.94613040E-06 2.60215089E-02 1.20000000E-01
1.12892625E-02 7.71250101E-06 2.82231563E-02 1.20000000E-01
1.22444330E-02 8.55855614E-06 3.06110824E-02 1.20000000E-01
1.32804192E-02 9.49474962E-06 3.32010479E-02 1.20000000E-01
1.44040589E-02 1.05371203E-05 3.60101471E-02 1.20000000E-01
1.56227683E-02 1.16957075E-05 3.90569208E-02 1.20000000E-01
1.69445912E-02 1.29964192E-05 4.23614781E-02 1.20000000E-01
1.83782520E-02 1.44443820E-05 4.59456299E-02 1.20000000E-01
1.99332129E-02 1.60359867E-05 4.98330323E-02 1.20000000E-01
2.16197372E-02 1.78000032E-05 5.40493430E-02 1.20000000E-01
2.34489562E-02 1.97543965E-05 5.86223905E-02 1.20000000E-01
2.54329431E-02 2.19007278E-05 6.35823579E-02 1.20000000E-01
2.75847927E-02 2.42410009E-05 6.89619818E-02 1.20000000E-01
2.99187076E-02 2.68108011E-05 7.47967691E-02 1.20000000E-01
3.24500922E-02 2.95398163E-05 8.11252304E-02 1.20000000E-01
3.51956540E-02 3.23777131E-05 8.79891350E-02 1.20000000E-01
3.81735144E-02 3.52453007E-05 9.54337859E-02 1.20000000E-01
4.14033278E-02 3.80530607E-05 1.03508319E-01 1.20000000E-01
4.49064117E-02 4.05804691E-05 1.12266029E-01 1.20000000E-01
4.87058872E-02 4.25731046E-05 1.21764718E-01 1.20000000E-01
5.28268315E-02 4.41590614E-05 1.32067079E-01 1.20000000E-01
5.72964439E-02 4.48967424E-05 1.43241110E-01 1.20000000E-01
6.21442245E-02 4.47275799E-05 1.55360561E-01 1.20000000E-01
6.74021698E-02 4.35440038E-05 1.68505425E-01 1.20000000E-01
7.31049833E-02 4.14078250E-05 1.82762458E-01 1.20000000E-01
7.92903047E-02 3.83178987E-05 1.98225762E-01 1.20000000E-01
8.59989585E-02 3.29278168E-05 2.14997396E-01 1.20000000E-01
9.32752231E-02 2.77953628E-05 2.33188058E-01 1.20000000E-01
1.01167123E-01 2.34964186E-05 2.52917808E-01 1.20000000E-01
1.09726747E-01 1.95561500E-05 2.74316869E-01 1.20000000E-01
1.19010591E-01 1.60187608E-05 2.97526477E-01 1.20000000E-01
1.29079928E-01 1.29129440E-05 3.22699821E-01 1.20000000E-01
1.40001220E-01 1.03104775E-05 3.50003050E-01 1.20000000E-01
1.51846549E-01 8.15485372E-06 3.79616371E-01 1.20000000E-01
1.64694096E-01 6.51626833E-06 4.11735239E-01 1.20000000E-01
1.78628658E-01 5.34344570E-06 4.46571644E-01 1.20000000E-01
1.93742206E-01 4.56000475E-06 4.84355514E-01 1.20000000E-01
2.10134492E-01 4.12470031E-06 5.25336230E-01 1.20000000E-01
2.27913709E-01 3.93038469E-06 5.69784273E-01 1.20000000E-01
2.47197204E-01 3.89526944E-06 6.17993009E-01 1.20000000E-01
2.68112251E-01 3.97566036E-06 6.70280627E-01 1.20000000E-01
2.90796894E-01 4.12947294E-06 7.26992234E-01 1.20000000E-01
3.15400856E-01 4.35320608E-06 7.88502140E-01 1.20000000E-01
3.42086529E-01 4.61643320E-06 8.55216323E-01 1.20000000E-01
3.71030044E-01 4.93841217E-06 9.27575109E-01 1.20000000E-01
4.02422433E-01 5.30265794E-06 1.00605608E+00 1.20000000E-01
4.36470893E-01 5.70697674E-06 1.09117723E+00 1.20000000E-01
4.73400150E-01 6.14939861E-06 1.18350038E+00 1.20000000E-01
5.13453947E-01 6.64011972E-06 1.28363487E+00 1.20000000E-01
5.56896644E-01 7.19294749E-06 1.39224161E+00 1.20000000E-01
6.04014975E-01 7.79410431E-06 1.51003744E+00 1.20000000E-01
6.55119928E-01 8.45015286E-06 1.63779982E+00 1.20000000E-01
7.10548808E-01 9.16164235E-06 1.77637202E+00 1.20000000E-01
7.70667457E-01 9.93036484E-06 1.92666864E+00 1.20000000E-01
8.35872669E-01 1.07565574E-05 2.08968167E+00 1.20000000E-01
9.06594812E-01 1.16379214E-05 2.26648703E+00 1.20000000E-01
9.83300668E-01 1.25992640E-05 2.45825167E+00 1.20000000E-01
1.06649651E+00 1.36182849E-05 2.66624128E+00 1.20000000E-01
1.15673145E+00 1.46460821E-05 2.89182863E+00 1.20000000E-01
1.25460106E+00 1.55632499E-05 3.13650264E+00 1.20000000E-01
1.36075129E+00 1.63878675E-05 3.40187821E+00 1.20000000E-01
1.47588275E+00 1.66464210E-05 3.68970689E+00 1.20000000E-01
1.60075535E+00 1.69091370E-05 4.00188838E+00 1.20000000E-01
1.73619327E+00 1.72001129E-05 4.34048317E+00 1.20000000E-01
1.88309041E+00 1.77362541E-05 4.70772603E+00 1.20000000E-01
2.04241634E+00 1.85312394E-05 5.10604086E+00 1.20000000E-01
2.21522264E+00 1.92139387E-05 5.53805661E+00 1.20000000E-01
2.40264987E+00 1.96753142E-05 6.00662467E+00 1.20000000E-01
2.60593508E+00 2.02693569E-05 6.51483769E+00 1.20000000E-01
2.82641999E+00 2.14539009E-05 7.06604998E+00 1.20000000E-01
3.06555986E+00 2.30561609E-05 7.66389965E+00 1.20000000E-01
3.32493306E+00 2.49254507E-05 8.31233264E+00 1.20000000E-01
3.60625149E+00 2.70184607E-05 9.01562874E+00 1.20000000E-01
3.91137193E+00 2.93249454E-05 9.77842984E+00 1.20000000E-01
4.24230823E+00 3.18764465E-05 1.06057706E+01 1.20000000E-01
4.60124464E+00 3.46839594E-05 1.15031116E+01 1.20000000E-01
4.99055021E+00 3.77476677E-05 1.24763755E+01 1.20000000E-01
5.41279444E+00 4.10888452E-05 1.35319861E+01 1.20000000E-01
5.87076422E+00 4.47296049E-05 1.46769106E+01 1.20000000E-01
6.36748226E+00 4.86834266E-05 1.59187057E+01 1.20000000E-01
6.90622699E+00 5.28707858E-05 1.72655675E+01 1.20000000E-01
7.49055424E+00 5.73126089E-05 1.87263856E+01 1.20000000E-01
8.12432069E+00 6.20812226E-05 2.03108017E+01 1.20000000E-01
8.81170933E+00 6.73157146E-05 2.20292733E+01 1.20000000E-01
9.55725706E+00 7.32094401E-05 2.38931427E+01 1.20000000E-01
1.03658847E+01 7.99303955E-05 2.59147117E+01 1.20000000E-01
1.12429292E+01 8.70737335E-05 2.81073231E+01 1.20000000E-01
1.21941794E+01 9.44852236E-05 3.04854486E+01 1.20000000E-01
1.32259138E+01 1.02453750E-04 3.30647844E+01 1.20000000E-01
1.43449418E+01 1.11085773E-04 3.58623546E+01 1.20000000E-01
1.55586495E+01 1.20742298E-04 3.88966236E+01 1.20000000E-01
1.68750474E+01 1.32015427E-04 4.21876184E+01 1.20000000E-01
1.83028241E+01 1.44422950E-04 4.57570602E+01 1.20000000E-01
1.98514032E+01 1.57393201E-04 4.96285080E+01 1.20000000E-01
2.15310057E+01 1.71160780E-04 5.38275141E+01 1.20000000E-01
2.33527172E+01 1.86487271E-04 5.83817930E+01 1.20000000E-01
2.53285615E+01 2.03283456E-04 6.33214036E+01 1.20000000E-01
2.74715794E+01 2.21845654E-04 6.86789486E+01 1.20000000E-01
2.97959155E+01 2.42068127E-04 7.44897888E+01 1.20000000E-01
3.23169107E+01 2.64253508E-04 8.07922769E+01 1.20000000E-01
3.50512043E+01 2.88407558E-04 8.76280106E+01 1.20000000E-01
3.80168429E+01 3.15137181E-04 9.50421073E+01 1.20000000E-01
4.12334006E+01 3.44692196E-04 1.03083501E+02 1.20000000E-01
4.47221072E+01 3.76829606E-04 1.11805268E+02 1.20000000E-01
4.85059889E+01 4.12220793E-04 1.21264972E+02 1.20000000E-01
5.26100201E+01 4.50882669E-04 1.31525050E+02 1.20000000E-01
5.70612882E+01 4.93468028E-04 1.42653221E+02 1.20000000E-01
6.18891726E+01 5.40088909E-04 1.54722932E+02 1.20000000E-01
6.71255383E+01 5.91626943E-04 1.67813846E+02 1.20000000E-01
7.28049464E+01 6.47953356E-04 1.82012366E+02 1.20000000E-01
7.89648821E+01 7.10038548E-04 1.97412205E+02 1.20000000E-01
8.56460022E+01 7.78126731E-04 2.14115006E+02 1.20000000E-01
9.28924036E+01 8.53528837E-04 2.32231009E+02 1.20000000E-01
1.00751914E+02 9.35996102E-04 2.51879785E+02 1.20000000E-01
1.09276408E+02 1.02696724E-03 2.73191019E+02 1.20000000E-01
1.18522148E+02 1.12685488E-03 2.96305371E+02 1.20000000E-01
1.28550159E+02 1.23750422E-03 3.21375399E+02 1.20000000E-01
1.39426628E+02 1.35852884E-03 3.48566570E+02 1.20000000E-01
1.51223341E+02 1.49196955E-03 3.78058353E+02 1.20000000E-01
1.64018159E+02 1.63801498E-03 4.10045398E+02 1.20000000E-01
1.77895531E+02 1.79935496E-03 4.44738828E+02 1.20000000E-01
1.92947050E+02 1.97552998E-03 4.82367626E+02 1.20000000E-01
2.09272059E+02 2.16870962E-03 5.23180149E+02 1.20000000E-01
2.26978307E+02 2.38105416E-03 5.67445768E+02 1.20000000E-01
2.46182659E+02 2.61445951E-03 6.15456647E+02 1.20000000E-01
2.67011866E+02 2.86893997E-03 6.67529666E+02 1.20000000E-01
2.89603407E+02 3.14801093E-03 7.24008518E+02 1.20000000E-01
3.14106390E+02 3.45432324E-03 7.85265976E+02 1.20000000E-01
3.40682540E+02 3.79096230E-03 8.51706350E+02 1.20000000E-01
3.69507265E+02 4.16261098E-03 9.23768162E+02 1.20000000E-01
4.00770814E+02 4.57103781E-03 1.00192703E+03 1.20000000E-01
4.34679532E+02 5.02173833E-03 1.08669883E+03 1.20000000E-01
4.71457225E+02 5.52227445E-03 1.17864306E+03 1.20000000E-01
5.11346633E+02 6.07301439E-03 1.27836658E+03 1.20000000E-01
5.54611034E+02 6.68226150E-03 1.38652758E+03 1.20000000E-01
6.01535981E+02 7.35641811E-03 1.50383995E+03 1.20000000E-01
6.52431190E+02 8.10241299E-03 1.63107798E+03 1.20000000E-01
7.07632579E+02 8.92752721E-03 1.76908145E+03 1.20000000E-01
7.67504489E+02 9.83978016E-03 1.91876122E+03 1.20000000E-01
8.32442086E+02 1.08475014E-02 2.08110522E+03 1.20000000E-01
9.02873973E+02 1.19657482E-02 2.25718493E+03 1.20000000E-01
9.79265013E+02 1.31924220E-02 2.44816253E+03 1.20000000E-01
1.06211940E+03 1.45422830E-02 2.65529851E+03 1.20000000E-01
1.15198400E+03 1.60259183E-02 2.87996001E+03 1.20000000E-01
1.24945193E+03 1.76505993E-02 3.12362983E+03 1.20000000E-01
1.35516650E+03 1.94269630E-02 3.38791625E+03 1.20000000E-01
1.46982545E+03 2.13733475E-02 3.67456362E+03 1.20000000E-01
1.59418555E+03 2.34853516E-02 3.98546386E+03 1.20000000E-01
1.72906760E+03 2.57831118E-02 4.32266899E+03 1.20000000E-01
1.87536185E+03 2.82335932E-02 4.68840462E+03 1.20000000E-01
2.03403387E+03 3.08811112E-02 5.08508469E+03 1.20000000E-01
2.20613094E+03 3.37043124E-02 5.51532736E+03 1.20000000E-01
2.39278893E+03 3.67024274E-02 5.98197233E+03 1.20000000E-01
2.59523982E+03 3.98996595E-02 6.48809954E+03 1.20000000E-01
2.81481982E+03 4.32313702E-02 7.03704955E+03 1.20000000E-01
3.05297821E+03 4.67050814E-02 7.63244553E+03 1.20000000E-01
3.31128689E+03 5.02807832E-02 8.27821723E+03 1.20000000E-01
3.59145074E+03 5.39299478E-02 8.97862686E+03 1.20000000E-01
3.89531891E+03 5.79078253E-02 9.73829728E+03 1.20000000E-01
4.22489699E+03 6.19925140E-02 1.05622425E+04 1.20000000E-01
