# MZp [GeV]   gmutau   Dela
1.000000e-03 2.892767e-04 1.030000e-09
1.176812e-03 2.899827e-04 1.030000e-09
1.384886e-03 2.908081e-04 1.030000e-09
1.629751e-03 2.917726e-04 1.030000e-09
1.917910e-03 2.928989e-04 1.030000e-09
2.257020e-03 2.942134e-04 1.030000e-09
2.656088e-03 2.957467e-04 1.030000e-09
3.125716e-03 2.975340e-04 1.030000e-09
3.678380e-03 2.996164e-04 1.030000e-09
4.328761e-03 3.020410e-04 1.030000e-09
5.094138e-03 3.048627e-04 1.030000e-09
5.994843e-03 3.081449e-04 1.030000e-09
7.054802e-03 3.119611e-04 1.030000e-09
8.302176e-03 3.163967e-04 1.030000e-09
9.770100e-03 3.215507e-04 1.030000e-09
1.149757e-02 3.275385e-04 1.030000e-09
1.353048e-02 3.344947e-04 1.030000e-09
1.592283e-02 3.425764e-04 1.030000e-09
1.873817e-02 3.519679e-04 1.030000e-09
2.205131e-02 3.628853e-04 1.030000e-09
2.595024e-02 3.755834e-04 1.030000e-09
3.053856e-02 3.903626e-04 1.030000e-09
3.593814e-02 4.075785e-04 1.030000e-09
4.229243e-02 4.276525e-04 1.030000e-09
4.977024e-02 4.510853e-04 1.030000e-09
5.857021e-02 4.784727e-04 1.030000e-09
6.892612e-02 5.105244e-04 1.030000e-09
8.111308e-02 5.480864e-04 1.030000e-09
9.545485e-02 5.921676e-04 1.030000e-09
1.123324e-01 6.439711e-04 1.030000e-09
1.321941e-01 7.049305e-04 1.030000e-09
1.555676e-01 7.767523e-04 1.030000e-09
1.830738e-01 8.614658e-04 1.030000e-09
2.154435e-01 9.614800e-04 1.030000e-09
2.535364e-01 1.079650e-03 1.030000e-09
2.983647e-01 1.219353e-03 1.030000e-09
3.511192e-01 1.384580e-03 1.030000e-09
4.132012e-01 1.580036e-03 1.030000e-09
4.862602e-01 1.811262e-03 1.030000e-09
5.722368e-01 2.084778e-03 1.030000e-09
6.734151e-01 2.408249e-03 1.030000e-09
7.924829e-01 2.790679e-03 1.030000e-09
9.326033e-01 3.242645e-03 1.030000e-09
1.097499e+00 3.776570e-03 1.030000e-09
1.291550e+00 4.407043e-03 1.030000e-09
1.519911e+00 5.151204e-03 1.030000e-09
1.788650e+00 6.029192e-03 1.030000e-09
2.104904e+00 7.064677e-03 1.030000e-09
2.477076e+00 8.285488e-03 1.030000e-09
2.915053e+00 9.724348e-03 1.030000e-09
3.430469e+00 1.141974e-02 1.030000e-09
4.037017e+00 1.341695e-02 1.030000e-09
4.750810e+00 1.576924e-02 1.030000e-09
5.590810e+00 1.853928e-02 1.030000e-09
6.579332e+00 2.180082e-02 1.030000e-09
7.742637e+00 2.564065e-02 1.030000e-09
9.111628e+00 3.016089e-02 1.030000e-09
1.072267e+01 3.548174e-02 1.030000e-09
1.261857e+01 4.174464e-02 1.030000e-09
1.484968e+01 4.911605e-02 1.030000e-09
1.747528e+01 5.779185e-02 1.030000e-09
2.056512e+01 6.800257e-02 1.030000e-09
2.420128e+01 8.001953e-02 1.030000e-09
2.848036e+01 9.416200e-02 1.030000e-09
3.351603e+01 1.108057e-01 1.030000e-09
3.944206e+01 1.303928e-01 1.030000e-09
4.641589e+01 1.534438e-01 1.030000e-09
5.462277e+01 1.805708e-01 1.030000e-09
6.428073e+01 2.124948e-01 1.030000e-09
7.564633e+01 2.500636e-01 1.030000e-09
8.902151e+01 2.942754e-01 1.030000e-09
1.047616e+02 3.463046e-01 1.030000e-09
1.232847e+02 4.075335e-01 1.030000e-09
1.450829e+02 4.795887e-01 1.030000e-09
1.707353e+02 5.643843e-01 1.030000e-09
2.009233e+02 6.641729e-01 1.030000e-09
2.364489e+02 7.816055e-01 1.030000e-09
2.782559e+02 9.198017e-01 1.030000e-09
3.274549e+02 1.082433e+00 1.030000e-09
3.853529e+02 1.273819e+00 1.030000e-09
4.534879e+02 1.499045e+00 1.030000e-09
5.336699e+02 1.764094e+00 1.030000e-09
6.280291e+02 2.076006e+00 1.030000e-09
7.390722e+02 2.443068e+00 1.030000e-09
8.697490e+02 2.875031e+00 1.030000e-09
1.023531e+03 3.383371e+00 1.030000e-09
1.204504e+03 3.981591e+00 1.030000e-09
1.417474e+03 4.685583e+00 1.030000e-09
1.668101e+03 5.514050e+00 1.030000e-09
1.963041e+03 6.489000e+00 1.030000e-09
2.310130e+03 7.636333e+00 1.030000e-09
2.718588e+03 8.986528e+00 1.030000e-09
3.199267e+03 1.057545e+01 1.030000e-09
3.764936e+03 1.244532e+01 1.030000e-09
4.430621e+03 1.464580e+01 1.030000e-09
5.214008e+03 1.723535e+01 1.030000e-09
6.135907e+03 2.028277e+01 1.030000e-09
7.220809e+03 2.386901e+01 1.030000e-09
8.497534e+03 2.808933e+01 1.030000e-09
1.000000e+04 3.305586e+01 1.030000e-09
1.000000e-03 nan -2.500000e-10
1.176812e-03 nan -2.500000e-10
1.384886e-03 nan -2.500000e-10
1.629751e-03 nan -2.500000e-10
1.917910e-03 nan -2.500000e-10
2.257020e-03 nan -2.500000e-10
2.656088e-03 nan -2.500000e-10
3.125716e-03 nan -2.500000e-10
3.678380e-03 nan -2.500000e-10
4.328761e-03 nan -2.500000e-10
5.094138e-03 nan -2.500000e-10
5.994843e-03 nan -2.500000e-10
7.054802e-03 nan -2.500000e-10
8.302176e-03 nan -2.500000e-10
9.770100e-03 nan -2.500000e-10
1.149757e-02 nan -2.500000e-10
1.353048e-02 nan -2.500000e-10
1.592283e-02 nan -2.500000e-10
1.873817e-02 nan -2.500000e-10
2.205131e-02 nan -2.500000e-10
2.595024e-02 nan -2.500000e-10
3.053856e-02 nan -2.500000e-10
3.593814e-02 nan -2.500000e-10
4.229243e-02 nan -2.500000e-10
4.977024e-02 nan -2.500000e-10
5.857021e-02 nan -2.500000e-10
6.892612e-02 nan -2.500000e-10
8.111308e-02 nan -2.500000e-10
9.545485e-02 nan -2.500000e-10
1.123324e-01 nan -2.500000e-10
1.321941e-01 nan -2.500000e-10
1.555676e-01 nan -2.500000e-10
1.830738e-01 nan -2.500000e-10
2.154435e-01 nan -2.500000e-10
2.535364e-01 nan -2.500000e-10
2.983647e-01 nan -2.500000e-10
3.511192e-01 nan -2.500000e-10
4.132012e-01 nan -2.500000e-10
4.862602e-01 nan -2.500000e-10
5.722368e-01 nan -2.500000e-10
6.734151e-01 nan -2.500000e-10
7.924829e-01 nan -2.500000e-10
9.326033e-01 nan -2.500000e-10
1.097499e+00 nan -2.500000e-10
1.291550e+00 nan -2.500000e-10
1.519911e+00 nan -2.500000e-10
1.788650e+00 nan -2.500000e-10
2.104904e+00 nan -2.500000e-10
2.477076e+00 nan -2.500000e-10
2.915053e+00 nan -2.500000e-10
3.430469e+00 nan -2.500000e-10
4.037017e+00 nan -2.500000e-10
4.750810e+00 nan -2.500000e-10
5.590810e+00 nan -2.500000e-10
6.579332e+00 nan -2.500000e-10
7.742637e+00 nan -2.500000e-10
9.111628e+00 nan -2.500000e-10
1.072267e+01 nan -2.500000e-10
1.261857e+01 nan -2.500000e-10
1.484968e+01 nan -2.500000e-10
1.747528e+01 nan -2.500000e-10
2.056512e+01 nan -2.500000e-10
2.420128e+01 nan -2.500000e-10
2.848036e+01 nan -2.500000e-10
3.351603e+01 nan -2.500000e-10
3.944206e+01 nan -2.500000e-10
4.641589e+01 nan -2.500000e-10
5.462277e+01 nan -2.500000e-10
6.428073e+01 nan -2.500000e-10
7.564633e+01 nan -2.500000e-10
8.902151e+01 nan -2.500000e-10
1.047616e+02 nan -2.500000e-10
1.232847e+02 nan -2.500000e-10
1.450829e+02 nan -2.500000e-10
1.707353e+02 nan -2.500000e-10
2.009233e+02 nan -2.500000e-10
2.364489e+02 nan -2.500000e-10
2.782559e+02 nan -2.500000e-10
3.274549e+02 nan -2.500000e-10
3.853529e+02 nan -2.500000e-10
4.534879e+02 nan -2.500000e-10
5.336699e+02 nan -2.500000e-10
6.280291e+02 nan -2.500000e-10
7.390722e+02 nan -2.500000e-10
8.697490e+02 nan -2.500000e-10
1.023531e+03 nan -2.500000e-10
1.204504e+03 nan -2.500000e-10
1.417474e+03 nan -2.500000e-10
1.668101e+03 nan -2.500000e-10
1.963041e+03 nan -2.500000e-10
2.310130e+03 nan -2.500000e-10
2.718588e+03 nan -2.500000e-10
3.199267e+03 nan -2.500000e-10
3.764936e+03 nan -2.500000e-10
4.430621e+03 nan -2.500000e-10
5.214008e+03 nan -2.500000e-10
6.135907e+03 nan -2.500000e-10
7.220809e+03 nan -2.500000e-10
8.497534e+03 nan -2.500000e-10
1.000000e+04 nan -2.500000e-10
