3.03060644E-04 2.84511715E-05 1.01020215E-03 1.20000000E-01
3.28702227E-04 3.28704008E-05 1.09567409E-03 1.20000000E-01
3.56513312E-04 3.80042472E-05 1.18837771E-03 1.20000000E-01
3.86677459E-04 4.39627031E-05 1.28892486E-03 1.20000000E-01
4.19393756E-04 5.07938677E-05 1.39797919E-03 1.20000000E-01
4.54878139E-04 5.88333310E-05 1.51626046E-03 1.20000000E-01
4.93364810E-04 6.79611621E-05 1.64454937E-03 1.20000000E-01
5.35107792E-04 7.87538969E-05 1.78369264E-03 1.20000000E-01
5.80382594E-04 9.10315546E-05 1.93460865E-03 1.20000000E-01
6.29488042E-04 1.05248550E-04 2.09829347E-03 1.20000000E-01
6.82748239E-04 1.21498464E-04 2.27582746E-03 1.20000000E-01
7.40514716E-04 1.39778075E-04 2.46838239E-03 1.20000000E-01
8.03168743E-04 1.60376829E-04 2.67722914E-03 1.20000000E-01
8.71123848E-04 1.82918508E-04 2.90374616E-03 1.20000000E-01
9.44828550E-04 2.06757942E-04 3.14942850E-03 1.20000000E-01
1.02476931E-03 2.32601765E-04 3.41589772E-03 1.20000000E-01
1.11147377E-03 2.58888196E-04 3.70491256E-03 1.20000000E-01
1.20551418E-03 2.94597881E-04 4.01838059E-03 1.20000000E-01
1.30751123E-03 3.21507960E-04 4.35837076E-03 1.20000000E-01
1.41813812E-03 3.60272345E-04 4.72712707E-03 1.20000000E-01
1.53812502E-03 3.86936547E-04 5.12708340E-03 1.20000000E-01
1.66826386E-03 4.28318117E-04 5.56087953E-03 1.20000000E-01
1.80941358E-03 4.72711580E-04 6.03137861E-03 1.20000000E-01
1.96250581E-03 5.20923321E-04 6.54168603E-03 1.20000000E-01
2.12855098E-03 5.52668136E-04 7.09516992E-03 1.20000000E-01
2.30864502E-03 6.07064780E-04 7.69548340E-03 1.20000000E-01
2.50397659E-03 6.67980621E-04 8.34658865E-03 1.20000000E-01
2.71583493E-03 7.34045621E-04 9.05278310E-03 1.20000000E-01
2.94561834E-03 8.06804758E-04 9.81872778E-03 1.20000000E-01
3.19484343E-03 8.57731406E-04 1.06494781E-02 1.20000000E-01
3.46515514E-03 9.39854583E-04 1.15505171E-02 1.20000000E-01
3.75833760E-03 1.00037128E-03 1.25277920E-02 1.20000000E-01
4.07632585E-03 1.09108124E-03 1.35877528E-02 1.20000000E-01
4.42121870E-03 1.16234604E-03 1.47373957E-02 1.20000000E-01
4.79529250E-03 1.26079045E-03 1.59843083E-02 1.20000000E-01
5.20101622E-03 1.33721297E-03 1.73367207E-02 1.20000000E-01
5.64106771E-03 1.41972571E-03 1.88035590E-02 1.20000000E-01
6.11835141E-03 1.52863232E-03 2.03945047E-02 1.20000000E-01
6.63601749E-03 1.61614157E-03 2.21200583E-02 1.20000000E-01
7.19748265E-03 1.70843051E-03 2.39916088E-02 1.20000000E-01
7.80645268E-03 1.80641966E-03 2.60215089E-02 1.20000000E-01
8.46694690E-03 1.91331731E-03 2.82231563E-02 1.20000000E-01
9.18332472E-03 2.02112328E-03 3.06110824E-02 1.20000000E-01
9.96031437E-03 2.12623339E-03 3.32010479E-02 1.20000000E-01
1.08030441E-02 2.24111322E-03 3.60101471E-02 1.20000000E-01
1.17170762E-02 2.35761609E-03 3.90569208E-02 1.20000000E-01
1.27084434E-02 2.47742252E-03 4.23614781E-02 1.20000000E-01
1.37836890E-02 2.60469651E-03 4.59456299E-02 1.20000000E-01
1.49499097E-02 2.73143374E-03 4.98330323E-02 1.20000000E-01
1.62148029E-02 2.87060956E-03 5.40493430E-02 1.20000000E-01
1.75867172E-02 3.00468186E-03 5.86223905E-02 1.20000000E-01
1.90747074E-02 3.15584164E-03 6.35823579E-02 1.20000000E-01
2.06885946E-02 3.30001414E-03 6.89619818E-02 1.20000000E-01
2.24390307E-02 3.46328234E-03 7.47967691E-02 1.20000000E-01
2.43375691E-02 3.61907325E-03 8.11252304E-02 1.20000000E-01
2.63967405E-02 3.79498737E-03 8.79891350E-02 1.20000000E-01
2.86301358E-02 3.96393874E-03 9.54337859E-02 1.20000000E-01
3.10524958E-02 4.15677493E-03 1.03508319E-01 1.20000000E-01
3.36798088E-02 4.34001361E-03 1.12266029E-01 1.20000000E-01
3.65294154E-02 4.54289397E-03 1.21764718E-01 1.20000000E-01
3.96201237E-02 4.74337342E-03 1.32067079E-01 1.20000000E-01
4.29723329E-02 4.95658524E-03 1.43241110E-01 1.20000000E-01
4.66081684E-02 5.17827019E-03 1.55360561E-01 1.20000000E-01
5.05516274E-02 5.40310813E-03 1.68505425E-01 1.20000000E-01
5.48287375E-02 5.64987368E-03 1.82762458E-01 1.20000000E-01
5.94677286E-02 5.88653352E-03 1.98225762E-01 1.20000000E-01
6.44992189E-02 6.16874102E-03 2.14997396E-01 1.20000000E-01
6.99564173E-02 6.40054654E-03 2.33188058E-01 1.20000000E-01
7.58753425E-02 6.71061030E-03 2.52917808E-01 1.20000000E-01
8.22950606E-02 6.97723467E-03 2.74316869E-01 1.20000000E-01
8.92579430E-02 7.31002744E-03 2.97526477E-01 1.20000000E-01
9.68099462E-02 7.58540413E-03 3.22699821E-01 1.20000000E-01
1.05000915E-01 7.49774317E-03 3.50003050E-01 1.20000000E-01
1.13884911E-01 7.38710223E-03 3.79616371E-01 1.20000000E-01
1.23520572E-01 7.53812381E-03 4.11735239E-01 1.20000000E-01
1.33971493E-01 7.76135233E-03 4.46571644E-01 1.20000000E-01
1.45306654E-01 8.06657136E-03 4.84355514E-01 1.20000000E-01
1.57600869E-01 8.35237195E-03 5.25336230E-01 1.20000000E-01
1.70935282E-01 8.70663300E-03 5.69784273E-01 1.20000000E-01
1.85397903E-01 9.05826878E-03 6.17993009E-01 1.20000000E-01
2.01084188E-01 9.42870463E-03 6.70280627E-01 1.20000000E-01
2.18097670E-01 9.84036937E-03 7.26992234E-01 1.20000000E-01
2.36550642E-01 1.02191457E-02 7.88502140E-01 1.20000000E-01
2.56564897E-01 1.06912057E-02 8.55216323E-01 1.20000000E-01
2.78272533E-01 1.10963736E-02 9.27575109E-01 1.20000000E-01
3.01816825E-01 1.16100431E-02 1.00605608E+00 1.20000000E-01
3.27353170E-01 1.20675136E-02 1.09117723E+00 1.20000000E-01
3.55050113E-01 1.25917446E-02 1.18350038E+00 1.20000000E-01
3.85090460E-01 1.31099198E-02 1.28363487E+00 1.20000000E-01
4.17672483E-01 1.36367934E-02 1.39224161E+00 1.20000000E-01
4.53011231E-01 1.42264262E-02 1.51003744E+00 1.20000000E-01
4.91339946E-01 1.47463370E-02 1.63779982E+00 1.20000000E-01
5.32911606E-01 1.54200497E-02 1.77637202E+00 1.20000000E-01
5.78000592E-01 1.60006335E-02 1.92666864E+00 1.20000000E-01
6.26904501E-01 1.66971185E-02 2.08968167E+00 1.20000000E-01
6.79946109E-01 1.73659024E-02 2.26648703E+00 1.20000000E-01
7.37475501E-01 1.80683863E-02 2.45825167E+00 1.20000000E-01
7.99872384E-01 1.88405412E-02 2.66624128E+00 1.20000000E-01
8.67548588E-01 1.95451237E-02 2.89182863E+00 1.20000000E-01
9.40950792E-01 2.04352868E-02 3.13650264E+00 1.20000000E-01
1.02056346E+00 2.12038181E-02 3.40187821E+00 1.20000000E-01
1.10691207E+00 2.21603500E-02 3.68970689E+00 1.20000000E-01
1.20056652E+00 2.30435295E-02 4.00188838E+00 1.20000000E-01
1.30214495E+00 2.40231162E-02 4.34048317E+00 1.20000000E-01
1.41231781E+00 2.50336515E-02 4.70772603E+00 1.20000000E-01
1.53181226E+00 2.60204571E-02 5.10604086E+00 1.20000000E-01
1.66141698E+00 2.71055258E-02 5.53805661E+00 1.20000000E-01
1.80198740E+00 2.70393720E-02 6.00662467E+00 1.20000000E-01
1.95445131E+00 2.74293391E-02 6.51483769E+00 1.20000000E-01
2.11981499E+00 2.80762692E-02 7.06604998E+00 1.20000000E-01
2.29916990E+00 2.90272161E-02 7.66389965E+00 1.20000000E-01
2.49369979E+00 2.99581508E-02 8.31233264E+00 1.20000000E-01
2.70468862E+00 3.07547544E-02 9.01562874E+00 1.20000000E-01
2.93352895E+00 3.17734941E-02 9.77842984E+00 1.20000000E-01
3.18173118E+00 3.28215163E-02 1.06057706E+01 1.20000000E-01
3.45093348E+00 3.37941020E-02 1.15031116E+01 1.20000000E-01
3.74291266E+00 3.49855068E-02 1.24763755E+01 1.20000000E-01
4.05959583E+00 3.60762711E-02 1.35319861E+01 1.20000000E-01
4.40307317E+00 3.70988297E-02 1.46769106E+01 1.20000000E-01
4.77561170E+00 3.85660368E-02 1.59187057E+01 1.20000000E-01
5.17967024E+00 3.99765898E-02 1.72655675E+01 1.20000000E-01
5.61791568E+00 4.14803558E-02 1.87263856E+01 1.20000000E-01
6.09324052E+00 4.32321647E-02 2.03108017E+01 1.20000000E-01
6.60878200E+00 4.47659284E-02 2.20292733E+01 1.20000000E-01
7.16794280E+00 4.68229434E-02 2.38931427E+01 1.20000000E-01
7.77441350E+00 4.86320187E-02 2.59147117E+01 1.20000000E-01
8.43219692E+00 5.07701828E-02 2.81073231E+01 1.20000000E-01
9.14563459E+00 5.28773356E-02 3.04854486E+01 1.20000000E-01
9.91943532E+00 5.50936105E-02 3.30647844E+01 1.20000000E-01
1.07587064E+01 5.75050642E-02 3.58623546E+01 1.20000000E-01
1.16689871E+01 5.97769903E-02 3.88966236E+01 1.20000000E-01
1.26562855E+01 6.25258801E-02 4.21876184E+01 1.20000000E-01
1.37271181E+01 6.48595190E-02 4.57570602E+01 1.20000000E-01
1.48885524E+01 6.79586836E-02 4.96285080E+01 1.20000000E-01
1.61482542E+01 7.06538153E-02 5.38275141E+01 1.20000000E-01
1.75145379E+01 7.38970204E-02 5.83817930E+01 1.20000000E-01
1.89964211E+01 7.69427789E-02 6.33214036E+01 1.20000000E-01
2.06036846E+01 8.02679637E-02 6.86789486E+01 1.20000000E-01
2.23469366E+01 8.37105750E-02 7.44897888E+01 1.20000000E-01
2.42376831E+01 8.71171376E-02 8.07922769E+01 1.20000000E-01
2.62884032E+01 9.10903314E-02 8.76280106E+01 1.20000000E-01
2.85126322E+01 9.47116741E-02 9.50421073E+01 1.20000000E-01
3.09250504E+01 9.91434383E-02 1.03083501E+02 1.20000000E-01
3.35415804E+01 1.02949210E-01 1.11805268E+02 1.20000000E-01
3.63794916E+01 1.07813858E-01 1.21264972E+02 1.20000000E-01
3.94575150E+01 1.12106491E-01 1.31525050E+02 1.20000000E-01
4.27959662E+01 1.17209900E-01 1.42653221E+02 1.20000000E-01
4.64168795E+01 1.22092503E-01 1.54722932E+02 1.20000000E-01
5.03441537E+01 1.27333540E-01 1.67813846E+02 1.20000000E-01
5.46037098E+01 1.32875031E-01 1.82012366E+02 1.20000000E-01
5.92236616E+01 1.38313625E-01 1.97412205E+02 1.20000000E-01
6.42345017E+01 1.44645511E-01 2.14115006E+02 1.20000000E-01
6.96693027E+01 1.50224564E-01 2.32231009E+02 1.20000000E-01
7.55639355E+01 1.57358009E-01 2.51879785E+02 1.20000000E-01
8.19573058E+01 1.63459165E-01 2.73191019E+02 1.20000000E-01
8.88916113E+01 1.71123075E-01 2.96305371E+02 1.20000000E-01
9.64126196E+01 1.78042813E-01 3.21375399E+02 1.20000000E-01
1.04569971E+02 1.86123229E-01 3.48566570E+02 1.20000000E-01
1.13417506E+02 1.93949860E-01 3.78058353E+02 1.20000000E-01
1.23013620E+02 2.02247016E-01 4.10045398E+02 1.20000000E-01
1.33421648E+02 2.11126500E-01 4.44738828E+02 1.20000000E-01
1.44710288E+02 2.19726325E-01 4.82367626E+02 1.20000000E-01
1.56954045E+02 2.29768770E-01 5.23180149E+02 1.20000000E-01
1.70233730E+02 2.38562634E-01 5.67445768E+02 1.20000000E-01
1.84636994E+02 2.49956338E-01 6.15456647E+02 1.20000000E-01
2.00258900E+02 2.59687877E-01 6.67529666E+02 1.20000000E-01
2.17202555E+02 2.71773324E-01 7.24008518E+02 1.20000000E-01
2.35579793E+02 2.82888842E-01 7.85265976E+02 1.20000000E-01
2.55511905E+02 2.95493489E-01 8.51706350E+02 1.20000000E-01
2.77130449E+02 3.07917218E-01 9.23768162E+02 1.20000000E-01
3.00578110E+02 3.20866278E-01 1.00192703E+03 1.20000000E-01
3.26009649E+02 3.34970944E-01 1.08669883E+03 1.20000000E-01
3.53592919E+02 3.48174053E-01 1.17864306E+03 1.20000000E-01
3.83509975E+02 3.64090863E-01 1.27836658E+03 1.20000000E-01
4.15958275E+02 3.77738198E-01 1.38652758E+03 1.20000000E-01
4.51151986E+02 3.95441509E-01 1.50383995E+03 1.20000000E-01
4.89323393E+02 4.10910917E-01 1.63107798E+03 1.20000000E-01
5.30724434E+02 4.29106588E-01 1.76908145E+03 1.20000000E-01
5.75628367E+02 4.46728890E-01 1.91876122E+03 1.20000000E-01
6.24331565E+02 4.65294645E-01 2.08110522E+03 1.20000000E-01
6.77155480E+02 4.85400347E-01 2.25718493E+03 1.20000000E-01
7.34448760E+02 5.04196339E-01 2.44816253E+03 1.20000000E-01
7.96589553E+02 5.27238013E-01 2.65529851E+03 1.20000000E-01
8.63988002E+02 5.46946400E-01 2.87996001E+03 1.20000000E-01
9.37088949E+02 5.72455331E-01 3.12362983E+03 1.20000000E-01
1.01637488E+03 5.95023350E-01 3.38791625E+03 1.20000000E-01
1.10236909E+03 6.21427171E-01 3.67456362E+03 1.20000000E-01
1.19563916E+03 6.47323579E-01 3.98546386E+03 1.20000000E-01
1.29680070E+03 6.74510504E-01 4.32266899E+03 1.20000000E-01
1.40652139E+03 7.04113692E-01 4.68840462E+03 1.20000000E-01
1.52552541E+03 7.32216054E-01 5.08508469E+03 1.20000000E-01
1.65459821E+03 7.65902963E-01 5.51532736E+03 1.20000000E-01
1.79459170E+03 7.94854814E-01 5.98197233E+03 1.20000000E-01
1.94642986E+03 8.33616418E-01 6.48809954E+03 1.20000000E-01
2.11111486E+03 8.66502212E-01 7.03704955E+03 1.20000000E-01
2.28973366E+03 9.07128406E-01 7.63244553E+03 1.20000000E-01
2.48346517E+03 9.44633442E-01 8.27821723E+03 1.20000000E-01
2.69358806E+03 9.87438309E-01 8.97862686E+03 1.20000000E-01
2.92148918E+03 1.03011815E+00 9.73829728E+03 1.20000000E-01
