9.85213366E-03 8.95438339E-01 1.00000000E+01 1.20000000E-01
1.01635965E-02 8.80107392E-01 1.00000000E+01 1.20000000E-01
1.04849059E-02 8.66847638E-01 1.00000000E+01 1.20000000E-01
1.08163731E-02 8.55919270E-01 1.00000000E+01 1.20000000E-01
1.11583192E-02 8.44244637E-01 1.00000000E+01 1.20000000E-01
1.15110755E-02 8.31902176E-01 1.00000000E+01 1.20000000E-01
1.18749838E-02 8.19026399E-01 1.00000000E+01 1.20000000E-01
1.22503966E-02 8.05387395E-01 1.00000000E+01 1.20000000E-01
1.26376775E-02 7.92326259E-01 1.00000000E+01 1.20000000E-01
1.30372019E-02 7.82479884E-01 1.00000000E+01 1.20000000E-01
1.34493567E-02 7.71994924E-01 1.00000000E+01 1.20000000E-01
1.38745413E-02 7.61036874E-01 1.00000000E+01 1.20000000E-01
1.43131676E-02 7.49480847E-01 1.00000000E+01 1.20000000E-01
1.47656605E-02 7.37189553E-01 1.00000000E+01 1.20000000E-01
1.52324584E-02 7.24307961E-01 1.00000000E+01 1.20000000E-01
1.57140135E-02 7.15481051E-01 1.00000000E+01 1.20000000E-01
1.62107924E-02 7.06359020E-01 1.00000000E+01 1.20000000E-01
1.67232763E-02 6.96502320E-01 1.00000000E+01 1.20000000E-01
1.72519617E-02 6.86037687E-01 1.00000000E+01 1.20000000E-01
1.77973609E-02 6.75204161E-01 1.00000000E+01 1.20000000E-01
1.83600022E-02 6.63576296E-01 1.00000000E+01 1.20000000E-01
1.89404307E-02 6.54532250E-01 1.00000000E+01 1.20000000E-01
1.95392088E-02 6.46103154E-01 1.00000000E+01 1.20000000E-01
2.01569164E-02 6.37354156E-01 1.00000000E+01 1.20000000E-01
2.07941521E-02 6.27986842E-01 1.00000000E+01 1.20000000E-01
2.14515332E-02 6.18118325E-01 1.00000000E+01 1.20000000E-01
2.21296966E-02 6.07758398E-01 1.00000000E+01 1.20000000E-01
2.28292993E-02 5.98523120E-01 1.00000000E+01 1.20000000E-01
2.35510190E-02 5.91064933E-01 1.00000000E+01 1.20000000E-01
2.42955550E-02 5.83140331E-01 1.00000000E+01 1.20000000E-01
2.50636286E-02 5.74765768E-01 1.00000000E+01 1.20000000E-01
2.58559839E-02 5.65889065E-01 1.00000000E+01 1.20000000E-01
2.66733885E-02 5.56526963E-01 1.00000000E+01 1.20000000E-01
2.75166343E-02 5.47339389E-01 1.00000000E+01 1.20000000E-01
2.83865383E-02 5.40562731E-01 1.00000000E+01 1.20000000E-01
2.92839432E-02 5.33500590E-01 1.00000000E+01 1.20000000E-01
3.02097184E-02 5.25984727E-01 1.00000000E+01 1.20000000E-01
3.11647609E-02 5.17972162E-01 1.00000000E+01 1.20000000E-01
3.21499958E-02 5.09637085E-01 1.00000000E+01 1.20000000E-01
3.31663777E-02 5.00753898E-01 1.00000000E+01 1.20000000E-01
3.42148913E-02 4.94447392E-01 1.00000000E+01 1.20000000E-01
3.52965523E-02 4.88022767E-01 1.00000000E+01 1.20000000E-01
3.64124086E-02 4.81271046E-01 1.00000000E+01 1.20000000E-01
3.75635414E-02 4.74143780E-01 1.00000000E+01 1.20000000E-01
3.87510658E-02 4.66582769E-01 1.00000000E+01 1.20000000E-01
3.99761322E-02 4.58602763E-01 1.00000000E+01 1.20000000E-01
4.12399276E-02 4.52121866E-01 1.00000000E+01 1.20000000E-01
4.25436764E-02 4.46352625E-01 1.00000000E+01 1.20000000E-01
4.38886415E-02 4.40253409E-01 1.00000000E+01 1.20000000E-01
4.52761260E-02 4.33836229E-01 1.00000000E+01 1.20000000E-01
4.67074741E-02 4.27075941E-01 1.00000000E+01 1.20000000E-01
4.81840725E-02 4.19893002E-01 1.00000000E+01 1.20000000E-01
4.97073516E-02 4.13392944E-01 1.00000000E+01 1.20000000E-01
5.12787874E-02 4.08197849E-01 1.00000000E+01 1.20000000E-01
5.28999021E-02 4.02741904E-01 1.00000000E+01 1.20000000E-01
5.45722664E-02 3.96971800E-01 1.00000000E+01 1.20000000E-01
5.62975003E-02 3.90854168E-01 1.00000000E+01 1.20000000E-01
5.80772754E-02 3.84393225E-01 1.00000000E+01 1.20000000E-01
5.99133158E-02 3.77913987E-01 1.00000000E+01 1.20000000E-01
6.18074003E-02 3.73225354E-01 1.00000000E+01 1.20000000E-01
6.37613640E-02 3.68271895E-01 1.00000000E+01 1.20000000E-01
6.57770997E-02 3.63039385E-01 1.00000000E+01 1.20000000E-01
6.78565605E-02 3.57565841E-01 1.00000000E+01 1.20000000E-01
7.00017608E-02 3.51729247E-01 1.00000000E+01 1.20000000E-01
7.22147789E-02 3.45562549E-01 1.00000000E+01 1.20000000E-01
7.44977588E-02 3.41115826E-01 1.00000000E+01 1.20000000E-01
7.68529123E-02 3.36707872E-01 1.00000000E+01 1.20000000E-01
7.92825209E-02 3.32007720E-01 1.00000000E+01 1.20000000E-01
8.17889387E-02 3.27040807E-01 1.00000000E+01 1.20000000E-01
8.43745937E-02 3.21799184E-01 1.00000000E+01 1.20000000E-01
8.70419909E-02 3.16285014E-01 1.00000000E+01 1.20000000E-01
8.97937146E-02 3.11772263E-01 1.00000000E+01 1.20000000E-01
9.26324306E-02 3.07646745E-01 1.00000000E+01 1.20000000E-01
9.55608890E-02 3.03028645E-01 1.00000000E+01 1.20000000E-01
9.85819270E-02 2.97344588E-01 1.00000000E+01 1.20000000E-01
1.01698471E-01 2.88401518E-01 1.00000000E+01 1.20000000E-01
1.04913541E-01 2.74522384E-01 1.00000000E+01 1.20000000E-01
1.08230252E-01 2.59818556E-01 1.00000000E+01 1.20000000E-01
1.11651816E-01 2.52452217E-01 1.00000000E+01 1.20000000E-01
1.15181548E-01 2.45644479E-01 1.00000000E+01 1.20000000E-01
1.18822869E-01 2.39034540E-01 1.00000000E+01 1.20000000E-01
1.22579305E-01 2.34414818E-01 1.00000000E+01 1.20000000E-01
1.26454497E-01 2.30068239E-01 1.00000000E+01 1.20000000E-01
1.30452197E-01 2.25659496E-01 1.00000000E+01 1.20000000E-01
1.34576280E-01 2.21088685E-01 1.00000000E+01 1.20000000E-01
1.38830741E-01 2.16589696E-01 1.00000000E+01 1.20000000E-01
1.43219701E-01 2.13427101E-01 1.00000000E+01 1.20000000E-01
1.47747413E-01 2.10118255E-01 1.00000000E+01 1.20000000E-01
1.52418263E-01 2.06654925E-01 1.00000000E+01 1.20000000E-01
1.57236775E-01 2.03084145E-01 1.00000000E+01 1.20000000E-01
1.62207619E-01 1.99323527E-01 1.00000000E+01 1.20000000E-01
1.67335610E-01 1.96158385E-01 1.00000000E+01 1.20000000E-01
1.72625717E-01 1.93442741E-01 1.00000000E+01 1.20000000E-01
1.78083063E-01 1.90612061E-01 1.00000000E+01 1.20000000E-01
1.83712936E-01 1.87639821E-01 1.00000000E+01 1.20000000E-01
1.89520791E-01 1.84481832E-01 1.00000000E+01 1.20000000E-01
1.95512253E-01 1.81151376E-01 1.00000000E+01 1.20000000E-01
2.01693129E-01 1.78537648E-01 1.00000000E+01 1.20000000E-01
2.08069405E-01 1.76128170E-01 1.00000000E+01 1.20000000E-01
2.14647259E-01 1.73605735E-01 1.00000000E+01 1.20000000E-01
2.21433063E-01 1.70925569E-01 1.00000000E+01 1.20000000E-01
2.28433393E-01 1.68091709E-01 1.00000000E+01 1.20000000E-01
2.35655029E-01 1.65123549E-01 1.00000000E+01 1.20000000E-01
2.43104968E-01 1.62739884E-01 1.00000000E+01 1.20000000E-01
2.50790427E-01 1.60567093E-01 1.00000000E+01 1.20000000E-01
2.58718853E-01 1.58266321E-01 1.00000000E+01 1.20000000E-01
2.66897926E-01 1.55852890E-01 1.00000000E+01 1.20000000E-01
2.75335570E-01 1.53272295E-01 1.00000000E+01 1.20000000E-01
2.84039959E-01 1.50537077E-01 1.00000000E+01 1.20000000E-01
2.93019527E-01 1.48341303E-01 1.00000000E+01 1.20000000E-01
3.02282973E-01 1.46349215E-01 1.00000000E+01 1.20000000E-01
3.11839271E-01 1.44256286E-01 1.00000000E+01 1.20000000E-01
3.21697680E-01 1.42015462E-01 1.00000000E+01 1.20000000E-01
3.31867750E-01 1.39637178E-01 1.00000000E+01 1.20000000E-01
3.42359333E-01 1.37112412E-01 1.00000000E+01 1.20000000E-01
3.53182596E-01 1.35116727E-01 1.00000000E+01 1.20000000E-01
3.64348022E-01 1.33289827E-01 1.00000000E+01 1.20000000E-01
3.75866429E-01 1.31332249E-01 1.00000000E+01 1.20000000E-01
3.87748976E-01 1.29252641E-01 1.00000000E+01 1.20000000E-01
4.00007174E-01 1.27043038E-01 1.00000000E+01 1.20000000E-01
4.12652901E-01 1.24695242E-01 1.00000000E+01 1.20000000E-01
4.25698406E-01 1.22939160E-01 1.00000000E+01 1.20000000E-01
4.39156329E-01 1.21234238E-01 1.00000000E+01 1.20000000E-01
4.53039707E-01 1.19409145E-01 1.00000000E+01 1.20000000E-01
4.67361991E-01 1.17469212E-01 1.00000000E+01 1.20000000E-01
4.82137055E-01 1.15406689E-01 1.00000000E+01 1.20000000E-01
4.97379215E-01 1.13236760E-01 1.00000000E+01 1.20000000E-01
5.13103237E-01 1.11726424E-01 1.00000000E+01 1.20000000E-01
5.29324354E-01 1.10126371E-01 1.00000000E+01 1.20000000E-01
5.46058282E-01 1.08428695E-01 1.00000000E+01 1.20000000E-01
5.63321231E-01 1.06613998E-01 1.00000000E+01 1.20000000E-01
5.81129927E-01 1.04683048E-01 1.00000000E+01 1.20000000E-01
5.99501623E-01 1.02844302E-01 1.00000000E+01 1.20000000E-01
6.18454117E-01 1.01425057E-01 1.00000000E+01 1.20000000E-01
6.38005771E-01 9.99230701E-02 1.00000000E+01 1.20000000E-01
6.58175525E-01 9.83322282E-02 1.00000000E+01 1.20000000E-01
6.78982921E-01 9.66272809E-02 1.00000000E+01 1.20000000E-01
7.00448117E-01 9.48125071E-02 1.00000000E+01 1.20000000E-01
7.22591908E-01 9.33177517E-02 1.00000000E+01 1.20000000E-01
7.45435747E-01 9.19841935E-02 1.00000000E+01 1.20000000E-01
7.69001766E-01 9.05645644E-02 1.00000000E+01 1.20000000E-01
7.93312795E-01 8.90738744E-02 1.00000000E+01 1.20000000E-01
8.18392387E-01 8.74648754E-02 1.00000000E+01 1.20000000E-01
8.44264838E-01 8.57659321E-02 1.00000000E+01 1.20000000E-01
8.70955215E-01 8.45771252E-02 1.00000000E+01 1.20000000E-01
8.98489375E-01 8.33128331E-02 1.00000000E+01 1.20000000E-01
9.26893993E-01 8.19635711E-02 1.00000000E+01 1.20000000E-01
9.56196587E-01 8.05226676E-02 1.00000000E+01 1.20000000E-01
9.86425546E-01 7.90186215E-02 1.00000000E+01 1.20000000E-01
1.01761016E+00 7.76518535E-02 1.00000000E+01 1.20000000E-01
1.04978063E+00 7.65111544E-02 1.00000000E+01 1.20000000E-01
1.08296813E+00 7.52946840E-02 1.00000000E+01 1.20000000E-01
1.11720481E+00 7.39883874E-02 1.00000000E+01 1.20000000E-01
1.15252385E+00 7.26068431E-02 1.00000000E+01 1.20000000E-01
1.18895945E+00 7.11598409E-02 1.00000000E+01 1.20000000E-01
1.22654691E+00 7.01155954E-02 1.00000000E+01 1.20000000E-01
1.26532266E+00 6.89921643E-02 1.00000000E+01 1.20000000E-01
1.30532425E+00 6.77824463E-02 1.00000000E+01 1.20000000E-01
1.34659044E+00 6.64779654E-02 1.00000000E+01 1.20000000E-01
1.38916122E+00 6.50905857E-02 1.00000000E+01 1.20000000E-01
1.43307781E+00 6.40524546E-02 1.00000000E+01 1.20000000E-01
1.47838277E+00 6.29850252E-02 1.00000000E+01 1.20000000E-01
1.52512000E+00 6.18246300E-02 1.00000000E+01 1.20000000E-01
1.57333476E+00 6.05545563E-02 1.00000000E+01 1.20000000E-01
1.62307377E+00 5.91482438E-02 1.00000000E+01 1.20000000E-01
1.67438521E+00 5.80673744E-02 1.00000000E+01 1.20000000E-01
1.72731881E+00 5.65370430E-02 1.00000000E+01 1.20000000E-01
1.78192583E+00 5.37062890E-02 1.00000000E+01 1.20000000E-01
1.83825919E+00 5.20026443E-02 1.00000000E+01 1.20000000E-01
1.89637345E+00 5.03636734E-02 1.00000000E+01 1.20000000E-01
1.95632493E+00 4.88297186E-02 1.00000000E+01 1.20000000E-01
2.01817169E+00 4.76652283E-02 1.00000000E+01 1.20000000E-01
2.08197367E+00 4.63700793E-02 1.00000000E+01 1.20000000E-01
2.14779266E+00 4.49419385E-02 1.00000000E+01 1.20000000E-01
2.21569244E+00 4.38523761E-02 1.00000000E+01 1.20000000E-01
2.28573879E+00 4.26873855E-02 1.00000000E+01 1.20000000E-01
2.35799956E+00 4.13684476E-02 1.00000000E+01 1.20000000E-01
2.43254476E+00 4.02007250E-02 1.00000000E+01 1.20000000E-01
2.50944663E+00 3.90997222E-02 1.00000000E+01 1.20000000E-01
2.58877964E+00 3.78042287E-02 1.00000000E+01 1.20000000E-01
2.67062067E+00 3.66094444E-02 1.00000000E+01 1.20000000E-01
2.75504900E+00 3.54480956E-02 1.00000000E+01 1.20000000E-01
2.84214643E+00 3.40789779E-02 1.00000000E+01 1.20000000E-01
2.93199734E+00 3.29642353E-02 1.00000000E+01 1.20000000E-01
3.02468877E+00 3.17113243E-02 1.00000000E+01 1.20000000E-01
3.12031052E+00 3.04493656E-02 1.00000000E+01 1.20000000E-01
3.21895523E+00 2.92629170E-02 1.00000000E+01 1.20000000E-01
3.32071848E+00 2.79022090E-02 1.00000000E+01 1.20000000E-01
3.42569884E+00 2.66194967E-02 1.00000000E+01 1.20000000E-01
3.53399802E+00 2.50726263E-02 1.00000000E+01 1.20000000E-01
3.64572095E+00 2.30592409E-02 1.00000000E+01 1.20000000E-01
3.76097586E+00 1.98745228E-02 1.00000000E+01 1.20000000E-01
3.87987440E+00 1.39244180E-02 1.00000000E+01 1.20000000E-01
4.00253178E+00 6.84946215E-03 1.00000000E+01 1.20000000E-01
4.12906681E+00 3.02932995E-03 1.00000000E+01 1.20000000E-01
4.25960210E+00 1.36418821E-03 1.00000000E+01 1.20000000E-01
4.39426409E+00 6.25649723E-04 1.00000000E+01 1.20000000E-01
4.53318325E+00 2.93824771E-04 1.00000000E+01 1.20000000E-01
4.67649417E+00 1.39756219E-04 1.00000000E+01 1.20000000E-01
4.82433569E+00 6.65572020E-05 1.00000000E+01 1.20000000E-01
