1.87190540E-03 3.93134183E-01 1.90000000E+00 1.20000000E-01
1.93108334E-03 3.85915872E-01 1.90000000E+00 1.20000000E-01
1.99213213E-03 3.78325027E-01 1.90000000E+00 1.20000000E-01
2.05511089E-03 3.73009012E-01 1.90000000E+00 1.20000000E-01
2.12008065E-03 3.67287218E-01 1.90000000E+00 1.20000000E-01
2.18710435E-03 3.61318639E-01 1.90000000E+00 1.20000000E-01
2.25624692E-03 3.55005035E-01 1.90000000E+00 1.20000000E-01
2.32757534E-03 3.48324127E-01 1.90000000E+00 1.20000000E-01
2.40115873E-03 3.42516869E-01 1.90000000E+00 1.20000000E-01
2.47706836E-03 3.37654647E-01 1.90000000E+00 1.20000000E-01
2.55537778E-03 3.32481237E-01 1.90000000E+00 1.20000000E-01
2.63616285E-03 3.27015824E-01 1.90000000E+00 1.20000000E-01
2.71950184E-03 3.21240807E-01 1.90000000E+00 1.20000000E-01
2.80547549E-03 3.15141919E-01 1.90000000E+00 1.20000000E-01
2.89416709E-03 3.10651225E-01 1.90000000E+00 1.20000000E-01
2.98566256E-03 3.06204662E-01 1.90000000E+00 1.20000000E-01
3.08005055E-03 3.01528055E-01 1.90000000E+00 1.20000000E-01
3.17742249E-03 2.96569037E-01 1.90000000E+00 1.20000000E-01
3.27787273E-03 2.91269158E-01 1.90000000E+00 1.20000000E-01
3.38149858E-03 2.86030226E-01 1.90000000E+00 1.20000000E-01
3.48840042E-03 2.82214437E-01 1.90000000E+00 1.20000000E-01
3.59868184E-03 2.78204259E-01 1.90000000E+00 1.20000000E-01
3.71244967E-03 2.73966662E-01 1.90000000E+00 1.20000000E-01
3.82981412E-03 2.69496221E-01 1.90000000E+00 1.20000000E-01
3.95088890E-03 2.64784344E-01 1.90000000E+00 1.20000000E-01
4.07579131E-03 2.60254818E-01 1.90000000E+00 1.20000000E-01
4.20464236E-03 2.56850522E-01 1.90000000E+00 1.20000000E-01
4.33756687E-03 2.53232090E-01 1.90000000E+00 1.20000000E-01
4.47469362E-03 2.49436699E-01 1.90000000E+00 1.20000000E-01
4.61615546E-03 2.45418754E-01 1.90000000E+00 1.20000000E-01
4.76208944E-03 2.41181772E-01 1.90000000E+00 1.20000000E-01
4.91263694E-03 2.37143460E-01 1.90000000E+00 1.20000000E-01
5.06794381E-03 2.34089141E-01 1.90000000E+00 1.20000000E-01
5.22816052E-03 2.30841617E-01 1.90000000E+00 1.20000000E-01
5.39344227E-03 2.27418163E-01 1.90000000E+00 1.20000000E-01
5.56394921E-03 2.23831820E-01 1.90000000E+00 1.20000000E-01
5.73984650E-03 2.20032389E-01 1.90000000E+00 1.20000000E-01
5.92130457E-03 2.16318469E-01 1.90000000E+00 1.20000000E-01
6.10849921E-03 2.13604563E-01 1.90000000E+00 1.20000000E-01
6.30161177E-03 2.10705913E-01 1.90000000E+00 1.20000000E-01
6.50082934E-03 2.07643014E-01 1.90000000E+00 1.20000000E-01
6.70634493E-03 2.04420231E-01 1.90000000E+00 1.20000000E-01
6.91835764E-03 2.01008306E-01 1.90000000E+00 1.20000000E-01
7.13707286E-03 1.97519092E-01 1.90000000E+00 1.20000000E-01
7.36270249E-03 1.95050618E-01 1.90000000E+00 1.20000000E-01
7.59546512E-03 1.92447733E-01 1.90000000E+00 1.20000000E-01
7.83558625E-03 1.89724633E-01 1.90000000E+00 1.20000000E-01
8.08329851E-03 1.86856644E-01 1.90000000E+00 1.20000000E-01
8.33884188E-03 1.83804506E-01 1.90000000E+00 1.20000000E-01
8.60246394E-03 1.80612248E-01 1.90000000E+00 1.20000000E-01
8.87442008E-03 1.78239484E-01 1.90000000E+00 1.20000000E-01
9.15497377E-03 1.75908046E-01 1.90000000E+00 1.20000000E-01
9.44439681E-03 1.73459977E-01 1.90000000E+00 1.20000000E-01
9.74296961E-03 1.70900602E-01 1.90000000E+00 1.20000000E-01
1.00509814E-02 1.68165716E-01 1.90000000E+00 1.20000000E-01
1.03687306E-02 1.65279765E-01 1.90000000E+00 1.20000000E-01
1.06965251E-02 1.62950283E-01 1.90000000E+00 1.20000000E-01
1.10346823E-02 1.60858086E-01 1.90000000E+00 1.20000000E-01
1.13835300E-02 1.58660848E-01 1.90000000E+00 1.20000000E-01
1.17434061E-02 1.56357354E-01 1.90000000E+00 1.20000000E-01
1.21146592E-02 1.53911098E-01 1.90000000E+00 1.20000000E-01
1.24976490E-02 1.51343487E-01 1.90000000E+00 1.20000000E-01
1.28927465E-02 1.48988597E-01 1.90000000E+00 1.20000000E-01
1.33003345E-02 1.47116663E-01 1.90000000E+00 1.20000000E-01
1.37208080E-02 1.45152304E-01 1.90000000E+00 1.20000000E-01
1.41545742E-02 1.43077447E-01 1.90000000E+00 1.20000000E-01
1.46020533E-02 1.40900685E-01 1.90000000E+00 1.20000000E-01
1.50636790E-02 1.38581315E-01 1.90000000E+00 1.20000000E-01
1.55398983E-02 1.36233494E-01 1.90000000E+00 1.20000000E-01
1.60311728E-02 1.34604751E-01 1.90000000E+00 1.20000000E-01
1.65379783E-02 1.32836163E-01 1.90000000E+00 1.20000000E-01
1.70608058E-02 1.30969291E-01 1.90000000E+00 1.20000000E-01
1.76001618E-02 1.29017906E-01 1.90000000E+00 1.20000000E-01
1.81565689E-02 1.26962996E-01 1.90000000E+00 1.20000000E-01
1.87305661E-02 1.24770854E-01 1.90000000E+00 1.20000000E-01
1.93227095E-02 1.23098587E-01 1.90000000E+00 1.20000000E-01
1.99335728E-02 1.21526255E-01 1.90000000E+00 1.20000000E-01
2.05637478E-02 1.19871435E-01 1.90000000E+00 1.20000000E-01
2.12138450E-02 1.18104087E-01 1.90000000E+00 1.20000000E-01
2.18844942E-02 1.16241878E-01 1.90000000E+00 1.20000000E-01
2.25763451E-02 1.14287239E-01 1.90000000E+00 1.20000000E-01
2.32900680E-02 1.12583560E-01 1.90000000E+00 1.20000000E-01
2.40263543E-02 1.11175429E-01 1.90000000E+00 1.20000000E-01
2.47859175E-02 1.09679149E-01 1.90000000E+00 1.20000000E-01
2.55694933E-02 1.08097904E-01 1.90000000E+00 1.20000000E-01
2.63778408E-02 1.06421548E-01 1.90000000E+00 1.20000000E-01
2.72117433E-02 1.04652932E-01 1.90000000E+00 1.20000000E-01
2.80720085E-02 1.02954057E-01 1.90000000E+00 1.20000000E-01
2.89594699E-02 1.01689768E-01 1.90000000E+00 1.20000000E-01
2.98749873E-02 1.00337952E-01 1.90000000E+00 1.20000000E-01
3.08194477E-02 9.89167607E-02 1.90000000E+00 1.20000000E-01
3.17937660E-02 9.74058664E-02 1.90000000E+00 1.20000000E-01
3.27988861E-02 9.58247394E-02 1.90000000E+00 1.20000000E-01
3.38357819E-02 9.41662750E-02 1.90000000E+00 1.20000000E-01
3.49054578E-02 9.29888484E-02 1.90000000E+00 1.20000000E-01
3.60089502E-02 9.17721880E-02 1.90000000E+00 1.20000000E-01
3.71473281E-02 9.04993923E-02 1.90000000E+00 1.20000000E-01
3.83216944E-02 8.91423582E-02 1.90000000E+00 1.20000000E-01
3.95331869E-02 8.77087120E-02 1.90000000E+00 1.20000000E-01
4.07829791E-02 8.61944377E-02 1.90000000E+00 1.20000000E-01
4.20722820E-02 8.50115001E-02 1.90000000E+00 1.20000000E-01
4.34023446E-02 8.39147761E-02 1.90000000E+00 1.20000000E-01
4.47744554E-02 8.27560288E-02 1.90000000E+00 1.20000000E-01
4.61899438E-02 8.15359417E-02 1.90000000E+00 1.20000000E-01
4.76501811E-02 8.02500111E-02 1.90000000E+00 1.20000000E-01
4.91565820E-02 7.88999360E-02 1.90000000E+00 1.20000000E-01
5.07106059E-02 7.77021034E-02 1.90000000E+00 1.20000000E-01
5.23137582E-02 7.67118743E-02 1.90000000E+00 1.20000000E-01
5.39675923E-02 7.56708593E-02 1.90000000E+00 1.20000000E-01
5.56737102E-02 7.45695272E-02 1.90000000E+00 1.20000000E-01
5.74337649E-02 7.34006637E-02 1.90000000E+00 1.20000000E-01
5.92494616E-02 7.21661876E-02 1.90000000E+00 1.20000000E-01
6.11225592E-02 7.09965228E-02 1.90000000E+00 1.20000000E-01
6.30548724E-02 7.00982899E-02 1.90000000E+00 1.20000000E-01
6.50482734E-02 6.91480125E-02 1.90000000E+00 1.20000000E-01
6.71046932E-02 6.81471332E-02 1.90000000E+00 1.20000000E-01
6.92261241E-02 6.70902398E-02 1.90000000E+00 1.20000000E-01
7.14146214E-02 6.59662132E-02 1.90000000E+00 1.20000000E-01
7.36723054E-02 6.48273600E-02 1.90000000E+00 1.20000000E-01
7.60013632E-02 6.40196881E-02 1.90000000E+00 1.20000000E-01
7.84040512E-02 6.31606653E-02 1.90000000E+00 1.20000000E-01
8.08826972E-02 6.22496877E-02 1.90000000E+00 1.20000000E-01
8.34397025E-02 6.12850683E-02 1.90000000E+00 1.20000000E-01
8.60775443E-02 6.02722800E-02 1.90000000E+00 1.20000000E-01
8.87987782E-02 5.91858505E-02 1.90000000E+00 1.20000000E-01
9.16060405E-02 5.84238694E-02 1.90000000E+00 1.20000000E-01
9.45020509E-02 5.75922739E-02 1.90000000E+00 1.20000000E-01
9.74896151E-02 5.66117945E-02 1.90000000E+00 1.20000000E-01
1.00571627E-01 5.52301469E-02 1.90000000E+00 1.20000000E-01
1.03751074E-01 5.30096875E-02 1.90000000E+00 1.20000000E-01
1.07031034E-01 4.98014479E-02 1.90000000E+00 1.20000000E-01
1.10414686E-01 4.81016122E-02 1.90000000E+00 1.20000000E-01
1.13905308E-01 4.67802733E-02 1.90000000E+00 1.20000000E-01
1.17506282E-01 4.55164583E-02 1.90000000E+00 1.20000000E-01
1.21221096E-01 4.44397672E-02 1.90000000E+00 1.20000000E-01
1.25053350E-01 4.36159952E-02 1.90000000E+00 1.20000000E-01
1.29006755E-01 4.27693571E-02 1.90000000E+00 1.20000000E-01
1.33085142E-01 4.18890640E-02 1.90000000E+00 1.20000000E-01
1.37292462E-01 4.09876333E-02 1.90000000E+00 1.20000000E-01
1.41632792E-01 4.03114653E-02 1.90000000E+00 1.20000000E-01
1.46110336E-01 3.96692047E-02 1.90000000E+00 1.20000000E-01
1.50729431E-01 3.89892061E-02 1.90000000E+00 1.20000000E-01
1.55494553E-01 3.82743721E-02 1.90000000E+00 1.20000000E-01
1.60410319E-01 3.75348275E-02 1.90000000E+00 1.20000000E-01
1.65481491E-01 3.69019296E-02 1.90000000E+00 1.20000000E-01
1.70712981E-01 3.63538213E-02 1.90000000E+00 1.20000000E-01
1.76109859E-01 3.57748733E-02 1.90000000E+00 1.20000000E-01
1.81677352E-01 3.51672822E-02 1.90000000E+00 1.20000000E-01
1.87420854E-01 3.45130220E-02 1.90000000E+00 1.20000000E-01
1.93345930E-01 3.38484584E-02 1.90000000E+00 1.20000000E-01
1.99458319E-01 3.33697857E-02 1.90000000E+00 1.20000000E-01
2.05763945E-01 3.28545553E-02 1.90000000E+00 1.20000000E-01
2.12268914E-01 3.23093529E-02 1.90000000E+00 1.20000000E-01
2.18979531E-01 3.17219479E-02 1.90000000E+00 1.20000000E-01
2.25902295E-01 3.10977098E-02 1.90000000E+00 1.20000000E-01
2.33043913E-01 3.05912856E-02 1.90000000E+00 1.20000000E-01
2.40411305E-01 3.01199724E-02 1.90000000E+00 1.20000000E-01
2.48011608E-01 2.96173113E-02 1.90000000E+00 1.20000000E-01
2.55852184E-01 2.90762587E-02 1.90000000E+00 1.20000000E-01
2.63940631E-01 2.84903591E-02 1.90000000E+00 1.20000000E-01
2.72284784E-01 2.79642312E-02 1.90000000E+00 1.20000000E-01
2.80892727E-01 2.75200173E-02 1.90000000E+00 1.20000000E-01
2.89772799E-01 2.70397535E-02 1.90000000E+00 1.20000000E-01
2.98933604E-01 2.65179827E-02 1.90000000E+00 1.20000000E-01
3.08384016E-01 2.59482349E-02 1.90000000E+00 1.20000000E-01
3.18133191E-01 2.54468230E-02 1.90000000E+00 1.20000000E-01
3.28190574E-01 2.50066166E-02 1.90000000E+00 1.20000000E-01
3.38565908E-01 2.45295517E-02 1.90000000E+00 1.20000000E-01
3.49269246E-01 2.40010238E-02 1.90000000E+00 1.20000000E-01
3.60310956E-01 2.34193791E-02 1.90000000E+00 1.20000000E-01
3.71701736E-01 2.29933591E-02 1.90000000E+00 1.20000000E-01
3.83452622E-01 2.25344662E-02 1.90000000E+00 1.20000000E-01
3.95574997E-01 2.20264219E-02 1.90000000E+00 1.20000000E-01
4.08080606E-01 2.14570770E-02 1.90000000E+00 1.20000000E-01
4.20981564E-01 2.09957336E-02 1.90000000E+00 1.20000000E-01
4.34290369E-01 2.05336611E-02 1.90000000E+00 1.20000000E-01
4.48019916E-01 2.00095929E-02 1.90000000E+00 1.20000000E-01
4.62183505E-01 1.94217712E-02 1.90000000E+00 1.20000000E-01
4.76794859E-01 1.89874265E-02 1.90000000E+00 1.20000000E-01
4.91868132E-01 1.84877630E-02 1.90000000E+00 1.20000000E-01
5.07417928E-01 1.79087185E-02 1.90000000E+00 1.20000000E-01
5.23459311E-01 1.74037687E-02 1.90000000E+00 1.20000000E-01
5.40007822E-01 1.68944545E-02 1.90000000E+00 1.20000000E-01
5.57079494E-01 1.62956403E-02 1.90000000E+00 1.20000000E-01
5.74690865E-01 1.57758997E-02 1.90000000E+00 1.20000000E-01
5.92858998E-01 1.52112266E-02 1.90000000E+00 1.20000000E-01
6.11601494E-01 1.45783901E-02 1.90000000E+00 1.20000000E-01
6.30936510E-01 1.39598527E-02 1.90000000E+00 1.20000000E-01
6.50882779E-01 1.31347597E-02 1.90000000E+00 1.20000000E-01
6.71459624E-01 1.19499876E-02 1.90000000E+00 1.20000000E-01
6.92686980E-01 9.85766084E-03 1.90000000E+00 1.20000000E-01
7.14585412E-01 6.18178639E-03 1.90000000E+00 1.20000000E-01
7.37176137E-01 2.92489520E-03 1.90000000E+00 1.20000000E-01
7.60481038E-01 1.33152959E-03 1.90000000E+00 1.20000000E-01
7.84522695E-01 6.16939762E-04 1.90000000E+00 1.20000000E-01
8.09324399E-01 2.90806916E-04 1.90000000E+00 1.20000000E-01
8.34910177E-01 1.39007725E-04 1.90000000E+00 1.20000000E-01
8.61304818E-01 6.70419719E-05 1.90000000E+00 1.20000000E-01
8.88533893E-01 3.24196248E-05 1.90000000E+00 1.20000000E-01
9.16623780E-01 1.53955179E-05 1.90000000E+00 1.20000000E-01
