4.94999051E-04 2.02698957E-08 1.01020215E-03 1.20000000E-01
5.36880304E-04 2.14891284E-08 1.09567409E-03 1.20000000E-01
5.82305076E-04 2.49148110E-08 1.18837771E-03 1.20000000E-01
6.31573182E-04 2.65022895E-08 1.28892486E-03 1.20000000E-01
6.85009802E-04 2.81006877E-08 1.39797919E-03 1.20000000E-01
7.42967626E-04 2.94943189E-08 1.51626046E-03 1.20000000E-01
8.05829190E-04 3.30117646E-08 1.64454937E-03 1.20000000E-01
8.74009393E-04 3.53560475E-08 1.78369264E-03 1.20000000E-01
9.47958237E-04 3.79678350E-08 1.93460865E-03 1.20000000E-01
1.02816380E-03 4.21676900E-08 2.09829347E-03 1.20000000E-01
1.11515546E-03 4.50660551E-08 2.27582746E-03 1.20000000E-01
1.20950737E-03 4.85830729E-08 2.46838239E-03 1.20000000E-01
1.31184228E-03 5.24561405E-08 2.67722914E-03 1.20000000E-01
1.42283562E-03 5.65513082E-08 2.90374616E-03 1.20000000E-01
1.54321996E-03 6.12351937E-08 3.14942850E-03 1.20000000E-01
1.67378988E-03 6.60625475E-08 3.41589772E-03 1.20000000E-01
1.81540715E-03 7.09021274E-08 3.70491256E-03 1.20000000E-01
1.96900649E-03 7.63138098E-08 4.01838059E-03 1.20000000E-01
2.13560167E-03 8.28119231E-08 4.35837076E-03 1.20000000E-01
2.31629227E-03 8.91185770E-08 4.72712707E-03 1.20000000E-01
2.51227086E-03 9.58096899E-08 5.12708340E-03 1.20000000E-01
2.72483097E-03 1.03360076E-07 5.56087953E-03 1.20000000E-01
2.95537552E-03 1.11396455E-07 6.03137861E-03 1.20000000E-01
3.20542615E-03 1.20330582E-07 6.54168603E-03 1.20000000E-01
3.47663326E-03 1.30010449E-07 7.09516992E-03 1.20000000E-01
3.77078686E-03 1.40499062E-07 7.69548340E-03 1.20000000E-01
4.08982844E-03 1.51820254E-07 8.34658865E-03 1.20000000E-01
4.43586372E-03 1.64051996E-07 9.05278310E-03 1.20000000E-01
4.81117661E-03 1.77558206E-07 9.81872778E-03 1.20000000E-01
5.21824427E-03 1.92638177E-07 1.06494781E-02 1.20000000E-01
5.65975340E-03 2.08984139E-07 1.15505171E-02 1.20000000E-01
6.13861808E-03 2.26827856E-07 1.25277920E-02 1.20000000E-01
6.65799890E-03 2.46180038E-07 1.35877528E-02 1.20000000E-01
7.22132388E-03 2.67200040E-07 1.47373957E-02 1.20000000E-01
7.83231108E-03 2.90127812E-07 1.59843083E-02 1.20000000E-01
8.49499315E-03 3.15014300E-07 1.73367207E-02 1.20000000E-01
9.21374392E-03 3.42035403E-07 1.88035590E-02 1.20000000E-01
9.99330730E-03 3.72247495E-07 2.03945047E-02 1.20000000E-01
1.08388286E-02 4.05229119E-07 2.21200583E-02 1.20000000E-01
1.17558883E-02 4.41183035E-07 2.39916088E-02 1.20000000E-01
1.27505394E-02 4.80046507E-07 2.60215089E-02 1.20000000E-01
1.38293466E-02 5.22506956E-07 2.82231563E-02 1.20000000E-01
1.49994304E-02 5.68706948E-07 3.06110824E-02 1.20000000E-01
1.62685135E-02 6.18802429E-07 3.32010479E-02 1.20000000E-01
1.76449721E-02 6.73050308E-07 3.60101471E-02 1.20000000E-01
1.91378912E-02 7.32103407E-07 3.90569208E-02 1.20000000E-01
2.07571243E-02 7.96134917E-07 4.23614781E-02 1.20000000E-01
2.25133587E-02 8.65403146E-07 4.59456299E-02 1.20000000E-01
2.44181859E-02 9.42402698E-07 4.98330323E-02 1.20000000E-01
2.64841781E-02 1.02602363E-06 5.40493430E-02 1.20000000E-01
2.87249714E-02 1.11748443E-06 5.86223905E-02 1.20000000E-01
3.11553554E-02 1.21599142E-06 6.35823579E-02 1.20000000E-01
3.37913711E-02 1.32372260E-06 6.89619818E-02 1.20000000E-01
3.66504169E-02 1.43986186E-06 7.47967691E-02 1.20000000E-01
3.97513629E-02 1.56592723E-06 8.11252304E-02 1.20000000E-01
4.31146761E-02 1.70235908E-06 8.79891350E-02 1.20000000E-01
4.67625551E-02 1.85060132E-06 9.54337859E-02 1.20000000E-01
5.07190765E-02 2.01165419E-06 1.03508319E-01 1.20000000E-01
5.50103543E-02 2.18523322E-06 1.12266029E-01 1.20000000E-01
5.96647118E-02 2.37876352E-06 1.21764718E-01 1.20000000E-01
6.47128686E-02 2.58938461E-06 1.32067079E-01 1.20000000E-01
7.01881437E-02 2.81738810E-06 1.43241110E-01 1.20000000E-01
7.61266750E-02 3.06508650E-06 1.55360561E-01 1.20000000E-01
8.25676580E-02 3.33394274E-06 1.68505425E-01 1.20000000E-01
8.95536045E-02 3.62489307E-06 1.82762458E-01 1.20000000E-01
9.71306233E-02 3.94102847E-06 1.98225762E-01 1.20000000E-01
1.05348724E-01 4.17254316E-06 2.14997396E-01 1.20000000E-01
1.14262148E-01 4.45937940E-06 2.33188058E-01 1.20000000E-01
1.23929726E-01 4.81934951E-06 2.52917808E-01 1.20000000E-01
1.34415266E-01 5.22078215E-06 2.74316869E-01 1.20000000E-01
1.45787974E-01 5.66291149E-06 2.97526477E-01 1.20000000E-01
1.58122912E-01 6.14477041E-06 3.22699821E-01 1.20000000E-01
1.71501495E-01 6.66662507E-06 3.50003050E-01 1.20000000E-01
1.86012022E-01 7.24809861E-06 3.79616371E-01 1.20000000E-01
2.01750267E-01 7.88265871E-06 4.11735239E-01 1.20000000E-01
2.18820106E-01 8.57174763E-06 4.46571644E-01 1.20000000E-01
2.37334202E-01 9.31565837E-06 4.84355514E-01 1.20000000E-01
2.57414752E-01 1.01193338E-05 5.25336230E-01 1.20000000E-01
2.79194294E-01 1.09881211E-05 5.69784273E-01 1.20000000E-01
3.02816574E-01 1.19216078E-05 6.17993009E-01 1.20000000E-01
3.28437507E-01 1.29250069E-05 6.70280627E-01 1.20000000E-01
3.56226195E-01 1.39998896E-05 7.26992234E-01 1.20000000E-01
3.86366049E-01 1.51945172E-05 7.88502140E-01 1.20000000E-01
4.19055998E-01 1.64839527E-05 8.55216323E-01 1.20000000E-01
4.54511803E-01 1.78722230E-05 9.27575109E-01 1.20000000E-01
4.92967480E-01 1.93586915E-05 1.00605608E+00 1.20000000E-01
5.34676844E-01 2.09560970E-05 1.09117723E+00 1.20000000E-01
5.79915184E-01 2.26750234E-05 1.18350038E+00 1.20000000E-01
6.28981085E-01 2.45068351E-05 1.28363487E+00 1.20000000E-01
6.82198390E-01 2.65514083E-05 1.39224161E+00 1.20000000E-01
7.39918344E-01 2.87746784E-05 1.51003744E+00 1.20000000E-01
8.02521912E-01 3.11812880E-05 1.63779982E+00 1.20000000E-01
8.70422290E-01 3.37787368E-05 1.77637202E+00 1.20000000E-01
9.44067634E-01 3.65864681E-05 1.92666864E+00 1.20000000E-01
1.02394402E+00 3.96100394E-05 2.08968167E+00 1.20000000E-01
1.11057865E+00 4.28764765E-05 2.26648703E+00 1.20000000E-01
1.20454332E+00 4.64687751E-05 2.45825167E+00 1.20000000E-01
1.30645823E+00 5.04350188E-05 2.66624128E+00 1.20000000E-01
1.41699603E+00 5.47284087E-05 2.89182863E+00 1.20000000E-01
1.53688629E+00 5.93508762E-05 3.13650264E+00 1.20000000E-01
1.66692033E+00 6.43427698E-05 3.40187821E+00 1.20000000E-01
1.80795637E+00 6.88758103E-05 3.68970689E+00 1.20000000E-01
1.96092531E+00 7.40524990E-05 4.00188838E+00 1.20000000E-01
2.12683675E+00 7.98958534E-05 4.34048317E+00 1.20000000E-01
2.30678576E+00 8.59530329E-05 4.70772603E+00 1.20000000E-01
2.50196002E+00 9.21491612E-05 5.10604086E+00 1.20000000E-01
2.71364774E+00 9.81817582E-05 5.53805661E+00 1.20000000E-01
2.94324609E+00 1.04954253E-04 6.00662467E+00 1.20000000E-01
3.19227047E+00 1.12225705E-04 6.51483769E+00 1.20000000E-01
3.46236449E+00 1.19794092E-04 7.06604998E+00 1.20000000E-01
3.75531083E+00 1.27638260E-04 7.66389965E+00 1.20000000E-01
4.07304299E+00 1.35928471E-04 8.31233264E+00 1.20000000E-01
4.41765808E+00 1.44829213E-04 9.01562874E+00 1.20000000E-01
4.79143062E+00 1.54968374E-04 9.77842984E+00 1.20000000E-01
5.19682759E+00 1.66781387E-04 1.06057706E+01 1.20000000E-01
5.63652469E+00 1.79666243E-04 1.15031116E+01 1.20000000E-01
6.11342401E+00 1.93804536E-04 1.24763755E+01 1.20000000E-01
6.63067319E+00 2.09115463E-04 1.35319861E+01 1.20000000E-01
7.19168617E+00 2.25899664E-04 1.46769106E+01 1.20000000E-01
7.80016577E+00 2.45007830E-04 1.59187057E+01 1.20000000E-01
8.46012806E+00 2.65891241E-04 1.72655675E+01 1.20000000E-01
9.17592895E+00 2.88823372E-04 1.87263856E+01 1.20000000E-01
9.95229285E+00 3.13777652E-04 2.03108017E+01 1.20000000E-01
1.07943439E+01 3.41019024E-04 2.20292733E+01 1.20000000E-01
1.17076399E+01 3.70573876E-04 2.38931427E+01 1.20000000E-01
1.26982087E+01 4.02615519E-04 2.59147117E+01 1.20000000E-01
1.37725883E+01 4.37337582E-04 2.81073231E+01 1.20000000E-01
1.49378698E+01 4.75327023E-04 3.04854486E+01 1.20000000E-01
1.62017444E+01 5.17695487E-04 3.30647844E+01 1.20000000E-01
1.75725537E+01 5.63760866E-04 3.58623546E+01 1.20000000E-01
1.90593456E+01 6.13726496E-04 3.88966236E+01 1.20000000E-01
2.06719330E+01 6.67477056E-04 4.21876184E+01 1.20000000E-01
2.24209595E+01 7.25819274E-04 4.57570602E+01 1.20000000E-01
2.43179689E+01 7.88647460E-04 4.96285080E+01 1.20000000E-01
2.63754819E+01 8.57968206E-04 5.38275141E+01 1.20000000E-01
2.86070786E+01 9.33256613E-04 5.83817930E+01 1.20000000E-01
3.10274878E+01 1.01358034E-03 6.33214036E+01 1.20000000E-01
3.36526848E+01 1.10130762E-03 6.86789486E+01 1.20000000E-01
3.64999965E+01 1.19655001E-03 7.44897888E+01 1.20000000E-01
3.95882157E+01 1.30152295E-03 8.07922769E+01 1.20000000E-01
4.29377252E+01 1.41637628E-03 8.76280106E+01 1.20000000E-01
4.65706326E+01 1.54003721E-03 9.50421073E+01 1.20000000E-01
5.05109157E+01 1.67400916E-03 1.03083501E+02 1.20000000E-01
5.47845813E+01 1.81949822E-03 1.11805268E+02 1.20000000E-01
5.94198363E+01 1.97708507E-03 1.21264972E+02 1.20000000E-01
6.44472746E+01 2.14943704E-03 1.31525050E+02 1.20000000E-01
6.99000781E+01 2.33518208E-03 1.42653221E+02 1.20000000E-01
7.58142365E+01 2.53569982E-03 1.54722932E+02 1.20000000E-01
8.22287844E+01 2.75665397E-03 1.67813846E+02 1.20000000E-01
8.91860593E+01 2.99971078E-03 1.82012366E+02 1.20000000E-01
9.67319805E+01 3.26357128E-03 1.97412205E+02 1.20000000E-01
1.04916353E+02 3.55311376E-03 2.14115006E+02 1.20000000E-01
1.13793194E+02 3.86445995E-03 2.32231009E+02 1.20000000E-01
1.23421095E+02 4.20165096E-03 2.51879785E+02 1.20000000E-01
1.33863600E+02 4.56755520E-03 2.73191019E+02 1.20000000E-01
1.45189632E+02 4.96416518E-03 2.96305371E+02 1.20000000E-01
1.57473945E+02 5.39409518E-03 3.21375399E+02 1.20000000E-01
1.70797619E+02 5.85912791E-03 3.48566570E+02 1.20000000E-01
1.85248593E+02 6.36861025E-03 3.78058353E+02 1.20000000E-01
2.00922245E+02 6.93076279E-03 4.10045398E+02 1.20000000E-01
2.17922026E+02 7.54082963E-03 4.44738828E+02 1.20000000E-01
2.36360137E+02 8.20832321E-03 4.82367626E+02 1.20000000E-01
2.56358273E+02 8.92685016E-03 5.23180149E+02 1.20000000E-01
2.78048426E+02 9.70270808E-03 5.67445768E+02 1.20000000E-01
3.01573757E+02 1.05416869E-02 6.15456647E+02 1.20000000E-01
3.27089536E+02 1.14509663E-02 6.67529666E+02 1.20000000E-01
3.54764174E+02 1.24298125E-02 7.24008518E+02 1.20000000E-01
3.84780328E+02 1.34850256E-02 7.85265976E+02 1.20000000E-01
4.17336112E+02 1.46425137E-02 8.51706350E+02 1.20000000E-01
4.52646399E+02 1.59141475E-02 9.23768162E+02 1.20000000E-01
4.90944247E+02 1.72890749E-02 1.00192703E+03 1.20000000E-01
5.32482427E+02 1.87749822E-02 1.08669883E+03 1.20000000E-01
5.77535101E+02 2.03810870E-02 1.17864306E+03 1.20000000E-01
6.26399625E+02 2.21166719E-02 1.27836658E+03 1.20000000E-01
6.79398516E+02 2.39926149E-02 1.38652758E+03 1.20000000E-01
7.36881577E+02 2.60220588E-02 1.50383995E+03 1.20000000E-01
7.99228208E+02 2.82151374E-02 1.63107798E+03 1.20000000E-01
8.66849910E+02 3.06632575E-02 1.76908145E+03 1.20000000E-01
9.40192999E+02 3.33364059E-02 1.91876122E+03 1.20000000E-01
1.01974156E+03 3.62426567E-02 2.08110522E+03 1.20000000E-01
1.10602062E+03 3.94138093E-02 2.25718493E+03 1.20000000E-01
1.19959964E+03 4.28602950E-02 2.44816253E+03 1.20000000E-01
1.30109627E+03 4.66296164E-02 2.65529851E+03 1.20000000E-01
1.41118040E+03 5.07573440E-02 2.87996001E+03 1.20000000E-01
1.53057862E+03 5.52778605E-02 3.12362983E+03 1.20000000E-01
1.66007896E+03 6.02294852E-02 3.38791625E+03 1.20000000E-01
1.80053617E+03 6.56891028E-02 3.67456362E+03 1.20000000E-01
1.95287729E+03 7.18201885E-02 3.98546386E+03 1.20000000E-01
2.11810780E+03 7.85854636E-02 4.32266899E+03 1.20000000E-01
2.29731826E+03 8.62096736E-02 4.68840462E+03 1.20000000E-01
2.49169150E+03 9.49150254E-02 5.08508469E+03 1.20000000E-01
2.70251041E+03 1.05020650E-01 5.51532736E+03 1.20000000E-01
2.93116644E+03 1.17045359E-01 5.98197233E+03 1.20000000E-01
3.17916878E+03 1.31778963E-01 6.48809954E+03 1.20000000E-01
3.44815428E+03 1.50570375E-01 7.03704955E+03 1.20000000E-01
3.73989831E+03 1.63023489E-01 7.63244553E+03 1.20000000E-01
4.05632644E+03 1.90110818E-01 8.27821723E+03 1.20000000E-01
4.39952716E+03 2.01061938E-01 9.27862686E+03 1.20000000E-01
