4.25698406E+01 1.04197752E+00 1.00000000E+03 1.20000000E-01
4.39156329E+01 1.02804323E+00 1.00000000E+03 1.20000000E-01
4.53039707E+01 1.01327084E+00 1.00000000E+03 1.20000000E-01
4.67361991E+01 9.97604539E-01 1.00000000E+03 1.20000000E-01
4.82137055E+01 9.81154923E-01 1.00000000E+03 1.20000000E-01
4.97379215E+01 9.63537809E-01 1.00000000E+03 1.20000000E-01
5.13103237E+01 9.49195378E-01 1.00000000E+03 1.20000000E-01
5.29324354E+01 9.36421196E-01 1.00000000E+03 1.20000000E-01
5.46058282E+01 9.22948125E-01 1.00000000E+03 1.20000000E-01
5.63321231E+01 9.08674958E-01 1.00000000E+03 1.20000000E-01
5.81129927E+01 8.93458788E-01 1.00000000E+03 1.20000000E-01
5.99501623E+01 8.77314403E-01 1.00000000E+03 1.20000000E-01
6.18454117E+01 8.64710947E-01 1.00000000E+03 1.20000000E-01
6.38005771E+01 8.53100763E-01 1.00000000E+03 1.20000000E-01
6.58175525E+01 8.40649460E-01 1.00000000E+03 1.20000000E-01
6.78982921E+01 8.27415191E-01 1.00000000E+03 1.20000000E-01
7.00448117E+01 8.13345846E-01 1.00000000E+03 1.20000000E-01
7.22591908E+01 7.98523946E-01 1.00000000E+03 1.20000000E-01
7.45435747E+01 7.87022287E-01 1.00000000E+03 1.20000000E-01
7.69001766E+01 7.76122586E-01 1.00000000E+03 1.20000000E-01
7.93312795E+01 7.64523047E-01 1.00000000E+03 1.20000000E-01
8.18392387E+01 7.52171970E-01 1.00000000E+03 1.20000000E-01
8.44264838E+01 7.39120218E-01 1.00000000E+03 1.20000000E-01
8.70955215E+01 7.25124438E-01 1.00000000E+03 1.20000000E-01
8.98489375E+01 7.15288954E-01 1.00000000E+03 1.20000000E-01
9.26893993E+01 7.05017673E-01 1.00000000E+03 1.20000000E-01
9.56196587E+01 6.94110270E-01 1.00000000E+03 1.20000000E-01
9.86425546E+01 6.82451132E-01 1.00000000E+03 1.20000000E-01
1.01761016E+02 6.70212308E-01 1.00000000E+03 1.20000000E-01
1.04978063E+02 6.58091212E-01 1.00000000E+03 1.20000000E-01
1.08296813E+02 6.48899053E-01 1.00000000E+03 1.20000000E-01
1.11720481E+02 6.39096635E-01 1.00000000E+03 1.20000000E-01
1.15252385E+02 6.28518882E-01 1.00000000E+03 1.20000000E-01
1.18895945E+02 6.17168477E-01 1.00000000E+03 1.20000000E-01
1.22654691E+02 6.05084723E-01 1.00000000E+03 1.20000000E-01
1.26532266E+02 5.95497053E-01 1.00000000E+03 1.20000000E-01
1.30532425E+02 5.86425241E-01 1.00000000E+03 1.20000000E-01
1.34659044E+02 5.76651177E-01 1.00000000E+03 1.20000000E-01
1.38916122E+02 5.66198660E-01 1.00000000E+03 1.20000000E-01
1.43307781E+02 5.54815594E-01 1.00000000E+03 1.20000000E-01
1.47838277E+02 5.44636604E-01 1.00000000E+03 1.20000000E-01
1.52512000E+02 5.36069128E-01 1.00000000E+03 1.20000000E-01
1.57333476E+02 5.26801554E-01 1.00000000E+03 1.20000000E-01
1.62307377E+02 5.16674483E-01 1.00000000E+03 1.20000000E-01
1.67438521E+02 5.05644856E-01 1.00000000E+03 1.20000000E-01
1.72731881E+02 4.95853887E-01 1.00000000E+03 1.20000000E-01
1.78192583E+02 4.87434008E-01 1.00000000E+03 1.20000000E-01
1.83825919E+02 4.78142323E-01 1.00000000E+03 1.20000000E-01
1.89637345E+02 4.67930619E-01 1.00000000E+03 1.20000000E-01
1.95632493E+02 4.56760534E-01 1.00000000E+03 1.20000000E-01
2.01817169E+02 4.48347556E-01 1.00000000E+03 1.20000000E-01
2.08197367E+02 4.39478174E-01 1.00000000E+03 1.20000000E-01
2.14779266E+02 4.29659696E-01 1.00000000E+03 1.20000000E-01
2.21569244E+02 4.18664992E-01 1.00000000E+03 1.20000000E-01
2.28573879E+02 4.09618125E-01 1.00000000E+03 1.20000000E-01
2.35799956E+02 4.00670269E-01 1.00000000E+03 1.20000000E-01
2.43254476E+02 3.90606643E-01 1.00000000E+03 1.20000000E-01
2.50944663E+02 3.79088244E-01 1.00000000E+03 1.20000000E-01
2.58877964E+02 3.70380434E-01 1.00000000E+03 1.20000000E-01
2.67062067E+02 3.60637291E-01 1.00000000E+03 1.20000000E-01
2.75504900E+02 3.49291416E-01 1.00000000E+03 1.20000000E-01
2.84214643E+02 3.39225399E-01 1.00000000E+03 1.20000000E-01
2.93199734E+02 3.29142041E-01 1.00000000E+03 1.20000000E-01
3.02468877E+02 3.17120964E-01 1.00000000E+03 1.20000000E-01
3.12031052E+02 3.06834084E-01 1.00000000E+03 1.20000000E-01
3.21895523E+02 2.95425251E-01 1.00000000E+03 1.20000000E-01
3.32071848E+02 2.83161428E-01 1.00000000E+03 1.20000000E-01
3.42569884E+02 2.71644088E-01 1.00000000E+03 1.20000000E-01
3.53399802E+02 2.58352079E-01 1.00000000E+03 1.20000000E-01
3.64572095E+02 2.45673365E-01 1.00000000E+03 1.20000000E-01
3.76097586E+02 2.31772080E-01 1.00000000E+03 1.20000000E-01
3.87987440E+02 2.16112756E-01 1.00000000E+03 1.20000000E-01
4.00253178E+02 1.99867940E-01 1.00000000E+03 1.20000000E-01
4.12906681E+02 1.79684167E-01 1.00000000E+03 1.20000000E-01
4.25960210E+02 1.51117948E-01 1.00000000E+03 1.20000000E-01
4.39426409E+02 1.03178283E-01 1.00000000E+03 1.20000000E-01
4.53318325E+02 4.88518496E-02 1.00000000E+03 1.20000000E-01
4.67649417E+02 2.01313802E-02 1.00000000E+03 1.20000000E-01
4.82433569E+02 8.04567436E-03 1.00000000E+03 1.20000000E-01
