1.01020215E-03 2.88198036E-02 1.00000000E-01 1.20000000E-01
1.09567409E-03 2.76315558E-02 1.00000000E-01 1.20000000E-01
1.18837771E-03 2.64951813E-02 1.00000000E-01 1.20000000E-01
1.28892486E-03 2.53281985E-02 1.00000000E-01 1.20000000E-01
1.39797919E-03 2.42881126E-02 1.00000000E-01 1.20000000E-01
1.51626046E-03 2.31461360E-02 1.00000000E-01 1.20000000E-01
1.64454937E-03 2.21947272E-02 1.00000000E-01 1.20000000E-01
1.78369264E-03 2.11638888E-02 1.00000000E-01 1.20000000E-01
1.93460865E-03 2.03118920E-02 1.00000000E-01 1.20000000E-01
2.09829347E-03 1.93570945E-02 1.00000000E-01 1.20000000E-01
2.27582746E-03 1.85934306E-02 1.00000000E-01 1.20000000E-01
2.46838239E-03 1.77150614E-02 1.00000000E-01 1.20000000E-01
2.67722914E-03 1.70472189E-02 1.00000000E-01 1.20000000E-01
2.90374616E-03 1.62774797E-02 1.00000000E-01 1.20000000E-01
3.14942850E-03 1.56493849E-02 1.00000000E-01 1.20000000E-01
3.41589772E-03 1.49735431E-02 1.00000000E-01 1.20000000E-01
3.70491256E-03 1.43765891E-02 1.00000000E-01 1.20000000E-01
4.01838059E-03 1.37923597E-02 1.00000000E-01 1.20000000E-01
4.35837076E-03 1.32179414E-02 1.00000000E-01 1.20000000E-01
4.72712707E-03 1.27107163E-02 1.00000000E-01 1.20000000E-01
5.12708340E-03 1.21560097E-02 1.00000000E-01 1.20000000E-01
5.56087953E-03 1.17136287E-02 1.00000000E-01 1.20000000E-01
6.03137861E-03 1.11995603E-02 1.00000000E-01 1.20000000E-01
6.54168603E-03 1.07913258E-02 1.00000000E-01 1.20000000E-01
7.09516992E-03 1.03398346E-02 1.00000000E-01 1.20000000E-01
7.69548340E-03 9.93285221E-03 1.00000000E-01 1.20000000E-01
8.34658865E-03 9.53407496E-03 1.00000000E-01 1.20000000E-01
9.05278310E-03 9.13090310E-03 1.00000000E-01 1.20000000E-01
9.81872778E-03 8.77450033E-03 1.00000000E-01 1.20000000E-01
1.06494781E-02 8.37980649E-03 1.00000000E-01 1.20000000E-01
1.15505171E-02 8.05391144E-03 1.00000000E-01 1.20000000E-01
1.25277920E-02 7.67233024E-03 1.00000000E-01 1.20000000E-01
1.35877528E-02 7.36876721E-03 1.00000000E-01 1.20000000E-01
1.47373957E-02 7.00168042E-03 1.00000000E-01 1.20000000E-01
1.59843083E-02 6.71019965E-03 1.00000000E-01 1.20000000E-01
1.73367207E-02 6.36024555E-03 1.00000000E-01 1.20000000E-01
1.88035590E-02 6.06484153E-03 1.00000000E-01 1.20000000E-01
2.03945047E-02 5.73238166E-03 1.00000000E-01 1.20000000E-01
2.21200583E-02 5.41081084E-03 1.00000000E-01 1.20000000E-01
2.39916088E-02 5.09237767E-03 1.00000000E-01 1.20000000E-01
2.60215089E-02 4.74777830E-03 1.00000000E-01 1.20000000E-01
2.82231563E-02 4.38866247E-03 1.00000000E-01 1.20000000E-01
3.06110824E-02 4.00385546E-03 1.00000000E-01 1.20000000E-01
3.32010479E-02 3.36707664E-03 1.00000000E-01 1.20000000E-01
3.60101471E-02 1.36609059E-03 1.00000000E-01 1.20000000E-01
3.90569208E-02 2.27068669E-04 1.00000000E-01 1.20000000E-01
4.23614781E-02 4.10354822E-05 1.00000000E-01 1.20000000E-01
4.59456299E-02 7.85707962E-06 1.00000000E-01 1.20000000E-01
4.98330323E-02 4.92235494E-04 1.00000000E-01 1.20000000E-01
5.40493430E-02 1.89120062E-03 1.00000000E-01 1.20000000E-01
5.86223905E-02 2.56342272E-03 1.00000000E-01 1.20000000E-01
6.35823579E-02 3.09780438E-03 1.00000000E-01 1.20000000E-01
6.89619818E-02 3.56593888E-03 1.00000000E-01 1.20000000E-01
7.47967691E-02 3.97942278E-03 1.00000000E-01 1.20000000E-01
8.11252304E-02 4.37327972E-03 1.00000000E-01 1.20000000E-01
8.79891350E-02 4.75779118E-03 1.00000000E-01 1.20000000E-01
9.54337859E-02 5.12906996E-03 1.00000000E-01 1.20000000E-01
1.03508319E-01 5.30667962E-03 1.00000000E-01 1.20000000E-01
1.12266029E-01 5.22654784E-03 1.00000000E-01 1.20000000E-01
1.21764718E-01 5.41403388E-03 1.00000000E-01 1.20000000E-01
1.32067079E-01 5.65967071E-03 1.00000000E-01 1.20000000E-01
1.43241110E-01 5.91612205E-03 1.00000000E-01 1.20000000E-01
1.55360561E-01 6.20906802E-03 1.00000000E-01 1.20000000E-01
1.68505425E-01 6.49713654E-03 1.00000000E-01 1.20000000E-01
1.82762458E-01 6.81725605E-03 1.00000000E-01 1.20000000E-01
1.98225762E-01 7.12869976E-03 1.00000000E-01 1.20000000E-01
2.14997396E-01 7.47264636E-03 1.00000000E-01 1.20000000E-01
2.33188058E-01 7.80289800E-03 1.00000000E-01 1.20000000E-01
2.52917808E-01 8.17529176E-03 1.00000000E-01 1.20000000E-01
2.74316869E-01 8.51893813E-03 1.00000000E-01 1.20000000E-01
2.97526477E-01 8.92568686E-03 1.00000000E-01 1.20000000E-01
3.22699821E-01 9.27637177E-03 1.00000000E-01 1.20000000E-01
3.50003050E-01 9.72377404E-03 1.00000000E-01 1.20000000E-01
3.79616371E-01 1.01013067E-02 1.00000000E-01 1.20000000E-01
4.11735239E-01 1.05714897E-02 1.00000000E-01 1.20000000E-01
4.46571644E-01 1.09940390E-02 1.00000000E-01 1.20000000E-01
4.84355514E-01 1.14712910E-02 1.00000000E-01 1.20000000E-01
5.25336230E-01 1.19474656E-02 1.00000000E-01 1.20000000E-01
5.69784273E-01 1.24273767E-02 1.00000000E-01 1.20000000E-01
6.17993009E-01 1.29677533E-02 1.00000000E-01 1.20000000E-01
6.70280627E-01 1.34455745E-02 1.00000000E-01 1.20000000E-01
7.26992234E-01 1.40620716E-02 1.00000000E-01 1.20000000E-01
7.88502140E-01 1.45616658E-02 1.00000000E-01 1.20000000E-01
8.55216323E-01 1.41701585E-02 1.00000000E-01 1.20000000E-01
9.27575109E-01 1.34057412E-02 1.00000000E-01 1.20000000E-01
1.00605608E+00 1.32147790E-02 1.00000000E-01 1.20000000E-01
1.09117723E+00 1.32162762E-02 1.00000000E-01 1.20000000E-01
1.18350038E+00 1.33361315E-02 1.00000000E-01 1.20000000E-01
1.28363487E+00 1.35887927E-02 1.00000000E-01 1.20000000E-01
1.39224161E+00 1.39350734E-02 1.00000000E-01 1.20000000E-01
1.51003744E+00 1.42991531E-02 1.00000000E-01 1.20000000E-01
1.63779982E+00 1.46602232E-02 1.00000000E-01 1.20000000E-01
1.77637202E+00 1.50342413E-02 1.00000000E-01 1.20000000E-01
1.92666864E+00 1.54226612E-02 1.00000000E-01 1.20000000E-01
2.08968167E+00 1.58521335E-02 1.00000000E-01 1.20000000E-01
2.26648703E+00 1.63111100E-02 1.00000000E-01 1.20000000E-01
2.45825167E+00 1.68709816E-02 1.00000000E-01 1.20000000E-01
2.66624128E+00 1.73559466E-02 1.00000000E-01 1.20000000E-01
2.89182863E+00 1.78263140E-02 1.00000000E-01 1.20000000E-01
3.13650264E+00 1.84540310E-02 1.00000000E-01 1.20000000E-01
3.40187821E+00 1.90345483E-02 1.00000000E-01 1.20000000E-01
3.68970689E+00 1.95817004E-02 1.00000000E-01 1.20000000E-01
4.00188838E+00 2.02468498E-02 1.00000000E-01 1.20000000E-01
4.34048317E+00 2.08693792E-02 1.00000000E-01 1.20000000E-01
4.70772603E+00 2.15344722E-02 1.00000000E-01 1.20000000E-01
5.10604086E+00 2.23853066E-02 1.00000000E-01 1.20000000E-01
5.53805661E+00 2.31548211E-02 1.00000000E-01 1.20000000E-01
6.00662467E+00 2.40869281E-02 1.00000000E-01 1.20000000E-01
6.51483769E+00 2.50268057E-02 1.00000000E-01 1.20000000E-01
7.06604998E+00 2.59517128E-02 1.00000000E-01 1.20000000E-01
7.66389965E+00 2.70768800E-02 1.00000000E-01 1.20000000E-01
8.31233264E+00 2.80543510E-02 1.00000000E-01 1.20000000E-01
9.01562874E+00 2.93244741E-02 1.00000000E-01 1.20000000E-01
9.77842984E+00 3.04674265E-02 1.00000000E-01 1.20000000E-01
1.06057706E+01 3.17703058E-02 1.00000000E-01 1.20000000E-01
1.15031116E+01 3.30956201E-02 1.00000000E-01 1.20000000E-01
1.24763755E+01 3.44132706E-02 1.00000000E-01 1.20000000E-01
1.35319861E+01 3.59365693E-02 1.00000000E-01 1.20000000E-01
1.46769106E+01 3.72774277E-02 1.00000000E-01 1.20000000E-01
1.59187057E+01 3.90413062E-02 1.00000000E-01 1.20000000E-01
1.72655675E+01 4.05489264E-02 1.00000000E-01 1.20000000E-01
1.87263856E+01 4.23989256E-02 1.00000000E-01 1.20000000E-01
2.03108017E+01 4.41173703E-02 1.00000000E-01 1.20000000E-01
2.20292733E+01 4.60168192E-02 1.00000000E-01 1.20000000E-01
2.38931427E+01 4.79744983E-02 1.00000000E-01 1.20000000E-01
2.59147117E+01 4.99586145E-02 1.00000000E-01 1.20000000E-01
2.81073231E+01 5.22155651E-02 1.00000000E-01 1.20000000E-01
3.04854486E+01 5.42302342E-02 1.00000000E-01 1.20000000E-01
3.30647844E+01 5.67748706E-02 1.00000000E-01 1.20000000E-01
3.58623546E+01 5.89350586E-02 1.00000000E-01 1.20000000E-01
3.88966236E+01 6.16900552E-02 1.00000000E-01 1.20000000E-01
4.21876184E+01 6.41685400E-02 1.00000000E-01 1.20000000E-01
4.57570602E+01 6.70292432E-02 1.00000000E-01 1.20000000E-01
4.96285080E+01 6.98306575E-02 1.00000000E-01 1.20000000E-01
5.38275141E+01 7.27687858E-02 1.00000000E-01 1.20000000E-01
5.83817930E+01 7.59628265E-02 1.00000000E-01 1.20000000E-01
6.33214036E+01 7.90260664E-02 1.00000000E-01 1.20000000E-01
6.86789486E+01 8.26499698E-02 1.00000000E-01 1.20000000E-01
7.44897888E+01 8.57360308E-02 1.00000000E-01 1.20000000E-01
8.07922769E+01 8.98472568E-02 1.00000000E-01 1.20000000E-01
8.76280106E+01 9.33687940E-02 1.00000000E-01 1.20000000E-01
9.50421073E+01 9.76354538E-02 1.00000000E-01 1.20000000E-01
1.03083501E+02 1.01672886E-01 1.00000000E-01 1.20000000E-01
1.11805268E+02 1.06113391E-01 1.00000000E-01 1.20000000E-01
1.21264972E+02 1.10650981E-01 1.00000000E-01 1.20000000E-01
1.31525050E+02 1.15207318E-01 1.00000000E-01 1.20000000E-01
1.42653221E+02 1.20369741E-01 1.00000000E-01 1.20000000E-01
1.54722932E+02 1.25045465E-01 1.00000000E-01 1.20000000E-01
1.67813846E+02 1.30900136E-01 1.00000000E-01 1.20000000E-01
1.82012366E+02 1.35893461E-01 1.00000000E-01 1.20000000E-01
1.97412205E+02 1.42277791E-01 1.00000000E-01 1.20000000E-01
2.14115006E+02 1.47961197E-01 1.00000000E-01 1.20000000E-01
2.32231009E+02 1.54649895E-01 1.00000000E-01 1.20000000E-01
2.51879785E+02 1.61071854E-01 1.00000000E-01 1.20000000E-01
2.73191019E+02 1.67892834E-01 1.00000000E-01 1.20000000E-01
2.96305371E+02 1.75181478E-01 1.00000000E-01 1.20000000E-01
3.21375399E+02 1.82111115E-01 1.00000000E-01 1.20000000E-01
3.48566570E+02 1.90404283E-01 1.00000000E-01 1.20000000E-01
3.78058353E+02 1.97457957E-01 1.00000000E-01 1.20000000E-01
4.10045398E+02 2.06759525E-01 1.00000000E-01 1.20000000E-01
4.44738828E+02 2.14801190E-01 1.00000000E-01 1.20000000E-01
4.82367626E+02 2.24316499E-01 1.00000000E-01 1.20000000E-01
5.23180149E+02 2.33476321E-01 1.00000000E-01 1.20000000E-01
5.67445768E+02 2.43184539E-01 1.00000000E-01 1.20000000E-01
6.15456647E+02 2.53604860E-01 1.00000000E-01 1.20000000E-01
6.67529666E+02 2.63375142E-01 1.00000000E-01 1.20000000E-01
7.24008518E+02 2.75316980E-01 1.00000000E-01 1.20000000E-01
7.85265976E+02 2.85550408E-01 1.00000000E-01 1.20000000E-01
8.51706350E+02 2.98729964E-01 1.00000000E-01 1.20000000E-01
9.23768162E+02 3.10437754E-01 1.00000000E-01 1.20000000E-01
1.00192703E+03 3.23957240E-01 1.00000000E-01 1.20000000E-01
1.08669883E+03 3.37420201E-01 1.00000000E-01 1.20000000E-01
1.17864306E+03 3.51171628E-01 1.00000000E-01 1.20000000E-01
1.27836658E+03 3.66600023E-01 1.00000000E-01 1.20000000E-01
1.38652758E+03 3.80523285E-01 1.00000000E-01 1.20000000E-01
1.50383995E+03 3.98188728E-01 1.00000000E-01 1.20000000E-01
1.63107798E+03 4.13310106E-01 1.00000000E-01 1.20000000E-01
1.76908145E+03 4.32366009E-01 1.00000000E-01 1.20000000E-01
1.91876122E+03 4.49653205E-01 1.00000000E-01 1.20000000E-01
2.08110522E+03 4.69636308E-01 1.00000000E-01 1.20000000E-01
2.25718493E+03 4.89290150E-01 1.00000000E-01 1.20000000E-01
2.44816253E+03 5.09608084E-01 1.00000000E-01 1.20000000E-01
2.65529851E+03 5.32085401E-01 1.00000000E-01 1.20000000E-01
2.87996001E+03 5.52753433E-01 1.00000000E-01 1.20000000E-01
3.12362983E+03 5.78381193E-01 1.00000000E-01 1.20000000E-01
3.38791625E+03 6.00269625E-01 1.00000000E-01 1.20000000E-01
3.67456362E+03 6.28575090E-01 1.00000000E-01 1.20000000E-01
3.98546386E+03 6.53702888E-01 1.00000000E-01 1.20000000E-01
4.32266899E+03 6.83133549E-01 1.00000000E-01 1.20000000E-01
4.68840462E+03 7.11450155E-01 1.00000000E-01 1.20000000E-01
5.08508469E+03 7.41717921E-01 1.00000000E-01 1.20000000E-01
5.51532736E+03 7.73950517E-01 1.00000000E-01 1.20000000E-01
5.98197233E+03 8.05081837E-01 1.00000000E-01 1.20000000E-01
6.48809954E+03 8.41675124E-01 1.00000000E-01 1.20000000E-01
7.03704955E+03 8.73268035E-01 1.00000000E-01 1.20000000E-01
7.63244553E+03 9.14958031E-01 1.00000000E-01 1.20000000E-01
8.27821723E+03 9.50539598E-01 1.00000000E-01 1.20000000E-01
8.97862686E+03 9.94113979E-01 1.00000000E-01 1.20000000E-01
9.73829728E+03 1.03458602E+00 1.00000000E-01 1.20000000E-01
