9.85213366E-04 2.91877890E-01 1.00000000E+00 1.20000000E-01
1.01635965E-03 2.86427361E-01 1.00000000E+00 1.20000000E-01
1.04849059E-03 2.82584750E-01 1.00000000E+00 1.20000000E-01
1.08163731E-03 2.78507954E-01 1.00000000E+00 1.20000000E-01
1.11583192E-03 2.74175552E-01 1.00000000E+00 1.20000000E-01
1.15110755E-03 2.69536142E-01 1.00000000E+00 1.20000000E-01
1.18749838E-03 2.64596370E-01 1.00000000E+00 1.20000000E-01
1.22503966E-03 2.59937689E-01 1.00000000E+00 1.20000000E-01
1.26376775E-03 2.56257225E-01 1.00000000E+00 1.20000000E-01
1.30372019E-03 2.52335549E-01 1.00000000E+00 1.20000000E-01
1.34493567E-03 2.48160755E-01 1.00000000E+00 1.20000000E-01
1.38745413E-03 2.43724652E-01 1.00000000E+00 1.20000000E-01
1.43131676E-03 2.38535907E-01 1.00000000E+00 1.20000000E-01
1.47656605E-03 2.35007778E-01 1.00000000E+00 1.20000000E-01
1.52324584E-03 2.31464606E-01 1.00000000E+00 1.20000000E-01
1.57140135E-03 2.27717029E-01 1.00000000E+00 1.20000000E-01
1.62107924E-03 2.23722881E-01 1.00000000E+00 1.20000000E-01
1.67232763E-03 2.19481312E-01 1.00000000E+00 1.20000000E-01
1.72519617E-03 2.15625713E-01 1.00000000E+00 1.20000000E-01
1.77973609E-03 2.12477184E-01 1.00000000E+00 1.20000000E-01
1.83600022E-03 2.09138620E-01 1.00000000E+00 1.20000000E-01
1.89404307E-03 2.05599246E-01 1.00000000E+00 1.20000000E-01
1.95392088E-03 2.01848135E-01 1.00000000E+00 1.20000000E-01
2.01569164E-03 1.97873829E-01 1.00000000E+00 1.20000000E-01
2.07941521E-03 1.95039406E-01 1.00000000E+00 1.20000000E-01
2.14515332E-03 1.92052223E-01 1.00000000E+00 1.20000000E-01
2.21296966E-03 1.88967567E-01 1.00000000E+00 1.20000000E-01
2.28292993E-03 1.85688738E-01 1.00000000E+00 1.20000000E-01
2.35510190E-03 1.82220501E-01 1.00000000E+00 1.20000000E-01
2.42955550E-03 1.79101108E-01 1.00000000E+00 1.20000000E-01
2.50636286E-03 1.76564136E-01 1.00000000E+00 1.20000000E-01
2.58559839E-03 1.73882194E-01 1.00000000E+00 1.20000000E-01
2.66733885E-03 1.71057869E-01 1.00000000E+00 1.20000000E-01
2.75166343E-03 1.68060900E-01 1.00000000E+00 1.20000000E-01
2.83865383E-03 1.64895780E-01 1.00000000E+00 1.20000000E-01
2.92839432E-03 1.62463944E-01 1.00000000E+00 1.20000000E-01
3.02097184E-03 1.60169660E-01 1.00000000E+00 1.20000000E-01
3.11647609E-03 1.57731239E-01 1.00000000E+00 1.20000000E-01
3.21499958E-03 1.55126181E-01 1.00000000E+00 1.20000000E-01
3.31663777E-03 1.52429034E-01 1.00000000E+00 1.20000000E-01
3.42148913E-03 1.49590305E-01 1.00000000E+00 1.20000000E-01
3.52965523E-03 1.47611354E-01 1.00000000E+00 1.20000000E-01
3.64124086E-03 1.45523677E-01 1.00000000E+00 1.20000000E-01
3.75635414E-03 1.43332885E-01 1.00000000E+00 1.20000000E-01
3.87510658E-03 1.41014656E-01 1.00000000E+00 1.20000000E-01
3.99761322E-03 1.38571434E-01 1.00000000E+00 1.20000000E-01
4.12399276E-03 1.36123647E-01 1.00000000E+00 1.20000000E-01
4.25436764E-03 1.34358412E-01 1.00000000E+00 1.20000000E-01
4.38886415E-03 1.32482010E-01 1.00000000E+00 1.20000000E-01
4.52761260E-03 1.30503310E-01 1.00000000E+00 1.20000000E-01
4.67074741E-03 1.28429793E-01 1.00000000E+00 1.20000000E-01
4.81840725E-03 1.26231452E-01 1.00000000E+00 1.20000000E-01
4.97073516E-03 1.24043900E-01 1.00000000E+00 1.20000000E-01
5.12787874E-03 1.22448421E-01 1.00000000E+00 1.20000000E-01
5.28999021E-03 1.20776161E-01 1.00000000E+00 1.20000000E-01
5.45722664E-03 1.19010022E-01 1.00000000E+00 1.20000000E-01
5.62975003E-03 1.17140542E-01 1.00000000E+00 1.20000000E-01
5.80772754E-03 1.15168454E-01 1.00000000E+00 1.20000000E-01
5.99133158E-03 1.13167260E-01 1.00000000E+00 1.20000000E-01
6.18074003E-03 1.11747679E-01 1.00000000E+00 1.20000000E-01
6.37613640E-03 1.10238755E-01 1.00000000E+00 1.20000000E-01
6.57770997E-03 1.08655008E-01 1.00000000E+00 1.20000000E-01
6.78565605E-03 1.06983997E-01 1.00000000E+00 1.20000000E-01
7.00017608E-03 1.05214644E-01 1.00000000E+00 1.20000000E-01
7.22147789E-03 1.03364505E-01 1.00000000E+00 1.20000000E-01
7.44977588E-03 1.02041232E-01 1.00000000E+00 1.20000000E-01
7.68529123E-03 1.00702005E-01 1.00000000E+00 1.20000000E-01
7.92825209E-03 9.92847364E-02 1.00000000E+00 1.20000000E-01
8.17889387E-03 9.77809800E-02 1.00000000E+00 1.20000000E-01
8.43745937E-03 9.62091073E-02 1.00000000E+00 1.20000000E-01
8.70419909E-03 9.45507033E-02 1.00000000E+00 1.20000000E-01
8.97937146E-03 9.32441232E-02 1.00000000E+00 1.20000000E-01
9.26324306E-03 9.20342189E-02 1.00000000E+00 1.20000000E-01
9.55608890E-03 9.07752269E-02 1.00000000E+00 1.20000000E-01
9.85819270E-03 8.94357354E-02 1.00000000E+00 1.20000000E-01
1.01698471E-02 8.80162966E-02 1.00000000E+00 1.20000000E-01
1.04913541E-02 8.65193472E-02 1.00000000E+00 1.20000000E-01
1.08230252E-02 8.52323985E-02 1.00000000E+00 1.20000000E-01
1.11651816E-02 8.41576798E-02 1.00000000E+00 1.20000000E-01
1.15181548E-02 8.30140288E-02 1.00000000E+00 1.20000000E-01
1.18822869E-02 8.18180890E-02 1.00000000E+00 1.20000000E-01
1.22579305E-02 8.05477283E-02 1.00000000E+00 1.20000000E-01
1.26454497E-02 7.92137193E-02 1.00000000E+00 1.20000000E-01
1.30452197E-02 7.79311753E-02 1.00000000E+00 1.20000000E-01
1.34576280E-02 7.69587082E-02 1.00000000E+00 1.20000000E-01
1.38830741E-02 7.59383009E-02 1.00000000E+00 1.20000000E-01
1.43219701E-02 7.48700712E-02 1.00000000E+00 1.20000000E-01
1.47747413E-02 7.37281340E-02 1.00000000E+00 1.20000000E-01
1.52418263E-02 7.25242166E-02 1.00000000E+00 1.20000000E-01
1.57236775E-02 7.12618945E-02 1.00000000E+00 1.20000000E-01
1.62207619E-02 7.04011217E-02 1.00000000E+00 1.20000000E-01
1.67335610E-02 6.94842159E-02 1.00000000E+00 1.20000000E-01
1.72625717E-02 6.85176476E-02 1.00000000E+00 1.20000000E-01
1.78083063E-02 6.75026653E-02 1.00000000E+00 1.20000000E-01
1.83712936E-02 6.64282521E-02 1.00000000E+00 1.20000000E-01
1.89520791E-02 6.52866253E-02 1.00000000E+00 1.20000000E-01
1.95512253E-02 6.43812768E-02 1.00000000E+00 1.20000000E-01
2.01693129E-02 6.35630228E-02 1.00000000E+00 1.20000000E-01
2.08069405E-02 6.26931132E-02 1.00000000E+00 1.20000000E-01
2.14647259E-02 6.17718652E-02 1.00000000E+00 1.20000000E-01
2.21433063E-02 6.08081340E-02 1.00000000E+00 1.20000000E-01
2.28433393E-02 5.97808725E-02 1.00000000E+00 1.20000000E-01
2.35655029E-02 5.88698793E-02 1.00000000E+00 1.20000000E-01
2.43104968E-02 5.81259131E-02 1.00000000E+00 1.20000000E-01
2.50790427E-02 5.73475903E-02 1.00000000E+00 1.20000000E-01
2.58718853E-02 5.65178724E-02 1.00000000E+00 1.20000000E-01
2.66897926E-02 5.56413083E-02 1.00000000E+00 1.20000000E-01
2.75335570E-02 5.47161491E-02 1.00000000E+00 1.20000000E-01
2.84039959E-02 5.38084454E-02 1.00000000E+00 1.20000000E-01
2.93019527E-02 5.31464442E-02 1.00000000E+00 1.20000000E-01
3.02282973E-02 5.24379957E-02 1.00000000E+00 1.20000000E-01
3.11839271E-02 5.16884293E-02 1.00000000E+00 1.20000000E-01
3.21697680E-02 5.08970956E-02 1.00000000E+00 1.20000000E-01
3.31867750E-02 5.00686035E-02 1.00000000E+00 1.20000000E-01
3.42359333E-02 4.91967829E-02 1.00000000E+00 1.20000000E-01
3.53182596E-02 4.85728515E-02 1.00000000E+00 1.20000000E-01
3.64348022E-02 4.79359165E-02 1.00000000E+00 1.20000000E-01
3.75866429E-02 4.72607036E-02 1.00000000E+00 1.20000000E-01
3.87748976E-02 4.65445076E-02 1.00000000E+00 1.20000000E-01
4.00007174E-02 4.57871697E-02 1.00000000E+00 1.20000000E-01
4.12652901E-02 4.49936522E-02 1.00000000E+00 1.20000000E-01
4.25698406E-02 4.43727560E-02 1.00000000E+00 1.20000000E-01
4.39156329E-02 4.37909725E-02 1.00000000E+00 1.20000000E-01
4.53039707E-02 4.31753709E-02 1.00000000E+00 1.20000000E-01
4.67361991E-02 4.25300621E-02 1.00000000E+00 1.20000000E-01
4.82137055E-02 4.18406174E-02 1.00000000E+00 1.20000000E-01
4.97379215E-02 4.11193038E-02 1.00000000E+00 1.20000000E-01
5.13103237E-02 4.05138583E-02 1.00000000E+00 1.20000000E-01
5.29324354E-02 3.99830693E-02 1.00000000E+00 1.20000000E-01
5.46058282E-02 3.94262379E-02 1.00000000E+00 1.20000000E-01
5.63321231E-02 3.88310414E-02 1.00000000E+00 1.20000000E-01
5.81129927E-02 3.82003292E-02 1.00000000E+00 1.20000000E-01
5.99501623E-02 3.75321222E-02 1.00000000E+00 1.20000000E-01
6.18454117E-02 3.69606336E-02 1.00000000E+00 1.20000000E-01
6.38005771E-02 3.64715794E-02 1.00000000E+00 1.20000000E-01
6.58175525E-02 3.59528094E-02 1.00000000E+00 1.20000000E-01
6.78982921E-02 3.54042520E-02 1.00000000E+00 1.20000000E-01
7.00448117E-02 3.48234831E-02 1.00000000E+00 1.20000000E-01
7.22591908E-02 3.42033110E-02 1.00000000E+00 1.20000000E-01
7.45435747E-02 3.36730239E-02 1.00000000E+00 1.20000000E-01
7.69001766E-02 3.32232436E-02 1.00000000E+00 1.20000000E-01
7.93312795E-02 3.27434924E-02 1.00000000E+00 1.20000000E-01
8.18392387E-02 3.22318916E-02 1.00000000E+00 1.20000000E-01
8.44264838E-02 3.16882828E-02 1.00000000E+00 1.20000000E-01
8.70955215E-02 3.11118093E-02 1.00000000E+00 1.20000000E-01
8.98489375E-02 3.06353810E-02 1.00000000E+00 1.20000000E-01
9.26893993E-02 3.01974546E-02 1.00000000E+00 1.20000000E-01
9.56196587E-02 2.97038644E-02 1.00000000E+00 1.20000000E-01
9.86425546E-02 2.90943307E-02 1.00000000E+00 1.20000000E-01
1.01761016E-01 2.81494918E-02 1.00000000E+00 1.20000000E-01
1.04978063E-01 2.67560691E-02 1.00000000E+00 1.20000000E-01
1.08296813E-01 2.53509181E-02 1.00000000E+00 1.20000000E-01
1.11720481E-01 2.45621920E-02 1.00000000E+00 1.20000000E-01
1.15252385E-01 2.38190725E-02 1.00000000E+00 1.20000000E-01
1.18895945E-01 2.31935884E-02 1.00000000E+00 1.20000000E-01
1.22654691E-01 2.27107785E-02 1.00000000E+00 1.20000000E-01
1.26532266E-01 2.22087886E-02 1.00000000E+00 1.20000000E-01
1.30532425E-01 2.16863553E-02 1.00000000E+00 1.20000000E-01
1.34659044E-01 2.12009838E-02 1.00000000E+00 1.20000000E-01
1.38916122E-01 2.08291135E-02 1.00000000E+00 1.20000000E-01
1.43307781E-01 2.04284145E-02 1.00000000E+00 1.20000000E-01
1.47838277E-01 1.99996811E-02 1.00000000E+00 1.20000000E-01
1.52512000E-01 1.95436570E-02 1.00000000E+00 1.20000000E-01
1.57333476E-01 1.91889741E-02 1.00000000E+00 1.20000000E-01
1.62307377E-01 1.88440116E-02 1.00000000E+00 1.20000000E-01
1.67438521E-01 1.84725522E-02 1.00000000E+00 1.20000000E-01
1.72731881E-01 1.80687864E-02 1.00000000E+00 1.20000000E-01
1.78192583E-01 1.76611382E-02 1.00000000E+00 1.20000000E-01
1.83825919E-01 1.73495418E-02 1.00000000E+00 1.20000000E-01
1.89637345E-01 1.70107607E-02 1.00000000E+00 1.20000000E-01
1.95632493E-01 1.66360951E-02 1.00000000E+00 1.20000000E-01
2.01817169E-01 1.62230305E-02 1.00000000E+00 1.20000000E-01
2.08197367E-01 1.59037690E-02 1.00000000E+00 1.20000000E-01
2.14779266E-01 1.55751824E-02 1.00000000E+00 1.20000000E-01
2.21569244E-01 1.52087852E-02 1.00000000E+00 1.20000000E-01
2.28573879E-01 1.48009906E-02 1.00000000E+00 1.20000000E-01
2.35799956E-01 1.44735257E-02 1.00000000E+00 1.20000000E-01
2.43254476E-01 1.41352906E-02 1.00000000E+00 1.20000000E-01
2.50944663E-01 1.37528320E-02 1.00000000E+00 1.20000000E-01
2.58877964E-01 1.33463667E-02 1.00000000E+00 1.20000000E-01
2.67062067E-01 1.30186797E-02 1.00000000E+00 1.20000000E-01
2.75504900E-01 1.26414111E-02 1.00000000E+00 1.20000000E-01
2.84214643E-01 1.22040690E-02 1.00000000E+00 1.20000000E-01
2.93199734E-01 1.18634501E-02 1.00000000E+00 1.20000000E-01
3.02468877E-01 1.14584837E-02 1.00000000E+00 1.20000000E-01
3.12031052E-01 1.10200829E-02 1.00000000E+00 1.20000000E-01
3.21895523E-01 1.05992148E-02 1.00000000E+00 1.20000000E-01
3.32071848E-01 1.00356912E-02 1.00000000E+00 1.20000000E-01
3.42569884E-01 9.27677173E-03 1.00000000E+00 1.20000000E-01
3.53399802E-01 8.06599262E-03 1.00000000E+00 1.20000000E-01
3.64572095E-01 5.75213924E-03 1.00000000E+00 1.20000000E-01
3.76097586E-01 2.95268905E-03 1.00000000E+00 1.20000000E-01
3.87987440E-01 1.35822040E-03 1.00000000E+00 1.20000000E-01
4.00253178E-01 6.29037191E-04 1.00000000E+00 1.20000000E-01
4.12906681E-01 2.97406894E-04 1.00000000E+00 1.20000000E-01
4.25960210E-01 1.42930983E-04 1.00000000E+00 1.20000000E-01
4.39426409E-01 6.98047593E-05 1.00000000E+00 1.20000000E-01
4.53318325E-01 3.43358970E-05 1.00000000E+00 1.20000000E-01
4.67649417E-01 1.68806252E-05 1.00000000E+00 1.20000000E-01
4.82433569E-01 8.16914424E-06 1.00000000E+00 1.20000000E-01
