1.15110755E-04 2.46045513E-01 1.00000000E-01 1.20000000E-01
1.18749838E-04 1.77745332E-01 1.00000000E-01 1.20000000E-01
1.22503966E-04 1.40160081E-01 1.00000000E-01 1.20000000E-01
1.26376775E-04 1.30668827E-01 1.00000000E-01 1.20000000E-01
1.30372019E-04 1.18301199E-01 1.00000000E-01 1.20000000E-01
1.34493567E-04 1.12860833E-01 1.00000000E-01 1.20000000E-01
1.38745413E-04 1.06074398E-01 1.00000000E-01 1.20000000E-01
1.43131676E-04 1.02386175E-01 1.00000000E-01 1.20000000E-01
1.47656605E-04 9.77014550E-02 1.00000000E-01 1.20000000E-01
1.52324584E-04 9.46643717E-02 1.00000000E-01 1.20000000E-01
1.57140135E-04 9.11489960E-02 1.00000000E-01 1.20000000E-01
1.62107924E-04 8.77434729E-02 1.00000000E-01 1.20000000E-01
1.67232763E-04 8.54574038E-02 1.00000000E-01 1.20000000E-01
1.72519617E-04 8.29721972E-02 1.00000000E-01 1.20000000E-01
1.77973609E-04 8.11309042E-02 1.00000000E-01 1.20000000E-01
1.83600022E-04 7.84155116E-02 1.00000000E-01 1.20000000E-01
1.89404307E-04 7.69125345E-02 1.00000000E-01 1.20000000E-01
1.95392088E-04 7.49013466E-02 1.00000000E-01 1.20000000E-01
2.01569164E-04 7.33085790E-02 1.00000000E-01 1.20000000E-01
2.07941521E-04 7.11540950E-02 1.00000000E-01 1.20000000E-01
2.14515332E-04 6.99568516E-02 1.00000000E-01 1.20000000E-01
2.21296966E-04 6.83390822E-02 1.00000000E-01 1.20000000E-01
2.28292993E-04 6.66314887E-02 1.00000000E-01 1.20000000E-01
2.35510190E-04 6.52161797E-02 1.00000000E-01 1.20000000E-01
2.42955550E-04 6.38639958E-02 1.00000000E-01 1.20000000E-01
2.50636286E-04 6.28008049E-02 1.00000000E-01 1.20000000E-01
2.58559839E-04 6.14156914E-02 1.00000000E-01 1.20000000E-01
2.66733885E-04 6.02235889E-02 1.00000000E-01 1.20000000E-01
2.75166343E-04 5.88536249E-02 1.00000000E-01 1.20000000E-01
2.83865383E-04 5.79649300E-02 1.00000000E-01 1.20000000E-01
2.92839432E-04 5.68398197E-02 1.00000000E-01 1.20000000E-01
3.02097184E-04 5.56646652E-02 1.00000000E-01 1.20000000E-01
3.11647609E-04 5.45994616E-02 1.00000000E-01 1.20000000E-01
3.21499958E-04 5.35114570E-02 1.00000000E-01 1.20000000E-01
3.31663777E-04 5.27214515E-02 1.00000000E-01 1.20000000E-01
3.42148913E-04 5.17624266E-02 1.00000000E-01 1.20000000E-01
3.52965523E-04 5.08793665E-02 1.00000000E-01 1.20000000E-01
3.64124086E-04 4.98231696E-02 1.00000000E-01 1.20000000E-01
3.75635414E-04 4.89380833E-02 1.00000000E-01 1.20000000E-01
3.87510658E-04 4.81597448E-02 1.00000000E-01 1.20000000E-01
3.99761322E-04 4.74310581E-02 1.00000000E-01 1.20000000E-01
4.12399276E-04 4.65719572E-02 1.00000000E-01 1.20000000E-01
4.25436764E-04 4.56642083E-02 1.00000000E-01 1.20000000E-01
4.38886415E-04 4.47940867E-02 1.00000000E-01 1.20000000E-01
4.52761260E-04 4.41334781E-02 1.00000000E-01 1.20000000E-01
4.67074741E-04 4.34955946E-02 1.00000000E-01 1.20000000E-01
4.81840725E-04 4.27611207E-02 1.00000000E-01 1.20000000E-01
4.97073516E-04 4.20504759E-02 1.00000000E-01 1.20000000E-01
5.12787874E-04 4.12312538E-02 1.00000000E-01 1.20000000E-01
5.28999021E-04 4.05652051E-02 1.00000000E-01 1.20000000E-01
5.45722664E-04 3.99702837E-02 1.00000000E-01 1.20000000E-01
5.62975003E-04 3.93837017E-02 1.00000000E-01 1.20000000E-01
5.80772754E-04 3.87175736E-02 1.00000000E-01 1.20000000E-01
5.99133158E-04 3.80155485E-02 1.00000000E-01 1.20000000E-01
6.18074003E-04 3.73227159E-02 1.00000000E-01 1.20000000E-01
6.37613640E-04 3.67668029E-02 1.00000000E-01 1.20000000E-01
6.57770997E-04 3.62534166E-02 1.00000000E-01 1.20000000E-01
6.78565605E-04 3.56811012E-02 1.00000000E-01 1.20000000E-01
7.00017608E-04 3.51026429E-02 1.00000000E-01 1.20000000E-01
7.22147789E-04 3.44637519E-02 1.00000000E-01 1.20000000E-01
7.44977588E-04 3.38463954E-02 1.00000000E-01 1.20000000E-01
7.68529123E-04 3.33732296E-02 1.00000000E-01 1.20000000E-01
7.92825209E-04 3.28746575E-02 1.00000000E-01 1.20000000E-01
8.17889387E-04 3.23629179E-02 1.00000000E-01 1.20000000E-01
8.43745937E-04 3.18024577E-02 1.00000000E-01 1.20000000E-01
8.70419909E-04 3.12255637E-02 1.00000000E-01 1.20000000E-01
8.97937146E-04 3.06979362E-02 1.00000000E-01 1.20000000E-01
9.26324306E-04 3.02715271E-02 1.00000000E-01 1.20000000E-01
9.55608890E-04 2.96962918E-02 1.00000000E-01 1.20000000E-01
9.85819270E-04 2.92172680E-02 1.00000000E-01 1.20000000E-01
1.01698471E-03 2.87074352E-02 1.00000000E-01 1.20000000E-01
1.04913541E-03 2.81694924E-02 1.00000000E-01 1.20000000E-01
1.08230252E-03 2.77881115E-02 1.00000000E-01 1.20000000E-01
1.11651816E-03 2.73833870E-02 1.00000000E-01 1.20000000E-01
1.15181548E-03 2.69543389E-02 1.00000000E-01 1.20000000E-01
1.18822869E-03 2.64970884E-02 1.00000000E-01 1.20000000E-01
1.22579305E-03 2.60080680E-02 1.00000000E-01 1.20000000E-01
1.26454497E-03 2.55495467E-02 1.00000000E-01 1.20000000E-01
1.30452197E-03 2.51843039E-02 1.00000000E-01 1.20000000E-01
1.34576280E-03 2.47954371E-02 1.00000000E-01 1.20000000E-01
1.38830741E-03 2.43838025E-02 1.00000000E-01 1.20000000E-01
1.43219701E-03 2.39020260E-02 1.00000000E-01 1.20000000E-01
1.47747413E-03 2.34316840E-02 1.00000000E-01 1.20000000E-01
1.52418263E-03 2.30895022E-02 1.00000000E-01 1.20000000E-01
1.57236775E-03 2.27390490E-02 1.00000000E-01 1.20000000E-01
1.62207619E-03 2.23666375E-02 1.00000000E-01 1.20000000E-01
1.67335610E-03 2.19710930E-02 1.00000000E-01 1.20000000E-01
1.72625717E-03 2.15509254E-02 1.00000000E-01 1.20000000E-01
1.78083063E-03 2.11794733E-02 1.00000000E-01 1.20000000E-01
1.83712936E-03 2.08687758E-02 1.00000000E-01 1.20000000E-01
1.89520791E-03 2.05407546E-02 1.00000000E-01 1.20000000E-01
1.95512253E-03 2.01910958E-02 1.00000000E-01 1.20000000E-01
2.01693129E-03 1.98205283E-02 1.00000000E-01 1.20000000E-01
2.08069405E-03 1.94295515E-02 1.00000000E-01 1.20000000E-01
2.14647259E-03 1.91502738E-02 1.00000000E-01 1.20000000E-01
2.21433063E-03 1.88607340E-02 1.00000000E-01 1.20000000E-01
2.28433393E-03 1.85558568E-02 1.00000000E-01 1.20000000E-01
2.35655029E-03 1.82328719E-02 1.00000000E-01 1.20000000E-01
2.43104968E-03 1.78901198E-02 1.00000000E-01 1.20000000E-01
2.50790427E-03 1.75905529E-02 1.00000000E-01 1.20000000E-01
2.58718853E-03 1.73390526E-02 1.00000000E-01 1.20000000E-01
2.66897926E-03 1.70743518E-02 1.00000000E-01 1.20000000E-01
2.75335570E-03 1.67938723E-02 1.00000000E-01 1.20000000E-01
2.84039959E-03 1.64979196E-02 1.00000000E-01 1.20000000E-01
2.93019527E-03 1.61843282E-02 1.00000000E-01 1.20000000E-01
3.02282973E-03 1.59527057E-02 1.00000000E-01 1.20000000E-01
3.11839271E-03 1.57237306E-02 1.00000000E-01 1.20000000E-01
3.21697680E-03 1.54798691E-02 1.00000000E-01 1.20000000E-01
3.31867750E-03 1.52239242E-02 1.00000000E-01 1.20000000E-01
3.42359333E-03 1.49534706E-02 1.00000000E-01 1.20000000E-01
3.53182596E-03 1.46844297E-02 1.00000000E-01 1.20000000E-01
3.64348022E-03 1.44870671E-02 1.00000000E-01 1.20000000E-01
3.75866429E-03 1.42786333E-02 1.00000000E-01 1.20000000E-01
3.87748976E-03 1.40596640E-02 1.00000000E-01 1.20000000E-01
4.00007174E-03 1.38274791E-02 1.00000000E-01 1.20000000E-01
4.12652901E-03 1.35824397E-02 1.00000000E-01 1.20000000E-01
4.25698406E-03 1.33523203E-02 1.00000000E-01 1.20000000E-01
4.39156329E-03 1.31746422E-02 1.00000000E-01 1.20000000E-01
4.53039707E-03 1.29854566E-02 1.00000000E-01 1.20000000E-01
4.67361991E-03 1.27865358E-02 1.00000000E-01 1.20000000E-01
4.82137055E-03 1.25752143E-02 1.00000000E-01 1.20000000E-01
4.97379215E-03 1.23523241E-02 1.00000000E-01 1.20000000E-01
5.13103237E-03 1.21521050E-02 1.00000000E-01 1.20000000E-01
5.29324354E-03 1.19904080E-02 1.00000000E-01 1.20000000E-01
5.46058282E-03 1.18181264E-02 1.00000000E-01 1.20000000E-01
5.63321231E-03 1.16368478E-02 1.00000000E-01 1.20000000E-01
5.81129927E-03 1.14442424E-02 1.00000000E-01 1.20000000E-01
5.99501623E-03 1.12405590E-02 1.00000000E-01 1.20000000E-01
6.18454117E-03 1.10659538E-02 1.00000000E-01 1.20000000E-01
6.38005771E-03 1.09169145E-02 1.00000000E-01 1.20000000E-01
6.58175525E-03 1.07596840E-02 1.00000000E-01 1.20000000E-01
6.78982921E-03 1.05927318E-02 1.00000000E-01 1.20000000E-01
7.00448117E-03 1.04161523E-02 1.00000000E-01 1.20000000E-01
7.22591908E-03 1.02298482E-02 1.00000000E-01 1.20000000E-01
7.45435747E-03 1.00724397E-02 1.00000000E-01 1.20000000E-01
7.69001766E-03 9.93608105E-03 1.00000000E-01 1.20000000E-01
7.93312795E-03 9.79096597E-03 1.00000000E-01 1.20000000E-01
8.18392387E-03 9.63596512E-03 1.00000000E-01 1.20000000E-01
8.44264838E-03 9.47271117E-03 1.00000000E-01 1.20000000E-01
8.70955215E-03 9.29917597E-03 1.00000000E-01 1.20000000E-01
8.98489375E-03 9.16129855E-03 1.00000000E-01 1.20000000E-01
9.26893993E-03 9.03266166E-03 1.00000000E-01 1.20000000E-01
9.56196587E-03 8.89740086E-03 1.00000000E-01 1.20000000E-01
9.86425546E-03 8.75228299E-03 1.00000000E-01 1.20000000E-01
1.01761016E-02 8.59693282E-03 1.00000000E-01 1.20000000E-01
1.04978063E-02 8.43118429E-03 1.00000000E-01 1.20000000E-01
1.08296813E-02 8.31762540E-03 1.00000000E-01 1.20000000E-01
1.11720481E-02 8.19490608E-03 1.00000000E-01 1.20000000E-01
1.15252385E-02 8.06352824E-03 1.00000000E-01 1.20000000E-01
1.18895945E-02 7.92434383E-03 1.00000000E-01 1.20000000E-01
1.22654691E-02 7.77469349E-03 1.00000000E-01 1.20000000E-01
1.26532266E-02 7.63792327E-03 1.00000000E-01 1.20000000E-01
1.30532425E-02 7.52612739E-03 1.00000000E-01 1.20000000E-01
1.34659044E-02 7.40553169E-03 1.00000000E-01 1.20000000E-01
1.38916122E-02 7.27576468E-03 1.00000000E-01 1.20000000E-01
1.43307781E-02 7.13651970E-03 1.00000000E-01 1.20000000E-01
1.47838277E-02 6.99134550E-03 1.00000000E-01 1.20000000E-01
1.52512000E-02 6.88554086E-03 1.00000000E-01 1.20000000E-01
1.57333476E-02 6.77058670E-03 1.00000000E-01 1.20000000E-01
1.62307377E-02 6.64893460E-03 1.00000000E-01 1.20000000E-01
1.67438521E-02 6.51326520E-03 1.00000000E-01 1.20000000E-01
1.72731881E-02 6.37213448E-03 1.00000000E-01 1.20000000E-01
1.78192583E-02 6.26840848E-03 1.00000000E-01 1.20000000E-01
1.83825919E-02 6.15446899E-03 1.00000000E-01 1.20000000E-01
1.89637345E-02 6.02950829E-03 1.00000000E-01 1.20000000E-01
1.95632493E-02 5.89163372E-03 1.00000000E-01 1.20000000E-01
2.01817169E-02 5.76803344E-03 1.00000000E-01 1.20000000E-01
2.08197367E-02 5.65886187E-03 1.00000000E-01 1.20000000E-01
2.14779266E-02 5.53754715E-03 1.00000000E-01 1.20000000E-01
2.21569244E-02 5.40318726E-03 1.00000000E-01 1.20000000E-01
2.28573879E-02 5.26924040E-03 1.00000000E-01 1.20000000E-01
2.35799956E-02 5.15951865E-03 1.00000000E-01 1.20000000E-01
2.43254476E-02 5.03541647E-03 1.00000000E-01 1.20000000E-01
2.50944663E-02 4.89366369E-03 1.00000000E-01 1.20000000E-01
2.58877964E-02 4.76663243E-03 1.00000000E-01 1.20000000E-01
2.67062067E-02 4.64606386E-03 1.00000000E-01 1.20000000E-01
2.75504900E-02 4.50471055E-03 1.00000000E-01 1.20000000E-01
2.84214643E-02 4.35666165E-03 1.00000000E-01 1.20000000E-01
2.93199734E-02 4.21496091E-03 1.00000000E-01 1.20000000E-01
3.02468877E-02 4.02238308E-03 1.00000000E-01 1.20000000E-01
3.12031052E-02 3.70823883E-03 1.00000000E-01 1.20000000E-01
3.21895523E-02 3.26162572E-03 1.00000000E-01 1.20000000E-01
3.32071848E-02 2.39589574E-03 1.00000000E-01 1.20000000E-01
3.42569884E-02 1.29724123E-03 1.00000000E-01 1.20000000E-01
3.53399802E-02 6.25175116E-04 1.00000000E-01 1.20000000E-01
3.64572095E-02 3.04276672E-04 1.00000000E-01 1.20000000E-01
3.76097586E-02 1.50694951E-04 1.00000000E-01 1.20000000E-01
3.87987440E-02 7.58147560E-05 1.00000000E-01 1.20000000E-01
4.00253178E-02 3.87235822E-05 1.00000000E-01 1.20000000E-01
4.12906681E-02 2.01035713E-05 1.00000000E-01 1.20000000E-01
4.25960210E-02 1.05537612E-05 1.00000000E-01 1.20000000E-01
4.39426409E-02 5.59857673E-06 1.00000000E-01 1.20000000E-01
4.53318325E-02 2.98320782E-06 1.00000000E-01 1.20000000E-01
4.67649417E-02 1.57892791E-06 1.00000000E-01 1.20000000E-01
4.82433569E-02 8.09300242E-07 1.00000000E-01 1.20000000E-01
