2.02040429E-04 6.66006697E-04 1.01020215E-03 1.20000000E-01
2.19134818E-04 6.79711555E-04 1.09567409E-03 1.20000000E-01
2.37675541E-04 6.97060131E-04 1.18837771E-03 1.20000000E-01
2.57784972E-04 7.18720140E-04 1.28892486E-03 1.20000000E-01
2.79595837E-04 7.39825299E-04 1.39797919E-03 1.20000000E-01
3.03252092E-04 7.62172473E-04 1.51626046E-03 1.20000000E-01
3.28909874E-04 7.90397960E-04 1.64454937E-03 1.20000000E-01
3.56738528E-04 8.16402813E-04 1.78369264E-03 1.20000000E-01
3.86921729E-04 8.45974612E-04 1.93460865E-03 1.20000000E-01
4.19658694E-04 8.78420032E-04 2.09829347E-03 1.20000000E-01
4.55165493E-04 9.07681559E-04 2.27582746E-03 1.20000000E-01
4.93676477E-04 9.46236571E-04 2.46838239E-03 1.20000000E-01
5.35445828E-04 9.81343153E-04 2.67722914E-03 1.20000000E-01
5.80749232E-04 1.01998083E-03 2.90374616E-03 1.20000000E-01
6.29885700E-04 1.06153578E-03 3.14942850E-03 1.20000000E-01
6.83179543E-04 1.09953089E-03 3.41589772E-03 1.20000000E-01
7.40982512E-04 1.14777844E-03 3.70491256E-03 1.20000000E-01
8.03676118E-04 1.18978466E-03 4.01838059E-03 1.20000000E-01
8.71674152E-04 1.23931671E-03 4.35837076E-03 1.20000000E-01
9.45425415E-04 1.28257473E-03 4.72712707E-03 1.20000000E-01
1.02541668E-03 1.33114385E-03 5.12708340E-03 1.20000000E-01
1.11217591E-03 1.38835640E-03 5.56087953E-03 1.20000000E-01
1.20627572E-03 1.43750217E-03 6.03137861E-03 1.20000000E-01
1.30833721E-03 1.49743870E-03 6.54168603E-03 1.20000000E-01
1.41903398E-03 1.55116233E-03 7.09516992E-03 1.20000000E-01
1.53909668E-03 1.60670723E-03 7.69548340E-03 1.20000000E-01
1.66931773E-03 1.67177124E-03 8.34658865E-03 1.20000000E-01
1.81055662E-03 1.72873778E-03 9.05278310E-03 1.20000000E-01
1.96374556E-03 1.79887476E-03 9.81872778E-03 1.20000000E-01
2.12989562E-03 1.86578221E-03 1.06494781E-02 1.20000000E-01
2.31010343E-03 1.93351248E-03 1.15505171E-02 1.20000000E-01
2.50555840E-03 2.01409572E-03 1.25277920E-02 1.20000000E-01
2.71755057E-03 2.08525163E-03 1.35877528E-02 1.20000000E-01
2.94747913E-03 2.17478085E-03 1.47373957E-02 1.20000000E-01
3.19686167E-03 2.25856701E-03 1.59843083E-02 1.20000000E-01
3.46734414E-03 2.34959754E-03 1.73367207E-02 1.20000000E-01
3.76071181E-03 2.44846407E-03 1.88035590E-02 1.20000000E-01
4.07890094E-03 2.54081619E-03 2.03945047E-02 1.20000000E-01
4.42401166E-03 2.65601924E-03 2.21200583E-02 1.20000000E-01
4.79832177E-03 2.75629438E-03 2.39916088E-02 1.20000000E-01
5.20430179E-03 2.88295926E-03 2.60215089E-02 1.20000000E-01
5.64463127E-03 2.99830438E-03 2.82231563E-02 1.20000000E-01
6.12221648E-03 3.13091651E-03 3.06110824E-02 1.20000000E-01
6.64020958E-03 3.26330111E-03 3.32010479E-02 1.20000000E-01
7.20202943E-03 3.40085085E-03 3.60101471E-02 1.20000000E-01
7.81138415E-03 3.55235048E-03 3.90569208E-02 1.20000000E-01
8.47229562E-03 3.69566127E-03 4.23614781E-02 1.20000000E-01
9.18912598E-03 3.86731396E-03 4.59456299E-02 1.20000000E-01
9.96660647E-03 4.01630742E-03 4.98330323E-02 1.20000000E-01
1.08098686E-02 4.21136788E-03 5.40493430E-02 1.20000000E-01
1.17244781E-02 4.37865223E-03 5.86223905E-02 1.20000000E-01
1.27164716E-02 4.58476247E-03 6.35823579E-02 1.20000000E-01
1.37923964E-02 4.77366959E-03 6.89619818E-02 1.20000000E-01
1.49593538E-02 4.99160353E-03 7.47967691E-02 1.20000000E-01
1.62250461E-02 5.20589656E-03 8.11252304E-02 1.20000000E-01
1.75978270E-02 5.43342870E-03 8.79891350E-02 1.20000000E-01
1.90867572E-02 5.67490446E-03 9.54337859E-02 1.20000000E-01
2.07016639E-02 5.91455448E-03 1.03508319E-01 1.20000000E-01
2.24532059E-02 6.18433820E-03 1.12266029E-01 1.20000000E-01
2.43529436E-02 6.43450472E-03 1.21764718E-01 1.20000000E-01
2.64134158E-02 6.73851439E-03 1.32067079E-01 1.20000000E-01
2.86482219E-02 6.99974870E-03 1.43241110E-01 1.20000000E-01
3.10721122E-02 7.33934803E-03 1.55360561E-01 1.20000000E-01
3.37010849E-02 7.63381091E-03 1.68505425E-01 1.20000000E-01
3.65524917E-02 7.99281790E-03 1.82762458E-01 1.20000000E-01
3.96451524E-02 8.32281847E-03 1.98225762E-01 1.20000000E-01
4.29994793E-02 8.69837822E-03 2.14997396E-01 1.20000000E-01
4.66376116E-02 9.07072218E-03 2.33188058E-01 1.20000000E-01
5.05835617E-02 9.46605960E-03 2.52917808E-01 1.20000000E-01
5.48633737E-02 9.88500345E-03 2.74316869E-01 1.20000000E-01
5.95052953E-02 1.02936682E-02 2.97526477E-01 1.20000000E-01
6.45399642E-02 1.07656701E-02 3.22699821E-01 1.20000000E-01
7.00006100E-02 1.11873091E-02 3.50003050E-01 1.20000000E-01
7.59232743E-02 1.17215536E-02 3.79616371E-01 1.20000000E-01
8.23470478E-02 1.21785851E-02 4.11735239E-01 1.20000000E-01
8.93143288E-02 1.27559728E-02 4.46571644E-01 1.20000000E-01
9.68711028E-02 1.32359686E-02 4.84355514E-01 1.20000000E-01
1.05067246E-01 1.30693433E-02 5.25336230E-01 1.20000000E-01
1.13956855E-01 1.28722820E-02 5.69784273E-01 1.20000000E-01
1.23598602E-01 1.31338390E-02 6.17993009E-01 1.20000000E-01
1.34056125E-01 1.35124298E-02 6.70280627E-01 1.20000000E-01
1.45398447E-01 1.40482633E-02 7.26992234E-01 1.20000000E-01
1.57700428E-01 1.45473843E-02 7.88502140E-01 1.20000000E-01
1.71043265E-01 1.51572683E-02 8.55216323E-01 1.20000000E-01
1.85515022E-01 1.57743679E-02 9.27575109E-01 1.20000000E-01
2.01211216E-01 1.64056472E-02 1.00605608E+00 1.20000000E-01
2.18235446E-01 1.71312872E-02 1.09117723E+00 1.20000000E-01
2.36700075E-01 1.77832469E-02 1.18350038E+00 1.20000000E-01
2.56726973E-01 1.86069999E-02 1.28363487E+00 1.20000000E-01
2.78448322E-01 1.93217923E-02 1.39224161E+00 1.20000000E-01
3.02007487E-01 2.02046768E-02 1.51003744E+00 1.20000000E-01
3.27559964E-01 2.10085022E-02 1.63779982E+00 1.20000000E-01
3.55274404E-01 2.19080140E-02 1.77637202E+00 1.20000000E-01
3.85333728E-01 2.28213728E-02 1.92666864E+00 1.20000000E-01
4.17936334E-01 2.37203498E-02 2.08968167E+00 1.20000000E-01
4.53297406E-01 2.47577155E-02 2.26648703E+00 1.20000000E-01
4.91650334E-01 2.56525421E-02 2.45825167E+00 1.20000000E-01
5.33248256E-01 2.68260747E-02 2.66624128E+00 1.20000000E-01
5.78365725E-01 2.78521193E-02 2.89182863E+00 1.20000000E-01
6.27300528E-01 2.90390559E-02 3.13650264E+00 1.20000000E-01
6.80375643E-01 3.02215722E-02 3.40187821E+00 1.20000000E-01
7.37941377E-01 3.14144335E-02 3.68970689E+00 1.20000000E-01
8.00377677E-01 3.27792459E-02 4.00188838E+00 1.20000000E-01
8.68096633E-01 3.39748314E-02 4.34048317E+00 1.20000000E-01
9.41545207E-01 3.55433735E-02 4.70772603E+00 1.20000000E-01
1.02120817E+00 3.68949373E-02 5.10604086E+00 1.20000000E-01
1.10761132E+00 3.85314342E-02 5.53805661E+00 1.20000000E-01
1.20132493E+00 4.00939670E-02 6.00662467E+00 1.20000000E-01
1.30296754E+00 4.17558546E-02 6.51483769E+00 1.20000000E-01
1.41321000E+00 4.35446436E-02 7.06604998E+00 1.20000000E-01
1.53277993E+00 4.52119837E-02 7.66389965E+00 1.20000000E-01
1.66246653E+00 4.71394518E-02 8.31233264E+00 1.20000000E-01
1.80312575E+00 4.70090391E-02 9.01562874E+00 1.20000000E-01
1.95568597E+00 4.76964234E-02 9.77842984E+00 1.20000000E-01
2.12115412E+00 4.88495454E-02 1.06057706E+01 1.20000000E-01
2.30062232E+00 5.04469837E-02 1.15031116E+01 1.20000000E-01
2.49527511E+00 5.20910113E-02 1.24763755E+01 1.20000000E-01
2.70639722E+00 5.35193343E-02 1.35319861E+01 1.20000000E-01
2.93538211E+00 5.52300566E-02 1.46769106E+01 1.20000000E-01
3.18374113E+00 5.70846572E-02 1.59187057E+01 1.20000000E-01
3.45311350E+00 5.88137419E-02 1.72655675E+01 1.20000000E-01
3.74527712E+00 6.08210934E-02 1.87263856E+01 1.20000000E-01
4.06216035E+00 6.27521950E-02 2.03108017E+01 1.20000000E-01
4.40585467E+00 6.45625184E-02 2.20292733E+01 1.20000000E-01
4.77862853E+00 6.70621219E-02 2.38931427E+01 1.20000000E-01
5.18294233E+00 6.95570988E-02 2.59147117E+01 1.20000000E-01
5.62146462E+00 7.21037334E-02 2.81073231E+01 1.20000000E-01
6.09708972E+00 7.51866860E-02 3.04854486E+01 1.20000000E-01
6.61295688E+00 7.78852738E-02 3.30647844E+01 1.20000000E-01
7.17247091E+00 8.13980557E-02 3.58623546E+01 1.20000000E-01
7.77932473E+00 8.45828149E-02 3.88966236E+01 1.20000000E-01
8.43752369E+00 8.82134903E-02 4.21876184E+01 1.20000000E-01
9.15141204E+00 9.19364635E-02 4.57570602E+01 1.20000000E-01
9.92570160E+00 9.56855434E-02 4.96285080E+01 1.20000000E-01
1.07655028E+01 9.99505698E-02 5.38275141E+01 1.20000000E-01
1.16763586E+01 1.03827068E-01 5.83817930E+01 1.20000000E-01
1.26642807E+01 1.08646036E-01 6.33214036E+01 1.20000000E-01
1.37357897E+01 1.12789999E-01 6.86789486E+01 1.20000000E-01
1.48979578E+01 1.18053230E-01 7.44897888E+01 1.20000000E-01
1.61584554E+01 1.22827356E-01 8.07922769E+01 1.20000000E-01
1.75256021E+01 1.28329970E-01 8.76280106E+01 1.20000000E-01
1.90084215E+01 1.33728944E-01 9.50421073E+01 1.20000000E-01
2.06167003E+01 1.39356823E-01 1.03083501E+02 1.20000000E-01
2.23610536E+01 1.45459069E-01 1.11805268E+02 1.20000000E-01
2.42529944E+01 1.51224217E-01 1.21264972E+02 1.20000000E-01
2.63050100E+01 1.58245956E-01 1.31525050E+02 1.20000000E-01
2.85306441E+01 1.64327758E-01 1.42653221E+02 1.20000000E-01
3.09445863E+01 1.72201688E-01 1.54722932E+02 1.20000000E-01
3.35627692E+01 1.78942555E-01 1.67813846E+02 1.20000000E-01
3.64024732E+01 1.87198730E-01 1.82012366E+02 1.20000000E-01
3.94824410E+01 1.94837667E-01 1.97412205E+02 1.20000000E-01
4.28230011E+01 2.03457088E-01 2.14115006E+02 1.20000000E-01
4.64462018E+01 2.12124671E-01 2.32231009E+02 1.20000000E-01
5.03759570E+01 2.20993954E-01 2.51879785E+02 1.20000000E-01
5.46382039E+01 2.30802814E-01 2.73191019E+02 1.20000000E-01
5.92610742E+01 2.39939140E-01 2.96305371E+02 1.20000000E-01
6.42750797E+01 2.51206667E-01 3.21375399E+02 1.20000000E-01
6.97133140E+01 2.60723646E-01 3.48566570E+02 1.20000000E-01
7.56116706E+01 2.73189251E-01 3.78058353E+02 1.20000000E-01
8.20090797E+01 2.84028334E-01 4.10045398E+02 1.20000000E-01
8.89477656E+01 2.97035766E-01 4.44738828E+02 1.20000000E-01
9.64735251E+01 3.09300259E-01 4.82367626E+02 1.20000000E-01
1.04636030E+02 3.22948242E-01 5.23180149E+02 1.20000000E-01
1.13489154E+02 3.36861543E-01 5.67445768E+02 1.20000000E-01
1.23091329E+02 3.50816571E-01 6.15456647E+02 1.20000000E-01
1.33505933E+02 3.66607135E-01 6.67529666E+02 1.20000000E-01
1.44801704E+02 3.81017095E-01 7.24008518E+02 1.20000000E-01
1.57053195E+02 3.98912600E-01 7.85265976E+02 1.20000000E-01
1.70341270E+02 4.14144961E-01 8.51706350E+02 1.20000000E-01
1.84753632E+02 4.33819654E-01 9.23768162E+02 1.20000000E-01
2.00385407E+02 4.51134345E-01 1.00192703E+03 1.20000000E-01
2.17339766E+02 4.71620895E-01 1.08669883E+03 1.20000000E-01
2.35728613E+02 4.91353206E-01 1.17864306E+03 1.20000000E-01
2.55673316E+02 5.12610487E-01 1.27836658E+03 1.20000000E-01
2.77305517E+02 5.34781481E-01 1.38652758E+03 1.20000000E-01
3.00767991E+02 5.56495880E-01 1.50383995E+03 1.20000000E-01
3.26215595E+02 5.81615955E-01 1.63107798E+03 1.20000000E-01
3.53816290E+02 6.03740487E-01 1.76908145E+03 1.20000000E-01
3.83752244E+02 6.32090981E-01 1.91876122E+03 1.20000000E-01
4.16221043E+02 6.56400960E-01 2.08110522E+03 1.20000000E-01
4.51436986E+02 6.86462812E-01 2.25718493E+03 1.20000000E-01
4.89632507E+02 7.14021110E-01 2.44816253E+03 1.20000000E-01
5.31059702E+02 7.44925598E-01 2.65529851E+03 1.20000000E-01
5.75992001E+02 7.76306776E-01 2.87996001E+03 1.20000000E-01
6.24725966E+02 8.07807554E-01 3.12362983E+03 1.20000000E-01
6.77583250E+02 8.43661202E-01 3.38791625E+03 1.20000000E-01
7.34912724E+02 8.75628502E-01 3.67456362E+03 1.20000000E-01
7.97092773E+02 9.16727075E-01 3.98546386E+03 1.20000000E-01
8.64533798E+02 9.51877930E-01 4.32266899E+03 1.20000000E-01
9.37680924E+02 9.96035584E-01 4.68840462E+03 1.20000000E-01
1.01701694E+03 1.03630361E+00 5.08508469E+03 1.20000000E-01
