1.25277920E-02 1.03092979E+00 1.00000000E+01 1.20000000E-01
1.35877528E-02 9.36999784E-01 1.00000000E+01 1.20000000E-01
1.47373957E-02 8.64265399E-01 1.00000000E+01 1.20000000E-01
1.59843083E-02 8.08097219E-01 1.00000000E+01 1.20000000E-01
1.73367207E-02 7.61358356E-01 1.00000000E+01 1.20000000E-01
1.88035590E-02 7.17219918E-01 1.00000000E+01 1.20000000E-01
2.03945047E-02 6.81638002E-01 1.00000000E+01 1.20000000E-01
2.21200583E-02 6.47559232E-01 1.00000000E+01 1.20000000E-01
2.39916088E-02 6.17194260E-01 1.00000000E+01 1.20000000E-01
2.60215089E-02 5.89074738E-01 1.00000000E+01 1.20000000E-01
2.82231563E-02 5.62864716E-01 1.00000000E+01 1.20000000E-01
3.06110824E-02 5.38438228E-01 1.00000000E+01 1.20000000E-01
3.32010479E-02 5.15976660E-01 1.00000000E+01 1.20000000E-01
3.60101471E-02 4.93683393E-01 1.00000000E+01 1.20000000E-01
3.90569208E-02 4.74458707E-01 1.00000000E+01 1.20000000E-01
4.23614781E-02 4.53467359E-01 1.00000000E+01 1.20000000E-01
4.59456299E-02 4.36897715E-01 1.00000000E+01 1.20000000E-01
4.98330323E-02 4.17895131E-01 1.00000000E+01 1.20000000E-01
5.40493430E-02 4.02703640E-01 1.00000000E+01 1.20000000E-01
5.86223905E-02 3.86259046E-01 1.00000000E+01 1.20000000E-01
6.35823579E-02 3.71218007E-01 1.00000000E+01 1.20000000E-01
6.89619818E-02 3.57028969E-01 1.00000000E+01 1.20000000E-01
7.47967691E-02 3.42122450E-01 1.00000000E+01 1.20000000E-01
8.11252304E-02 3.29916076E-01 1.00000000E+01 1.20000000E-01
8.79891350E-02 3.15801806E-01 1.00000000E+01 1.20000000E-01
9.54337859E-02 3.04218781E-01 1.00000000E+01 1.20000000E-01
1.03508319E-01 2.82504848E-01 1.00000000E+01 1.20000000E-01
1.12266029E-01 2.51609413E-01 1.00000000E+01 1.20000000E-01
1.21764718E-01 2.35584086E-01 1.00000000E+01 1.20000000E-01
1.32067079E-01 2.24113835E-01 1.00000000E+01 1.20000000E-01
1.43241110E-01 2.13566287E-01 1.00000000E+01 1.20000000E-01
1.55360561E-01 2.04642105E-01 1.00000000E+01 1.20000000E-01
1.68505425E-01 1.95659729E-01 1.00000000E+01 1.20000000E-01
1.82762458E-01 1.88246189E-01 1.00000000E+01 1.20000000E-01
1.98225762E-01 1.79865438E-01 1.00000000E+01 1.20000000E-01
2.14997396E-01 1.73530049E-01 1.00000000E+01 1.20000000E-01
2.33188058E-01 1.66212261E-01 1.00000000E+01 1.20000000E-01
2.52917808E-01 1.59993631E-01 1.00000000E+01 1.20000000E-01
2.74316869E-01 1.53625321E-01 1.00000000E+01 1.20000000E-01
2.97526477E-01 1.47403274E-01 1.00000000E+01 1.20000000E-01
3.22699821E-01 1.41808112E-01 1.00000000E+01 1.20000000E-01
3.50003050E-01 1.35647547E-01 1.00000000E+01 1.20000000E-01
3.79616371E-01 1.30697512E-01 1.00000000E+01 1.20000000E-01
4.11735239E-01 1.24882850E-01 1.00000000E+01 1.20000000E-01
4.46571644E-01 1.20276135E-01 1.00000000E+01 1.20000000E-01
4.84355514E-01 1.15101367E-01 1.00000000E+01 1.20000000E-01
5.25336230E-01 1.10526109E-01 1.00000000E+01 1.20000000E-01
5.69784273E-01 1.05926535E-01 1.00000000E+01 1.20000000E-01
6.17993009E-01 1.01463911E-01 1.00000000E+01 1.20000000E-01
6.70280627E-01 9.73506317E-02 1.00000000E+01 1.20000000E-01
7.26992234E-01 9.30666981E-02 1.00000000E+01 1.20000000E-01
7.88502140E-01 8.93577948E-02 1.00000000E+01 1.20000000E-01
8.55216323E-01 8.52814813E-02 1.00000000E+01 1.20000000E-01
9.27575109E-01 8.19321574E-02 1.00000000E+01 1.20000000E-01
1.00605608E+00 7.80523386E-02 1.00000000E+01 1.20000000E-01
1.09117723E+00 7.49869547E-02 1.00000000E+01 1.20000000E-01
1.18350038E+00 7.13505629E-02 1.00000000E+01 1.20000000E-01
1.28363487E+00 6.84457158E-02 1.00000000E+01 1.20000000E-01
1.39224161E+00 6.49867340E-02 1.00000000E+01 1.20000000E-01
1.51003744E+00 6.22065657E-02 1.00000000E+01 1.20000000E-01
1.63779982E+00 5.88577669E-02 1.00000000E+01 1.20000000E-01
1.77637202E+00 5.39014432E-02 1.00000000E+01 1.20000000E-01
1.92666864E+00 4.95090666E-02 1.00000000E+01 1.20000000E-01
2.08968167E+00 4.62081492E-02 1.00000000E+01 1.20000000E-01
2.26648703E+00 4.30179141E-02 1.00000000E+01 1.20000000E-01
2.45825167E+00 3.98587851E-02 1.00000000E+01 1.20000000E-01
2.66624128E+00 3.66657194E-02 1.00000000E+01 1.20000000E-01
2.89182863E+00 3.34547454E-02 1.00000000E+01 1.20000000E-01
3.13650264E+00 3.02681170E-02 1.00000000E+01 1.20000000E-01
3.40187821E+00 2.69773438E-02 1.00000000E+01 1.20000000E-01
3.68970689E+00 2.31354479E-02 1.00000000E+01 1.20000000E-01
4.00188838E+00 1.59369336E-02 1.00000000E+01 1.20000000E-01
4.34048317E+00 2.94358704E-03 1.00000000E+01 1.20000000E-01
4.70772603E+00 4.13856539E-04 1.00000000E+01 1.20000000E-01
5.10604086E+00 8.48862513E-03 1.00000000E+01 1.20000000E-01
5.53805661E+00 1.51758897E-02 1.00000000E+01 1.20000000E-01
6.00662467E+00 1.94868200E-02 1.00000000E+01 1.20000000E-01
6.51483769E+00 2.31034857E-02 1.00000000E+01 1.20000000E-01
7.06604998E+00 2.62756051E-02 1.00000000E+01 1.20000000E-01
7.66389965E+00 2.91989316E-02 1.00000000E+01 1.20000000E-01
8.31233264E+00 3.19161899E-02 1.00000000E+01 1.20000000E-01
9.01562874E+00 3.43603075E-02 1.00000000E+01 1.20000000E-01
9.77842984E+00 2.94178081E-02 1.00000000E+01 1.20000000E-01
1.06057706E+01 2.75075642E-02 1.00000000E+01 1.20000000E-01
1.15031116E+01 3.01914603E-02 1.00000000E+01 1.20000000E-01
1.24763755E+01 3.23155953E-02 1.00000000E+01 1.20000000E-01
1.35319861E+01 3.40444933E-02 1.00000000E+01 1.20000000E-01
1.46769106E+01 3.59976300E-02 1.00000000E+01 1.20000000E-01
1.59187057E+01 3.76977463E-02 1.00000000E+01 1.20000000E-01
1.72655675E+01 3.96127080E-02 1.00000000E+01 1.20000000E-01
1.87263856E+01 4.13602990E-02 1.00000000E+01 1.20000000E-01
2.03108017E+01 4.33786664E-02 1.00000000E+01 1.20000000E-01
2.20292733E+01 4.51844570E-02 1.00000000E+01 1.20000000E-01
2.38931427E+01 4.73737538E-02 1.00000000E+01 1.20000000E-01
2.59147117E+01 4.92838630E-02 1.00000000E+01 1.20000000E-01
2.81073231E+01 5.17272869E-02 1.00000000E+01 1.20000000E-01
3.04854486E+01 5.37668218E-02 1.00000000E+01 1.20000000E-01
3.30647844E+01 5.63757867E-02 1.00000000E+01 1.20000000E-01
3.58623546E+01 5.86448547E-02 1.00000000E+01 1.20000000E-01
3.88966236E+01 6.13619505E-02 1.00000000E+01 1.20000000E-01
4.21876184E+01 6.39362107E-02 1.00000000E+01 1.20000000E-01
4.57570602E+01 6.67600220E-02 1.00000000E+01 1.20000000E-01
4.96285080E+01 6.96351410E-02 1.00000000E+01 1.20000000E-01
5.38275141E+01 7.25474867E-02 1.00000000E+01 1.20000000E-01
5.83817930E+01 7.58021746E-02 1.00000000E+01 1.20000000E-01
6.33214036E+01 7.88446314E-02 1.00000000E+01 1.20000000E-01
6.86789486E+01 8.25182549E-02 1.00000000E+01 1.20000000E-01
7.44897888E+01 8.56403560E-02 1.00000000E+01 1.20000000E-01
8.07922769E+01 8.97390508E-02 1.00000000E+01 1.20000000E-01
8.76280106E+01 9.32902584E-02 1.00000000E+01 1.20000000E-01
9.50421073E+01 9.75465789E-02 1.00000000E+01 1.20000000E-01
1.03083501E+02 1.01608479E-01 1.00000000E+01 1.20000000E-01
1.11805268E+02 1.06040541E-01 1.00000000E+01 1.20000000E-01
1.21264972E+02 1.10598108E-01 1.00000000E+01 1.20000000E-01
1.31525050E+02 1.15147478E-01 1.00000000E+01 1.20000000E-01
1.42653221E+02 1.20326319E-01 1.00000000E+01 1.20000000E-01
1.54722932E+02 1.24996348E-01 1.00000000E+01 1.20000000E-01
1.67813846E+02 1.30864539E-01 1.00000000E+01 1.20000000E-01
1.82012366E+02 1.35867627E-01 1.00000000E+01 1.20000000E-01
1.97412205E+02 1.42248511E-01 1.00000000E+01 1.20000000E-01
2.14115006E+02 1.47939948E-01 1.00000000E+01 1.20000000E-01
2.32231009E+02 1.54625918E-01 1.00000000E+01 1.20000000E-01
2.51879785E+02 1.61054415E-01 1.00000000E+01 1.20000000E-01
2.73191019E+02 1.67873092E-01 1.00000000E+01 1.20000000E-01
2.96305371E+02 1.75167157E-01 1.00000000E+01 1.20000000E-01
3.21375399E+02 1.82094864E-01 1.00000000E+01 1.20000000E-01
3.48566570E+02 1.90392473E-01 1.00000000E+01 1.20000000E-01
3.78058353E+02 1.97449381E-01 1.00000000E+01 1.20000000E-01
4.10045398E+02 2.06749785E-01 1.00000000E+01 1.20000000E-01
4.44738828E+02 2.14794103E-01 1.00000000E+01 1.20000000E-01
4.82367626E+02 2.24308455E-01 1.00000000E+01 1.20000000E-01
5.23180149E+02 2.33470466E-01 1.00000000E+01 1.20000000E-01
5.67445768E+02 2.43177894E-01 1.00000000E+01 1.20000000E-01
6.15456647E+02 2.53600019E-01 1.00000000E+01 1.20000000E-01
6.67529666E+02 2.63369645E-01 1.00000000E+01 1.20000000E-01
7.24008518E+02 2.75312983E-01 1.00000000E+01 1.20000000E-01
7.85265976E+02 2.85547492E-01 1.00000000E+01 1.20000000E-01
8.51706350E+02 2.98726654E-01 1.00000000E+01 1.20000000E-01
9.23768162E+02 3.10435343E-01 1.00000000E+01 1.20000000E-01
1.00192703E+03 3.23954504E-01 1.00000000E+01 1.20000000E-01
1.08669883E+03 3.37418210E-01 1.00000000E+01 1.20000000E-01
1.17864306E+03 3.51169368E-01 1.00000000E+01 1.20000000E-01
1.27836658E+03 3.66598379E-01 1.00000000E+01 1.20000000E-01
1.38652758E+03 3.80521419E-01 1.00000000E+01 1.20000000E-01
1.50383995E+03 3.98187372E-01 1.00000000E+01 1.20000000E-01
1.63107798E+03 4.13309121E-01 1.00000000E+01 1.20000000E-01
1.76908145E+03 4.32364892E-01 1.00000000E+01 1.20000000E-01
1.91876122E+03 4.49652393E-01 1.00000000E+01 1.20000000E-01
2.08110522E+03 4.69635390E-01 1.00000000E+01 1.20000000E-01
2.25718493E+03 4.89289484E-01 1.00000000E+01 1.20000000E-01
2.44816253E+03 5.09607328E-01 1.00000000E+01 1.20000000E-01
2.65529851E+03 5.32084852E-01 1.00000000E+01 1.20000000E-01
2.87996001E+03 5.52752811E-01 1.00000000E+01 1.20000000E-01
3.12362983E+03 5.78380742E-01 1.00000000E+01 1.20000000E-01
3.38791625E+03 6.00269297E-01 1.00000000E+01 1.20000000E-01
3.67456362E+03 6.28574719E-01 1.00000000E+01 1.20000000E-01
3.98546386E+03 6.53702620E-01 1.00000000E+01 1.20000000E-01
4.32266899E+03 6.83133245E-01 1.00000000E+01 1.20000000E-01
4.68840462E+03 7.11449934E-01 1.00000000E+01 1.20000000E-01
5.08508469E+03 7.41717672E-01 1.00000000E+01 1.20000000E-01
5.51532736E+03 7.73950336E-01 1.00000000E+01 1.20000000E-01
5.98197233E+03 8.05081631E-01 1.00000000E+01 1.20000000E-01
6.48809954E+03 8.41674976E-01 1.00000000E+01 1.20000000E-01
7.03704955E+03 8.73267865E-01 1.00000000E+01 1.20000000E-01
7.63244553E+03 9.14957908E-01 1.00000000E+01 1.20000000E-01
8.27821723E+03 9.50539510E-01 1.00000000E+01 1.20000000E-01
8.97862686E+03 9.94113878E-01 1.00000000E+01 1.20000000E-01
9.73829728E+03 1.03458594E+00 1.00000000E+01 1.20000000E-01
