7.44897888E+01 1.02082033E+00 1.00000000E+03 1.20000000E-01
8.07922769E+01 9.24294342E-01 1.00000000E+03 1.20000000E-01
8.76280106E+01 8.50347054E-01 1.00000000E+03 1.20000000E-01
9.50421073E+01 7.88760617E-01 1.00000000E+03 1.20000000E-01
1.03083501E+02 7.39908374E-01 1.00000000E+03 1.20000000E-01
1.11805268E+02 6.96845042E-01 1.00000000E+03 1.20000000E-01
1.21264972E+02 6.54898054E-01 1.00000000E+03 1.20000000E-01
1.31525050E+02 6.20118064E-01 1.00000000E+03 1.20000000E-01
1.42653221E+02 5.86393208E-01 1.00000000E+03 1.20000000E-01
1.54722932E+02 5.53135711E-01 1.00000000E+03 1.20000000E-01
1.67813846E+02 5.24994741E-01 1.00000000E+03 1.20000000E-01
1.82012366E+02 4.94617494E-01 1.00000000E+03 1.20000000E-01
1.97412205E+02 4.67190800E-01 1.00000000E+03 1.20000000E-01
2.14115006E+02 4.40153201E-01 1.00000000E+03 1.20000000E-01
2.32231009E+02 4.11741696E-01 1.00000000E+03 1.20000000E-01
2.51879785E+02 3.84739711E-01 1.00000000E+03 1.20000000E-01
2.73191019E+02 3.57661991E-01 1.00000000E+03 1.20000000E-01
2.96305371E+02 3.29106411E-01 1.00000000E+03 1.20000000E-01
3.21375399E+02 2.99011880E-01 1.00000000E+03 1.20000000E-01
3.48566570E+02 2.66274230E-01 1.00000000E+03 1.20000000E-01
3.78058353E+02 2.30991492E-01 1.00000000E+03 1.20000000E-01
4.10045398E+02 1.89045349E-01 1.00000000E+03 1.20000000E-01
4.44738828E+02 1.28717708E-01 1.00000000E+03 1.20000000E-01
4.82367626E+02 2.78189922E-02 1.00000000E+03 1.20000000E-01
5.23180149E+02 1.13271503E-01 1.00000000E+03 1.20000000E-01
5.67445768E+02 1.73806108E-01 1.00000000E+03 1.20000000E-01
6.15456647E+02 2.16686856E-01 1.00000000E+03 1.20000000E-01
6.67529666E+02 2.54470042E-01 1.00000000E+03 1.20000000E-01
7.24008518E+02 2.86210547E-01 1.00000000E+03 1.20000000E-01
7.85265976E+02 3.16836950E-01 1.00000000E+03 1.20000000E-01
8.51706350E+02 3.44966500E-01 1.00000000E+03 1.20000000E-01
9.23768162E+02 3.71532791E-01 1.00000000E+03 1.20000000E-01
1.00192703E+03 2.52120081E-01 1.00000000E+03 1.20000000E-01
1.08669883E+03 2.97974108E-01 1.00000000E+03 1.20000000E-01
1.17864306E+03 3.23677301E-01 1.00000000E+03 1.20000000E-01
1.27836658E+03 3.43758572E-01 1.00000000E+03 1.20000000E-01
1.38652758E+03 3.64761758E-01 1.00000000E+03 1.20000000E-01
1.50383995E+03 3.82431437E-01 1.00000000E+03 1.20000000E-01
1.63107798E+03 4.02441810E-01 1.00000000E+03 1.20000000E-01
1.76908145E+03 4.20520143E-01 1.00000000E+03 1.20000000E-01
1.91876122E+03 4.41214846E-01 1.00000000E+03 1.20000000E-01
2.08110522E+03 4.60200346E-01 1.00000000E+03 1.20000000E-01
2.25718493E+03 4.82547540E-01 1.00000000E+03 1.20000000E-01
2.44816253E+03 5.01964638E-01 1.00000000E+03 1.20000000E-01
2.65529851E+03 5.26560884E-01 1.00000000E+03 1.20000000E-01
2.87996001E+03 5.47285897E-01 1.00000000E+03 1.20000000E-01
3.12362983E+03 5.73857386E-01 1.00000000E+03 1.20000000E-01
3.38791625E+03 5.96990842E-01 1.00000000E+03 1.20000000E-01
3.67456362E+03 6.24864045E-01 1.00000000E+03 1.20000000E-01
3.98546386E+03 6.51020001E-01 1.00000000E+03 1.20000000E-01
4.32266899E+03 6.80090205E-01 1.00000000E+03 1.20000000E-01
4.68840462E+03 7.09242706E-01 1.00000000E+03 1.20000000E-01
5.08508469E+03 7.39216374E-01 1.00000000E+03 1.20000000E-01
5.51532736E+03 7.72135987E-01 1.00000000E+03 1.20000000E-01
5.98197233E+03 8.03026595E-01 1.00000000E+03 1.20000000E-01
6.48809954E+03 8.40244644E-01 1.00000000E+03 1.20000000E-01
7.03704955E+03 8.71829883E-01 1.00000000E+03 1.20000000E-01
7.63244553E+03 9.13732413E-01 1.00000000E+03 1.20000000E-01
8.27821723E+03 9.49650601E-01 1.00000000E+03 1.20000000E-01
8.97862686E+03 9.93106347E-01 1.00000000E+03 1.20000000E-01
9.73829728E+03 1.03385513E+00 1.00000000E+03 1.20000000E-01
