4.04080858E-04 1.54898549E-07 1.01020215E-03 1.20000000E-01
4.38269636E-04 1.71202605E-07 1.09567409E-03 1.20000000E-01
4.75351083E-04 1.92350084E-07 1.18837771E-03 1.20000000E-01
5.15569945E-04 2.14071588E-07 1.28892486E-03 1.20000000E-01
5.59191675E-04 2.36187760E-07 1.39797919E-03 1.20000000E-01
6.06504185E-04 2.62864181E-07 1.51626046E-03 1.20000000E-01
6.57819747E-04 2.90986378E-07 1.64454937E-03 1.20000000E-01
7.13477055E-04 3.22560241E-07 1.78369264E-03 1.20000000E-01
7.73843459E-04 3.56738206E-07 1.93460865E-03 1.20000000E-01
8.39317389E-04 3.92976766E-07 2.09829347E-03 1.20000000E-01
9.10330986E-04 4.31460497E-07 2.27582746E-03 1.20000000E-01
9.87352955E-04 4.72158759E-07 2.46838239E-03 1.20000000E-01
1.07089166E-03 5.14997308E-07 2.67722914E-03 1.20000000E-01
1.16149846E-03 5.59536544E-07 2.90374616E-03 1.20000000E-01
1.25977140E-03 6.06343192E-07 3.14942850E-03 1.20000000E-01
1.36635909E-03 6.54578235E-07 3.41589772E-03 1.20000000E-01
1.48196502E-03 7.08195459E-07 3.70491256E-03 1.20000000E-01
1.60735224E-03 7.65332027E-07 4.01838059E-03 1.20000000E-01
1.74334830E-03 8.27810086E-07 4.35837076E-03 1.20000000E-01
1.89085083E-03 8.96148522E-07 4.72712707E-03 1.20000000E-01
2.05083336E-03 9.71655138E-07 5.12708340E-03 1.20000000E-01
2.22435181E-03 1.05547298E-06 5.56087953E-03 1.20000000E-01
2.41255144E-03 1.15033047E-06 6.03137861E-03 1.20000000E-01
2.61667441E-03 1.25595118E-06 6.54168603E-03 1.20000000E-01
2.83806797E-03 1.37598964E-06 7.09516992E-03 1.20000000E-01
3.07819336E-03 1.50975891E-06 7.69548340E-03 1.20000000E-01
3.33863546E-03 1.66128431E-06 8.34658865E-03 1.20000000E-01
3.62111324E-03 1.83127894E-06 9.05278310E-03 1.20000000E-01
3.92749111E-03 2.02040559E-06 9.81872778E-03 1.20000000E-01
4.25979124E-03 2.23306962E-06 1.06494781E-02 1.20000000E-01
4.62020686E-03 2.47049527E-06 1.15505171E-02 1.20000000E-01
5.01111680E-03 2.73417755E-06 1.25277920E-02 1.20000000E-01
5.43510114E-03 3.02911884E-06 1.35877528E-02 1.20000000E-01
5.89495827E-03 3.35696267E-06 1.47373957E-02 1.20000000E-01
6.39372333E-03 3.72087123E-06 1.59843083E-02 1.20000000E-01
6.93468829E-03 4.12469996E-06 1.73367207E-02 1.20000000E-01
7.52142361E-03 4.57218913E-06 1.88035590E-02 1.20000000E-01
8.15780188E-03 5.07476313E-06 2.03945047E-02 1.20000000E-01
8.84802332E-03 5.63498645E-06 2.21200583E-02 1.20000000E-01
9.59664354E-03 6.25841044E-06 2.39916088E-02 1.20000000E-01
1.04086036E-02 6.94928334E-06 2.60215089E-02 1.20000000E-01
1.12892625E-02 7.71702251E-06 2.82231563E-02 1.20000000E-01
1.22444330E-02 8.56356335E-06 3.06110824E-02 1.20000000E-01
1.32804192E-02 9.50024154E-06 3.32010479E-02 1.20000000E-01
1.44040589E-02 1.05362792E-05 3.60101471E-02 1.20000000E-01
1.56227683E-02 1.16995151E-05 3.90569208E-02 1.20000000E-01
1.69445912E-02 1.30090052E-05 4.23614781E-02 1.20000000E-01
1.83782520E-02 1.44488629E-05 4.59456299E-02 1.20000000E-01
1.99332129E-02 1.60427792E-05 4.98330323E-02 1.20000000E-01
2.16197372E-02 1.78065301E-05 5.40493430E-02 1.20000000E-01
2.34489562E-02 1.97681466E-05 5.86223905E-02 1.20000000E-01
2.54329431E-02 2.19302001E-05 6.35823579E-02 1.20000000E-01
2.75847927E-02 2.43224033E-05 6.89619818E-02 1.20000000E-01
2.99187076E-02 2.70113662E-05 7.47967691E-02 1.20000000E-01
3.24500922E-02 3.00176726E-05 8.11252304E-02 1.20000000E-01
3.51956540E-02 3.33394429E-05 8.79891350E-02 1.20000000E-01
3.81735144E-02 3.70316494E-05 9.54337859E-02 1.20000000E-01
4.14033278E-02 4.11054336E-05 1.03508319E-01 1.20000000E-01
4.49064117E-02 4.56203303E-05 1.12266029E-01 1.20000000E-01
4.87058872E-02 5.06064300E-05 1.21764718E-01 1.20000000E-01
5.28268315E-02 5.61195922E-05 1.32067079E-01 1.20000000E-01
5.72964439E-02 6.23309526E-05 1.43241110E-01 1.20000000E-01
6.21442245E-02 6.92485776E-05 1.55360561E-01 1.20000000E-01
6.74021698E-02 7.69051347E-05 1.68505425E-01 1.20000000E-01
7.31049833E-02 8.54148171E-05 1.82762458E-01 1.20000000E-01
7.92903047E-02 9.47847576E-05 1.98225762E-01 1.20000000E-01
8.59989585E-02 1.00057597E-04 2.14997396E-01 1.20000000E-01
9.32752231E-02 1.06541540E-04 2.33188058E-01 1.20000000E-01
1.01167123E-01 1.16684654E-04 2.52917808E-01 1.20000000E-01
1.09726747E-01 1.28513811E-04 2.74316869E-01 1.20000000E-01
1.19010591E-01 1.41902984E-04 2.97526477E-01 1.20000000E-01
1.29079928E-01 1.57107831E-04 3.22699821E-01 1.20000000E-01
1.40001220E-01 1.74167475E-04 3.50003050E-01 1.20000000E-01
1.51846549E-01 1.93258756E-04 3.79616371E-01 1.20000000E-01
1.64694096E-01 2.14310246E-04 4.11735239E-01 1.20000000E-01
1.78628658E-01 2.37612225E-04 4.46571644E-01 1.20000000E-01
1.93742206E-01 2.63352490E-04 4.84355514E-01 1.20000000E-01
2.10134492E-01 2.91889335E-04 5.25336230E-01 1.20000000E-01
2.27913709E-01 3.23155240E-04 5.69784273E-01 1.20000000E-01
2.47197204E-01 3.57497962E-04 6.17993009E-01 1.20000000E-01
2.68112251E-01 3.95220024E-04 6.70280627E-01 1.20000000E-01
2.90796894E-01 4.36921263E-04 7.26992234E-01 1.20000000E-01
3.15400856E-01 4.82391344E-04 7.88502140E-01 1.20000000E-01
3.42086529E-01 5.31984047E-04 8.55216323E-01 1.20000000E-01
3.71030044E-01 5.85840238E-04 9.27575109E-01 1.20000000E-01
4.02422433E-01 6.44596348E-04 1.00605608E+00 1.20000000E-01
4.36470893E-01 7.08687421E-04 1.09117723E+00 1.20000000E-01
4.73400150E-01 7.78702634E-04 1.18350038E+00 1.20000000E-01
5.13453947E-01 8.55595533E-04 1.28363487E+00 1.20000000E-01
5.56896644E-01 9.39874666E-04 1.39224161E+00 1.20000000E-01
6.04014975E-01 1.03315443E-03 1.51003744E+00 1.20000000E-01
6.55119928E-01 1.13632102E-03 1.63779982E+00 1.20000000E-01
7.10548808E-01 1.25060699E-03 1.77637202E+00 1.20000000E-01
7.70667457E-01 1.37756710E-03 1.92666864E+00 1.20000000E-01
8.35872669E-01 1.51794630E-03 2.08968167E+00 1.20000000E-01
9.06594812E-01 1.67465883E-03 2.26648703E+00 1.20000000E-01
9.83300668E-01 1.84732980E-03 2.45825167E+00 1.20000000E-01
1.06649651E+00 2.03954446E-03 2.66624128E+00 1.20000000E-01
1.15673145E+00 2.25212356E-03 2.89182863E+00 1.20000000E-01
1.25460106E+00 2.48698728E-03 3.13650264E+00 1.20000000E-01
1.36075129E+00 2.74559250E-03 3.40187821E+00 1.20000000E-01
1.47588275E+00 2.96324486E-03 3.68970689E+00 1.20000000E-01
1.60075535E+00 3.23111606E-03 4.00188838E+00 1.20000000E-01
1.73619327E+00 3.53946528E-03 4.34048317E+00 1.20000000E-01
1.88309041E+00 3.87692874E-03 4.70772603E+00 1.20000000E-01
2.04241634E+00 4.23968239E-03 5.10604086E+00 1.20000000E-01
2.21522264E+00 4.57105905E-03 5.53805661E+00 1.20000000E-01
2.40264987E+00 4.86393720E-03 6.00662467E+00 1.20000000E-01
2.60593508E+00 5.15035149E-03 6.51483769E+00 1.20000000E-01
2.82641999E+00 5.39440200E-03 7.06604998E+00 1.20000000E-01
3.06555986E+00 5.61640032E-03 7.66389965E+00 1.20000000E-01
3.32493306E+00 5.95353794E-03 8.31233264E+00 1.20000000E-01
3.60625149E+00 6.49606161E-03 9.01562874E+00 1.20000000E-01
3.91137193E+00 6.87694479E-03 9.77842984E+00 1.20000000E-01
4.24230823E+00 7.18906005E-03 1.06057706E+01 1.20000000E-01
4.60124464E+00 7.59024691E-03 1.15031116E+01 1.20000000E-01
4.99055021E+00 8.29163675E-03 1.24763755E+01 1.20000000E-01
5.41279444E+00 9.18445929E-03 1.35319861E+01 1.20000000E-01
5.87076422E+00 1.01494753E-02 1.46769106E+01 1.20000000E-01
6.36748226E+00 1.11912843E-02 1.59187057E+01 1.20000000E-01
6.90622699E+00 1.23139598E-02 1.72655675E+01 1.20000000E-01
7.49055424E+00 1.35095481E-02 1.87263856E+01 1.20000000E-01
8.12432069E+00 1.47987863E-02 2.03108017E+01 1.20000000E-01
8.81170933E+00 1.61842993E-02 2.20292733E+01 1.20000000E-01
9.55725706E+00 1.76500042E-02 2.38931427E+01 1.20000000E-01
1.03658847E+01 1.92109890E-02 2.59147117E+01 1.20000000E-01
1.12429292E+01 2.08423784E-02 2.81073231E+01 1.20000000E-01
1.21941794E+01 2.25058506E-02 3.04854486E+01 1.20000000E-01
1.32259138E+01 2.42154824E-02 3.30647844E+01 1.20000000E-01
1.43449418E+01 2.59759339E-02 3.58623546E+01 1.20000000E-01
1.55586495E+01 2.78528140E-02 3.88966236E+01 1.20000000E-01
1.68750474E+01 2.99144844E-02 4.21876184E+01 1.20000000E-01
1.83028241E+01 3.20386276E-02 4.57570602E+01 1.20000000E-01
1.98514032E+01 3.40268559E-02 4.96285080E+01 1.20000000E-01
2.15310057E+01 3.62072823E-02 5.38275141E+01 1.20000000E-01
2.33527172E+01 3.84235025E-02 5.83817930E+01 1.20000000E-01
2.53285615E+01 4.06436095E-02 6.33214036E+01 1.20000000E-01
2.74715794E+01 4.32461312E-02 6.86789486E+01 1.20000000E-01
2.97959155E+01 4.58063688E-02 7.44897888E+01 1.20000000E-01
3.23169107E+01 4.83517056E-02 8.07922769E+01 1.20000000E-01
3.50512043E+01 5.10672875E-02 8.76280106E+01 1.20000000E-01
3.80168429E+01 5.36620104E-02 9.50421073E+01 1.20000000E-01
4.12334006E+01 5.66538658E-02 1.03083501E+02 1.20000000E-01
4.47221072E+01 5.94575647E-02 1.11805268E+02 1.20000000E-01
4.85059889E+01 6.26898969E-02 1.21264972E+02 1.20000000E-01
5.26100201E+01 6.57238051E-02 1.31525050E+02 1.20000000E-01
5.70612882E+01 6.91194134E-02 1.42653221E+02 1.20000000E-01
6.18891726E+01 7.24691371E-02 1.54722932E+02 1.20000000E-01
6.71255383E+01 7.60864078E-02 1.67813846E+02 1.20000000E-01
7.28049464E+01 7.96839487E-02 1.82012366E+02 1.20000000E-01
7.89648821E+01 8.35579588E-02 1.97412205E+02 1.20000000E-01
8.56460022E+01 8.74374858E-02 2.14115006E+02 1.20000000E-01
9.28924036E+01 9.16252162E-02 2.32231009E+02 1.20000000E-01
1.00751914E+02 9.58153532E-02 2.51879785E+02 1.20000000E-01
1.09276408E+02 1.00367564E-01 2.73191019E+02 1.20000000E-01
1.18522148E+02 1.04803978E-01 2.96305371E+02 1.20000000E-01
1.28550159E+02 1.09789872E-01 3.21375399E+02 1.20000000E-01
1.39426628E+02 1.14492847E-01 3.48566570E+02 1.20000000E-01
1.51223341E+02 1.19985809E-01 3.78058353E+02 1.20000000E-01
1.64018159E+02 1.24934866E-01 4.10045398E+02 1.20000000E-01
1.77895531E+02 1.31010840E-01 4.44738828E+02 1.20000000E-01
1.92947050E+02 1.36224175E-01 4.82367626E+02 1.20000000E-01
2.09272059E+02 1.42914913E-01 5.23180149E+02 1.20000000E-01
2.26978307E+02 1.48716203E-01 5.67445768E+02 1.20000000E-01
2.46182659E+02 1.55834873E-01 6.15456647E+02 1.20000000E-01
2.67011866E+02 1.62282494E-01 6.67529666E+02 1.20000000E-01
2.89603407E+02 1.69677543E-01 7.24008518E+02 1.20000000E-01
3.14106390E+02 1.76875486E-01 7.85265976E+02 1.20000000E-01
3.40682540E+02 1.84574978E-01 8.51706350E+02 1.20000000E-01
3.69507265E+02 1.92645458E-01 9.23768162E+02 1.20000000E-01
4.00770814E+02 2.00523442E-01 1.00192703E+03 1.20000000E-01
4.34679532E+02 2.09594976E-01 1.08669883E+03 1.20000000E-01
4.71457225E+02 2.17633054E-01 1.17864306E+03 1.20000000E-01
5.11346633E+02 2.27832050E-01 1.27836658E+03 1.20000000E-01
5.54611034E+02 2.36622133E-01 1.38652758E+03 1.20000000E-01
6.01535981E+02 2.47504233E-01 1.50383995E+03 1.20000000E-01
6.52431190E+02 2.57432381E-01 1.63107798E+03 1.20000000E-01
7.07632579E+02 2.68647978E-01 1.76908145E+03 1.20000000E-01
7.67504489E+02 2.79990139E-01 1.91876122E+03 1.20000000E-01
8.32442086E+02 2.91448853E-01 2.08110522E+03 1.20000000E-01
9.02873973E+02 3.04379937E-01 2.25718493E+03 1.20000000E-01
9.79265013E+02 3.16112399E-01 2.44816253E+03 1.20000000E-01
1.06211940E+03 3.30803808E-01 2.65529851E+03 1.20000000E-01
1.15198400E+03 3.43476162E-01 2.87996001E+03 1.20000000E-01
1.24945193E+03 3.59458654E-01 3.12362983E+03 1.20000000E-01
1.35516650E+03 3.73901025E-01 3.38791625E+03 1.20000000E-01
1.46982545E+03 3.90590959E-01 3.67456362E+03 1.20000000E-01
1.59418555E+03 4.06972473E-01 3.98546386E+03 1.20000000E-01
1.72906760E+03 4.24274503E-01 4.32266899E+03 1.20000000E-01
1.87536185E+03 4.42981968E-01 4.68840462E+03 1.20000000E-01
2.03403387E+03 4.60995986E-01 5.08508469E+03 1.20000000E-01
2.20613094E+03 4.82238250E-01 5.51532736E+03 1.20000000E-01
2.39278893E+03 5.00705598E-01 5.98197233E+03 1.20000000E-01
2.59523982E+03 5.24786766E-01 6.48809954E+03 1.20000000E-01
2.81481982E+03 5.45384169E-01 7.03704955E+03 1.20000000E-01
3.05297821E+03 5.71044526E-01 7.63244553E+03 1.20000000E-01
3.31128689E+03 5.94465233E-01 8.27821723E+03 1.20000000E-01
3.59145074E+03 6.21363782E-01 8.97862686E+03 1.20000000E-01
3.89531891E+03 6.48177853E-01 9.73829728E+03 1.20000000E-01
4.22489699E+03 6.76663531E-01 1.05622425E+04 1.20000000E-01
