5.99133158E-01 1.04100376E+00 1.00000000E+02 1.20000000E-01
6.18074003E-01 1.02652487E+00 1.00000000E+02 1.20000000E-01
6.37613640E-01 1.01139199E+00 1.00000000E+02 1.20000000E-01
6.57770997E-01 9.95174324E-01 1.00000000E+02 1.20000000E-01
6.78565605E-01 9.77994306E-01 1.00000000E+02 1.20000000E-01
7.00017608E-01 9.59956230E-01 1.00000000E+02 1.20000000E-01
7.22147789E-01 9.46448868E-01 1.00000000E+02 1.20000000E-01
7.44977588E-01 9.33214900E-01 1.00000000E+02 1.20000000E-01
7.68529123E-01 9.19203205E-01 1.00000000E+02 1.20000000E-01
7.92825209E-01 9.04592748E-01 1.00000000E+02 1.20000000E-01
8.17889387E-01 8.89034758E-01 1.00000000E+02 1.20000000E-01
8.43745937E-01 8.72469641E-01 1.00000000E+02 1.20000000E-01
8.70419909E-01 8.61012623E-01 1.00000000E+02 1.20000000E-01
8.97937146E-01 8.48959494E-01 1.00000000E+02 1.20000000E-01
9.26324306E-01 8.36201598E-01 1.00000000E+02 1.20000000E-01
9.55608890E-01 8.22867688E-01 1.00000000E+02 1.20000000E-01
9.85819270E-01 8.08738455E-01 1.00000000E+02 1.20000000E-01
1.01698471E+00 7.94140966E-01 1.00000000E+02 1.20000000E-01
1.04913541E+00 7.83768635E-01 1.00000000E+02 1.20000000E-01
1.08230252E+00 7.72825339E-01 1.00000000E+02 1.20000000E-01
1.11651816E+00 7.61225062E-01 1.00000000E+02 1.20000000E-01
1.15181548E+00 7.49104842E-01 1.00000000E+02 1.20000000E-01
1.18822869E+00 7.36149598E-01 1.00000000E+02 1.20000000E-01
1.22579305E+00 7.23253670E-01 1.00000000E+02 1.20000000E-01
1.26454497E+00 7.13834349E-01 1.00000000E+02 1.20000000E-01
1.30452197E+00 7.03857964E-01 1.00000000E+02 1.20000000E-01
1.34576280E+00 6.93288800E-01 1.00000000E+02 1.20000000E-01
1.38830741E+00 6.82235514E-01 1.00000000E+02 1.20000000E-01
1.43219701E+00 6.70412673E-01 1.00000000E+02 1.20000000E-01
1.47747413E+00 6.58727631E-01 1.00000000E+02 1.20000000E-01
1.52418263E+00 6.50153485E-01 1.00000000E+02 1.20000000E-01
1.57236775E+00 6.40909202E-01 1.00000000E+02 1.20000000E-01
1.62207619E+00 6.30827878E-01 1.00000000E+02 1.20000000E-01
1.67335610E+00 6.19057702E-01 1.00000000E+02 1.20000000E-01
1.72625717E+00 6.02118332E-01 1.00000000E+02 1.20000000E-01
1.78083063E+00 5.79862526E-01 1.00000000E+02 1.20000000E-01
1.83712936E+00 5.60974956E-01 1.00000000E+02 1.20000000E-01
1.89520791E+00 5.45573740E-01 1.00000000E+02 1.20000000E-01
1.95512253E+00 5.34871600E-01 1.00000000E+02 1.20000000E-01
2.01693129E+00 5.24041958E-01 1.00000000E+02 1.20000000E-01
2.08069405E+00 5.12508332E-01 1.00000000E+02 1.20000000E-01
2.14647259E+00 5.00523145E-01 1.00000000E+02 1.20000000E-01
2.21433063E+00 4.92087779E-01 1.00000000E+02 1.20000000E-01
2.28433393E+00 4.83363617E-01 1.00000000E+02 1.20000000E-01
2.35655029E+00 4.74051178E-01 1.00000000E+02 1.20000000E-01
2.43104968E+00 4.64075759E-01 1.00000000E+02 1.20000000E-01
2.50790427E+00 4.54233256E-01 1.00000000E+02 1.20000000E-01
2.58718853E+00 4.46693974E-01 1.00000000E+02 1.20000000E-01
2.66897926E+00 4.38540145E-01 1.00000000E+02 1.20000000E-01
2.75335570E+00 4.29756819E-01 1.00000000E+02 1.20000000E-01
2.84039959E+00 4.20259708E-01 1.00000000E+02 1.20000000E-01
2.93019527E+00 4.11912706E-01 1.00000000E+02 1.20000000E-01
3.02282973E+00 4.04983329E-01 1.00000000E+02 1.20000000E-01
3.11839271E+00 3.97665324E-01 1.00000000E+02 1.20000000E-01
3.21697680E+00 3.89938796E-01 1.00000000E+02 1.20000000E-01
3.31867750E+00 3.81990754E-01 1.00000000E+02 1.20000000E-01
3.42359333E+00 3.74998396E-01 1.00000000E+02 1.20000000E-01
3.53182596E+00 3.68742356E-01 1.00000000E+02 1.20000000E-01
3.64348022E+00 3.61905460E-01 1.00000000E+02 1.20000000E-01
3.75866429E+00 3.54556768E-01 1.00000000E+02 1.20000000E-01
3.87748976E+00 3.46592946E-01 1.00000000E+02 1.20000000E-01
4.00007174E+00 3.40414670E-01 1.00000000E+02 1.20000000E-01
4.12652901E+00 3.34459752E-01 1.00000000E+02 1.20000000E-01
4.25698406E+00 3.28256091E-01 1.00000000E+02 1.20000000E-01
4.39156329E+00 3.21647928E-01 1.00000000E+02 1.20000000E-01
4.53039707E+00 3.14746911E-01 1.00000000E+02 1.20000000E-01
4.67361991E+00 3.09925412E-01 1.00000000E+02 1.20000000E-01
4.82137055E+00 3.05022411E-01 1.00000000E+02 1.20000000E-01
4.97379215E+00 2.99846644E-01 1.00000000E+02 1.20000000E-01
5.13103237E+00 2.94408011E-01 1.00000000E+02 1.20000000E-01
5.29324354E+00 2.88664803E-01 1.00000000E+02 1.20000000E-01
5.46058282E+00 2.83964888E-01 1.00000000E+02 1.20000000E-01
5.63321231E+00 2.79808459E-01 1.00000000E+02 1.20000000E-01
5.81129927E+00 2.75406830E-01 1.00000000E+02 1.20000000E-01
5.99501623E+00 2.70797583E-01 1.00000000E+02 1.20000000E-01
6.18454117E+00 2.65862494E-01 1.00000000E+02 1.20000000E-01
6.38005771E+00 2.60800804E-01 1.00000000E+02 1.20000000E-01
6.58175525E+00 2.57220439E-01 1.00000000E+02 1.20000000E-01
6.78982921E+00 2.53422612E-01 1.00000000E+02 1.20000000E-01
7.00448117E+00 2.49410727E-01 1.00000000E+02 1.20000000E-01
7.22591908E+00 2.45159752E-01 1.00000000E+02 1.20000000E-01
7.45435747E+00 2.40627179E-01 1.00000000E+02 1.20000000E-01
7.69001766E+00 2.36572515E-01 1.00000000E+02 1.20000000E-01
7.93312795E+00 2.33268988E-01 1.00000000E+02 1.20000000E-01
8.18392387E+00 2.29755429E-01 1.00000000E+02 1.20000000E-01
8.44264838E+00 2.26019495E-01 1.00000000E+02 1.20000000E-01
8.70955215E+00 2.22085032E-01 1.00000000E+02 1.20000000E-01
8.98489375E+00 2.17889290E-01 1.00000000E+02 1.20000000E-01
9.26893993E+00 2.14623865E-01 1.00000000E+02 1.20000000E-01
9.56196587E+00 2.11522378E-01 1.00000000E+02 1.20000000E-01
9.86425546E+00 2.08212396E-01 1.00000000E+02 1.20000000E-01
1.01761016E+01 2.04671750E-01 1.00000000E+02 1.20000000E-01
1.04978063E+01 2.00934035E-01 1.00000000E+02 1.20000000E-01
1.08296813E+01 1.97171267E-01 1.00000000E+02 1.20000000E-01
1.11720481E+01 1.94363644E-01 1.00000000E+02 1.20000000E-01
1.15252385E+01 1.91432005E-01 1.00000000E+02 1.20000000E-01
1.18895945E+01 1.88200630E-01 1.00000000E+02 1.20000000E-01
1.22654691E+01 1.84728117E-01 1.00000000E+02 1.20000000E-01
1.26532266E+01 1.81033519E-01 1.00000000E+02 1.20000000E-01
1.30532425E+01 1.78145191E-01 1.00000000E+02 1.20000000E-01
1.34659044E+01 1.75379641E-01 1.00000000E+02 1.20000000E-01
1.38916122E+01 1.72401302E-01 1.00000000E+02 1.20000000E-01
1.43307781E+01 1.69150614E-01 1.00000000E+02 1.20000000E-01
1.47838277E+01 1.65682120E-01 1.00000000E+02 1.20000000E-01
1.52512000E+01 1.62728375E-01 1.00000000E+02 1.20000000E-01
1.57333476E+01 1.60090922E-01 1.00000000E+02 1.20000000E-01
1.62307377E+01 1.57261850E-01 1.00000000E+02 1.20000000E-01
1.67438521E+01 1.54147631E-01 1.00000000E+02 1.20000000E-01
1.72731881E+01 1.50804489E-01 1.00000000E+02 1.20000000E-01
1.78192583E+01 1.47981921E-01 1.00000000E+02 1.20000000E-01
1.83825919E+01 1.45364489E-01 1.00000000E+02 1.20000000E-01
1.89637345E+01 1.42488153E-01 1.00000000E+02 1.20000000E-01
1.95632493E+01 1.39298432E-01 1.00000000E+02 1.20000000E-01
2.01817169E+01 1.36002410E-01 1.00000000E+02 1.20000000E-01
2.08197367E+01 1.33493039E-01 1.00000000E+02 1.20000000E-01
2.14779266E+01 1.30669255E-01 1.00000000E+02 1.20000000E-01
2.21569244E+01 1.27515922E-01 1.00000000E+02 1.20000000E-01
2.28573879E+01 1.24131452E-01 1.00000000E+02 1.20000000E-01
2.35799956E+01 1.21572937E-01 1.00000000E+02 1.20000000E-01
2.43254476E+01 1.18686832E-01 1.00000000E+02 1.20000000E-01
2.50944663E+01 1.15471369E-01 1.00000000E+02 1.20000000E-01
2.58877964E+01 1.12293261E-01 1.00000000E+02 1.20000000E-01
2.67062067E+01 1.09537219E-01 1.00000000E+02 1.20000000E-01
2.75504900E+01 1.06356026E-01 1.00000000E+02 1.20000000E-01
2.84214643E+01 1.02857829E-01 1.00000000E+02 1.20000000E-01
2.93199734E+01 1.00005495E-01 1.00000000E+02 1.20000000E-01
3.02468877E+01 9.66163269E-02 1.00000000E+02 1.20000000E-01
3.12031052E+01 9.30715209E-02 1.00000000E+02 1.20000000E-01
3.21895523E+01 8.98377003E-02 1.00000000E+02 1.20000000E-01
3.32071848E+01 8.58556349E-02 1.00000000E+02 1.20000000E-01
3.42569884E+01 8.25415422E-02 1.00000000E+02 1.20000000E-01
3.53399802E+01 7.83052925E-02 1.00000000E+02 1.20000000E-01
3.64572095E+01 7.45428657E-02 1.00000000E+02 1.20000000E-01
3.76097586E+01 6.98464774E-02 1.00000000E+02 1.20000000E-01
3.87987440E+01 6.40386496E-02 1.00000000E+02 1.20000000E-01
4.00253178E+01 5.53089678E-02 1.00000000E+02 1.20000000E-01
4.12906681E+01 3.95291754E-02 1.00000000E+02 1.20000000E-01
4.25960210E+01 1.98692301E-02 1.00000000E+02 1.20000000E-01
4.39426409E+01 8.73093699E-03 1.00000000E+02 1.20000000E-01
4.53318325E+01 3.83289671E-03 1.00000000E+02 1.20000000E-01
4.67649417E+01 1.68663613E-03 1.00000000E+02 1.20000000E-01
4.82433569E+01 7.29104963E-04 1.00000000E+02 1.20000000E-01
