4.94999051E-04 1.88685678E-08 1.01020215E-03 1.20000000E-01
5.36880304E-04 2.01290493E-08 1.09567409E-03 1.20000000E-01
5.82305076E-04 2.40079642E-08 1.18837771E-03 1.20000000E-01
6.31573182E-04 2.56310009E-08 1.28892486E-03 1.20000000E-01
6.85009802E-04 2.75156269E-08 1.39797919E-03 1.20000000E-01
7.42967626E-04 2.89762684E-08 1.51626046E-03 1.20000000E-01
8.05829190E-04 3.27230357E-08 1.64454937E-03 1.20000000E-01
8.74009393E-04 3.51634049E-08 1.78369264E-03 1.20000000E-01
9.47958237E-04 3.79412319E-08 1.93460865E-03 1.20000000E-01
1.02816380E-03 4.21537120E-08 2.09829347E-03 1.20000000E-01
1.11515546E-03 4.50517536E-08 2.27582746E-03 1.20000000E-01
1.20950737E-03 4.85620094E-08 2.46838239E-03 1.20000000E-01
1.31184228E-03 5.24299044E-08 2.67722914E-03 1.20000000E-01
1.42283562E-03 5.65305060E-08 2.90374616E-03 1.20000000E-01
1.54321996E-03 6.12276778E-08 3.14942850E-03 1.20000000E-01
1.67378988E-03 6.60346121E-08 3.41589772E-03 1.20000000E-01
1.81540715E-03 7.08868631E-08 3.70491256E-03 1.20000000E-01
1.96900649E-03 7.62837987E-08 4.01838059E-03 1.20000000E-01
2.13560167E-03 8.27843090E-08 4.35837076E-03 1.20000000E-01
2.31629227E-03 8.90976358E-08 4.72712707E-03 1.20000000E-01
2.51227086E-03 9.57715808E-08 5.12708340E-03 1.20000000E-01
2.72483097E-03 1.03318625E-07 5.56087953E-03 1.20000000E-01
2.95537552E-03 1.11358883E-07 6.03137861E-03 1.20000000E-01
3.20542615E-03 1.20288252E-07 6.54168603E-03 1.20000000E-01
3.47663326E-03 1.29963250E-07 7.09516992E-03 1.20000000E-01
3.77078686E-03 1.40446637E-07 7.69548340E-03 1.20000000E-01
4.08982844E-03 1.51760710E-07 8.34658865E-03 1.20000000E-01
4.43586372E-03 1.64024510E-07 9.05278310E-03 1.20000000E-01
4.81117661E-03 1.77534808E-07 9.81872778E-03 1.20000000E-01
5.21824427E-03 1.92574696E-07 1.06494781E-02 1.20000000E-01
5.65975340E-03 2.08913212E-07 1.15505171E-02 1.20000000E-01
6.13861808E-03 2.26697677E-07 1.25277920E-02 1.20000000E-01
6.65799890E-03 2.46122382E-07 1.35877528E-02 1.20000000E-01
7.22132388E-03 2.67106431E-07 1.47373957E-02 1.20000000E-01
7.83231108E-03 2.89978828E-07 1.59843083E-02 1.20000000E-01
8.49499315E-03 3.14875228E-07 1.73367207E-02 1.20000000E-01
9.21374392E-03 3.41929255E-07 1.88035590E-02 1.20000000E-01
9.99330730E-03 3.72046764E-07 2.03945047E-02 1.20000000E-01
1.08388286E-02 4.05068537E-07 2.21200583E-02 1.20000000E-01
1.17558883E-02 4.40911911E-07 2.39916088E-02 1.20000000E-01
1.27505394E-02 4.79904544E-07 2.60215089E-02 1.20000000E-01
1.38293466E-02 5.22351565E-07 2.82231563E-02 1.20000000E-01
1.49994304E-02 5.68537295E-07 3.06110824E-02 1.20000000E-01
1.62685135E-02 6.18575026E-07 3.32010479E-02 1.20000000E-01
1.76449721E-02 6.72944570E-07 3.60101471E-02 1.20000000E-01
1.91378912E-02 7.31785176E-07 3.90569208E-02 1.20000000E-01
2.07571243E-02 7.95710349E-07 4.23614781E-02 1.20000000E-01
2.25133587E-02 8.65008161E-07 4.59456299E-02 1.20000000E-01
2.44181859E-02 9.41758238E-07 4.98330323E-02 1.20000000E-01
2.64841781E-02 1.02474107E-06 5.40493430E-02 1.20000000E-01
2.87249714E-02 1.11447327E-06 5.86223905E-02 1.20000000E-01
3.11553554E-02 1.21029213E-06 6.35823579E-02 1.20000000E-01
3.37913711E-02 1.31262516E-06 6.89619818E-02 1.20000000E-01
3.66504169E-02 1.41955951E-06 7.47967691E-02 1.20000000E-01
3.97513629E-02 1.53044789E-06 8.11252304E-02 1.20000000E-01
4.31146761E-02 1.64435740E-06 8.79891350E-02 1.20000000E-01
4.67625551E-02 1.76378742E-06 9.54337859E-02 1.20000000E-01
5.07190765E-02 1.87788516E-06 1.03508319E-01 1.20000000E-01
5.50103543E-02 1.98261854E-06 1.12266029E-01 1.20000000E-01
5.96647118E-02 2.08328686E-06 1.21764718E-01 1.20000000E-01
6.47128686E-02 2.16082340E-06 1.32067079E-01 1.20000000E-01
7.01881437E-02 2.21783787E-06 1.43241110E-01 1.20000000E-01
7.61266750E-02 2.24801738E-06 1.55360561E-01 1.20000000E-01
8.25676580E-02 2.24427632E-06 1.68505425E-01 1.20000000E-01
8.95536045E-02 2.20164404E-06 1.82762458E-01 1.20000000E-01
9.71306233E-02 2.13089512E-06 1.98225762E-01 1.20000000E-01
1.05348724E-01 1.97583265E-06 2.14997396E-01 1.20000000E-01
1.14262148E-01 1.81597518E-06 2.33188058E-01 1.20000000E-01
1.23929726E-01 1.67554866E-06 2.52917808E-01 1.20000000E-01
1.34415266E-01 1.53097811E-06 2.74316869E-01 1.20000000E-01
1.45787974E-01 1.38317832E-06 2.97526477E-01 1.20000000E-01
1.58122912E-01 1.23906912E-06 3.22699821E-01 1.20000000E-01
1.71501495E-01 1.09808206E-06 3.50003050E-01 1.20000000E-01
1.86012022E-01 9.58634835E-07 3.79616371E-01 1.20000000E-01
2.01750267E-01 8.31555919E-07 4.11735239E-01 1.20000000E-01
2.18820106E-01 7.24366811E-07 4.46571644E-01 1.20000000E-01
2.37334202E-01 6.52798661E-07 4.84355514E-01 1.20000000E-01
2.57414752E-01 6.16500011E-07 5.25336230E-01 1.20000000E-01
2.79194294E-01 6.01690460E-07 5.69784273E-01 1.20000000E-01
3.02816574E-01 6.01957570E-07 6.17993009E-01 1.20000000E-01
3.28437507E-01 6.11948795E-07 6.70280627E-01 1.20000000E-01
3.56226195E-01 6.27766951E-07 7.26992234E-01 1.20000000E-01
3.86366049E-01 6.46842900E-07 7.88502140E-01 1.20000000E-01
4.19055998E-01 6.71556101E-07 8.55216323E-01 1.20000000E-01
4.54511803E-01 6.99402265E-07 9.27575109E-01 1.20000000E-01
4.92967480E-01 7.29890265E-07 1.00605608E+00 1.20000000E-01
5.34676844E-01 7.64942106E-07 1.09117723E+00 1.20000000E-01
5.79915184E-01 8.01761123E-07 1.18350038E+00 1.20000000E-01
6.28981085E-01 8.42862686E-07 1.28363487E+00 1.20000000E-01
6.82198390E-01 8.86431782E-07 1.39224161E+00 1.20000000E-01
7.39918344E-01 9.32111394E-07 1.51003744E+00 1.20000000E-01
8.02521912E-01 9.81225823E-07 1.63779982E+00 1.20000000E-01
8.70422290E-01 1.02982088E-06 1.77637202E+00 1.20000000E-01
9.44067634E-01 1.08251468E-06 1.92666864E+00 1.20000000E-01
1.02394402E+00 1.13285736E-06 2.08968167E+00 1.20000000E-01
1.11057865E+00 1.18822500E-06 2.26648703E+00 1.20000000E-01
1.20454332E+00 1.24104779E-06 2.45825167E+00 1.20000000E-01
1.30645823E+00 1.29951507E-06 2.66624128E+00 1.20000000E-01
1.41699603E+00 1.35709748E-06 2.89182863E+00 1.20000000E-01
1.53688629E+00 1.41905396E-06 3.13650264E+00 1.20000000E-01
1.66692033E+00 1.48100456E-06 3.40187821E+00 1.20000000E-01
1.80795637E+00 1.56447313E-06 3.68970689E+00 1.20000000E-01
1.96092531E+00 1.65075155E-06 4.00188838E+00 1.20000000E-01
2.12683675E+00 1.74281800E-06 4.34048317E+00 1.20000000E-01
2.30678576E+00 1.84539126E-06 4.70772603E+00 1.20000000E-01
2.50196002E+00 1.94121275E-06 5.10604086E+00 1.20000000E-01
2.71364774E+00 2.04189276E-06 5.53805661E+00 1.20000000E-01
2.94324609E+00 2.16102653E-06 6.00662467E+00 1.20000000E-01
3.19227047E+00 2.28387272E-06 6.51483769E+00 1.20000000E-01
3.46236449E+00 2.40625182E-06 7.06604998E+00 1.20000000E-01
3.75531083E+00 2.54329703E-06 7.66389965E+00 1.20000000E-01
4.07304299E+00 2.68405516E-06 8.31233264E+00 1.20000000E-01
4.41765808E+00 2.82843673E-06 9.01562874E+00 1.20000000E-01
4.79143062E+00 2.99392141E-06 9.77842984E+00 1.20000000E-01
5.19682759E+00 3.15496846E-06 1.06057706E+01 1.20000000E-01
5.63652469E+00 3.33101553E-06 1.15031116E+01 1.20000000E-01
6.11342401E+00 3.51475446E-06 1.24763755E+01 1.20000000E-01
6.63067319E+00 3.73993733E-06 1.35319861E+01 1.20000000E-01
7.19168617E+00 3.98241655E-06 1.46769106E+01 1.20000000E-01
7.80016577E+00 4.22999160E-06 1.59187057E+01 1.20000000E-01
8.46012806E+00 4.50582542E-06 1.72655675E+01 1.20000000E-01
9.17592895E+00 4.80042367E-06 1.87263856E+01 1.20000000E-01
9.95229285E+00 5.10435254E-06 2.03108017E+01 1.20000000E-01
1.07943439E+01 5.44066197E-06 2.20292733E+01 1.20000000E-01
1.17076399E+01 5.80461897E-06 2.38931427E+01 1.20000000E-01
1.26982087E+01 6.18092582E-06 2.59147117E+01 1.20000000E-01
1.37725883E+01 6.58585066E-06 2.81073231E+01 1.20000000E-01
1.49378698E+01 7.03296324E-06 3.04854486E+01 1.20000000E-01
1.62017444E+01 7.49321241E-06 3.30647844E+01 1.20000000E-01
1.75725537E+01 7.97518326E-06 3.58623546E+01 1.20000000E-01
1.90593456E+01 8.52783096E-06 3.88966236E+01 1.20000000E-01
2.06719330E+01 9.09239695E-06 4.21876184E+01 1.20000000E-01
2.24209595E+01 9.67197884E-06 4.57570602E+01 1.20000000E-01
2.43179689E+01 1.03364598E-05 4.96285080E+01 1.20000000E-01
2.63754819E+01 1.10321796E-05 5.38275141E+01 1.20000000E-01
2.86070786E+01 1.17490851E-05 5.83817930E+01 1.20000000E-01
3.10274878E+01 1.25360239E-05 6.33214036E+01 1.20000000E-01
3.36526848E+01 1.33815276E-05 6.86789486E+01 1.20000000E-01
3.64999965E+01 1.42717298E-05 7.44897888E+01 1.20000000E-01
3.95882157E+01 1.52109844E-05 8.07922769E+01 1.20000000E-01
4.29377252E+01 1.62529962E-05 8.76280106E+01 1.20000000E-01
4.65706326E+01 1.73321197E-05 9.50421073E+01 1.20000000E-01
5.05109157E+01 1.84631719E-05 1.03083501E+02 1.20000000E-01
5.47845813E+01 1.97484552E-05 1.11805268E+02 1.20000000E-01
5.94198363E+01 2.10870742E-05 1.21264972E+02 1.20000000E-01
6.44472746E+01 2.24680691E-05 1.31525050E+02 1.20000000E-01
6.99000781E+01 2.37098174E-05 1.42653221E+02 1.20000000E-01
7.58142365E+01 2.56501423E-05 1.54722932E+02 1.20000000E-01
8.22287844E+01 2.73590266E-05 1.67813846E+02 1.20000000E-01
8.91860593E+01 2.91730309E-05 1.82012366E+02 1.20000000E-01
9.67319805E+01 3.12037163E-05 1.97412205E+02 1.20000000E-01
1.04916353E+02 3.33111308E-05 2.14115006E+02 1.20000000E-01
1.13793194E+02 3.54955818E-05 2.32231009E+02 1.20000000E-01
1.23421095E+02 3.79597716E-05 2.51879785E+02 1.20000000E-01
1.33863600E+02 4.05585545E-05 2.73191019E+02 1.20000000E-01
1.45189632E+02 4.32443534E-05 2.96305371E+02 1.20000000E-01
1.57473945E+02 4.61484112E-05 3.21375399E+02 1.20000000E-01
1.70797619E+02 4.93393178E-05 3.48566570E+02 1.20000000E-01
1.85248593E+02 5.26383544E-05 3.78058353E+02 1.20000000E-01
2.00922245E+02 5.60556464E-05 4.10045398E+02 1.20000000E-01
2.17922026E+02 5.99616201E-05 4.44738828E+02 1.20000000E-01
2.36360137E+02 6.39865470E-05 4.82367626E+02 1.20000000E-01
2.56358273E+02 6.81400441E-05 5.23180149E+02 1.20000000E-01
2.78048426E+02 7.27978808E-05 5.67445768E+02 1.20000000E-01
3.01573757E+02 7.77477628E-05 6.15456647E+02 1.20000000E-01
3.27089536E+02 8.28558765E-05 6.67529666E+02 1.20000000E-01
3.54764174E+02 8.83798188E-05 7.24008518E+02 1.20000000E-01
3.84780328E+02 9.44955617E-05 7.85265976E+02 1.20000000E-01
4.17336112E+02 1.00813212E-04 8.51706350E+02 1.20000000E-01
4.52646399E+02 1.07411951E-04 9.23768162E+02 1.20000000E-01
4.90944247E+02 1.14949362E-04 1.00192703E+03 1.20000000E-01
5.32482427E+02 1.22829239E-04 1.08669883E+03 1.20000000E-01
5.77535101E+02 1.31005503E-04 1.17864306E+03 1.20000000E-01
6.26399625E+02 1.40112096E-04 1.27836658E+03 1.20000000E-01
6.79398516E+02 1.49979540E-04 1.38652758E+03 1.20000000E-01
7.36881577E+02 1.60346585E-04 1.50383995E+03 1.20000000E-01
7.99228208E+02 1.71128278E-04 1.63107798E+03 1.20000000E-01
8.66849910E+02 1.83620780E-04 1.76908145E+03 1.20000000E-01
9.40192999E+02 1.96768153E-04 1.91876122E+03 1.20000000E-01
1.01974156E+03 2.10584689E-04 2.08110522E+03 1.20000000E-01
1.10602062E+03 2.25344657E-04 2.25718493E+03 1.20000000E-01
1.19959964E+03 2.42050316E-04 2.44816253E+03 1.20000000E-01
1.30109627E+03 2.59803576E-04 2.65529851E+03 1.20000000E-01
1.41118040E+03 2.78489339E-04 2.87996001E+03 1.20000000E-01
1.53057862E+03 2.98374501E-04 3.12362983E+03 1.20000000E-01
1.66007896E+03 3.21055794E-04 3.38791625E+03 1.20000000E-01
1.80053617E+03 3.45226783E-04 3.67456362E+03 1.20000000E-01
1.95287729E+03 3.70829018E-04 3.98546386E+03 1.20000000E-01
2.11810780E+03 3.98100018E-04 4.32266899E+03 1.20000000E-01
2.29731826E+03 4.28432335E-04 4.68840462E+03 1.20000000E-01
2.49169150E+03 4.61676676E-04 5.08508469E+03 1.20000000E-01
2.70251041E+03 4.97142777E-04 5.51532736E+03 1.20000000E-01
2.93116644E+03 5.34959452E-04 5.98197233E+03 1.20000000E-01
3.17916878E+03 5.75348024E-04 6.48809954E+03 1.20000000E-01
3.44815428E+03 6.20342871E-04 7.03704955E+03 1.20000000E-01
3.73989831E+03 6.69524020E-04 7.63244553E+03 1.20000000E-01
4.05632644E+03 7.22311562E-04 8.27821723E+03 1.20000000E-01
4.39952716E+03 7.79257513E-04 8.97862686E+03 1.20000000E-01
4.77176567E+03 8.39786416E-04 9.73829728E+03 1.20000000E-01
5.17549881E+03 9.05631740E-04 1.05622425E+04 1.20000000E-01
