9.85213366E-04 2.90826611E-01 1.00000000E+00 1.20000000E-01
1.01635965E-03 2.85691045E-01 1.00000000E+00 1.20000000E-01
1.04849059E-03 2.81815308E-01 1.00000000E+00 1.20000000E-01
1.08163731E-03 2.77686778E-01 1.00000000E+00 1.20000000E-01
1.11583192E-03 2.73305520E-01 1.00000000E+00 1.20000000E-01
1.15110755E-03 2.68616871E-01 1.00000000E+00 1.20000000E-01
1.18749838E-03 2.63622154E-01 1.00000000E+00 1.20000000E-01
1.22503966E-03 2.59263148E-01 1.00000000E+00 1.20000000E-01
1.26376775E-03 2.55564535E-01 1.00000000E+00 1.20000000E-01
1.30372019E-03 2.51597529E-01 1.00000000E+00 1.20000000E-01
1.34493567E-03 2.47373968E-01 1.00000000E+00 1.20000000E-01
1.38745413E-03 2.42878884E-01 1.00000000E+00 1.20000000E-01
1.43131676E-03 2.38095042E-01 1.00000000E+00 1.20000000E-01
1.47656605E-03 2.34701320E-01 1.00000000E+00 1.20000000E-01
1.52324584E-03 2.31152502E-01 1.00000000E+00 1.20000000E-01
1.57140135E-03 2.27374823E-01 1.00000000E+00 1.20000000E-01
1.62107924E-03 2.23369301E-01 1.00000000E+00 1.20000000E-01
1.67232763E-03 2.19101083E-01 1.00000000E+00 1.20000000E-01
1.72519617E-03 2.15359531E-01 1.00000000E+00 1.20000000E-01
1.77973609E-03 2.12196108E-01 1.00000000E+00 1.20000000E-01
1.83600022E-03 2.08841617E-01 1.00000000E+00 1.20000000E-01
1.89404307E-03 2.05285399E-01 1.00000000E+00 1.20000000E-01
1.95392088E-03 2.01515235E-01 1.00000000E+00 1.20000000E-01
2.01569164E-03 1.97592111E-01 1.00000000E+00 1.20000000E-01
2.07941521E-03 1.94814200E-01 1.00000000E+00 1.20000000E-01
2.14515332E-03 1.91874241E-01 1.00000000E+00 1.20000000E-01
2.21296966E-03 1.88763942E-01 1.00000000E+00 1.20000000E-01
2.28292993E-03 1.85473563E-01 1.00000000E+00 1.20000000E-01
2.35510190E-03 1.81993422E-01 1.00000000E+00 1.20000000E-01
2.42955550E-03 1.78945171E-01 1.00000000E+00 1.20000000E-01
2.50636286E-03 1.76412934E-01 1.00000000E+00 1.20000000E-01
2.58559839E-03 1.73718063E-01 1.00000000E+00 1.20000000E-01
2.66733885E-03 1.70871469E-01 1.00000000E+00 1.20000000E-01
2.75166343E-03 1.67864602E-01 1.00000000E+00 1.20000000E-01
2.83865383E-03 1.64687585E-01 1.00000000E+00 1.20000000E-01
2.92839432E-03 1.62335694E-01 1.00000000E+00 1.20000000E-01
3.02097184E-03 1.60017632E-01 1.00000000E+00 1.20000000E-01
3.11647609E-03 1.57571202E-01 1.00000000E+00 1.20000000E-01
3.21499958E-03 1.54988557E-01 1.00000000E+00 1.20000000E-01
3.31663777E-03 1.52284366E-01 1.00000000E+00 1.20000000E-01
3.42148913E-03 1.49490285E-01 1.00000000E+00 1.20000000E-01
3.52965523E-03 1.47505295E-01 1.00000000E+00 1.20000000E-01
3.64124086E-03 1.45419706E-01 1.00000000E+00 1.20000000E-01
3.75635414E-03 1.43215834E-01 1.00000000E+00 1.20000000E-01
3.87510658E-03 1.40896170E-01 1.00000000E+00 1.20000000E-01
3.99761322E-03 1.38440780E-01 1.00000000E+00 1.20000000E-01
4.12399276E-03 1.36047949E-01 1.00000000E+00 1.20000000E-01
4.25436764E-03 1.34263069E-01 1.00000000E+00 1.20000000E-01
4.38886415E-03 1.32388357E-01 1.00000000E+00 1.20000000E-01
4.52761260E-03 1.30407535E-01 1.00000000E+00 1.20000000E-01
4.67074741E-03 1.28318296E-01 1.00000000E+00 1.20000000E-01
4.81840725E-03 1.26116545E-01 1.00000000E+00 1.20000000E-01
4.97073516E-03 1.23964682E-01 1.00000000E+00 1.20000000E-01
5.12787874E-03 1.22376639E-01 1.00000000E+00 1.20000000E-01
5.28999021E-03 1.20706714E-01 1.00000000E+00 1.20000000E-01
5.45722664E-03 1.18930220E-01 1.00000000E+00 1.20000000E-01
5.62975003E-03 1.17061209E-01 1.00000000E+00 1.20000000E-01
5.80772754E-03 1.15082557E-01 1.00000000E+00 1.20000000E-01
5.99133158E-03 1.13106311E-01 1.00000000E+00 1.20000000E-01
6.18074003E-03 1.11671603E-01 1.00000000E+00 1.20000000E-01
6.37613640E-03 1.10164000E-01 1.00000000E+00 1.20000000E-01
6.57770997E-03 1.08571219E-01 1.00000000E+00 1.20000000E-01
6.78565605E-03 1.06895259E-01 1.00000000E+00 1.20000000E-01
7.00017608E-03 1.05134894E-01 1.00000000E+00 1.20000000E-01
7.22147789E-03 1.03266396E-01 1.00000000E+00 1.20000000E-01
7.44977588E-03 1.01974005E-01 1.00000000E+00 1.20000000E-01
7.68529123E-03 1.00628071E-01 1.00000000E+00 1.20000000E-01
7.92825209E-03 9.92092000E-02 1.00000000E+00 1.20000000E-01
8.17889387E-03 9.77107303E-02 1.00000000E+00 1.20000000E-01
8.43745937E-03 9.61228013E-02 1.00000000E+00 1.20000000E-01
8.70419909E-03 9.44478133E-02 1.00000000E+00 1.20000000E-01
8.97937146E-03 9.31825100E-02 1.00000000E+00 1.20000000E-01
9.26324306E-03 9.19804859E-02 1.00000000E+00 1.20000000E-01
9.55608890E-03 9.07012404E-02 1.00000000E+00 1.20000000E-01
9.85819270E-03 8.93561113E-02 1.00000000E+00 1.20000000E-01
1.01698471E-02 8.79298401E-02 1.00000000E+00 1.20000000E-01
1.04913541E-02 8.64503181E-02 1.00000000E+00 1.20000000E-01
1.08230252E-02 8.51768507E-02 1.00000000E+00 1.20000000E-01
1.11651816E-02 8.40988964E-02 1.00000000E+00 1.20000000E-01
1.15181548E-02 8.29519019E-02 1.00000000E+00 1.20000000E-01
1.18822869E-02 8.17456083E-02 1.00000000E+00 1.20000000E-01
1.22579305E-02 8.04862447E-02 1.00000000E+00 1.20000000E-01
1.26454497E-02 7.91393795E-02 1.00000000E+00 1.20000000E-01
1.30452197E-02 7.78713678E-02 1.00000000E+00 1.20000000E-01
1.34576280E-02 7.69108755E-02 1.00000000E+00 1.20000000E-01
1.38830741E-02 7.58844375E-02 1.00000000E+00 1.20000000E-01
1.43219701E-02 7.47988597E-02 1.00000000E+00 1.20000000E-01
1.47747413E-02 7.36626203E-02 1.00000000E+00 1.20000000E-01
1.52418263E-02 7.24648215E-02 1.00000000E+00 1.20000000E-01
1.57236775E-02 7.12033574E-02 1.00000000E+00 1.20000000E-01
1.62207619E-02 7.03346461E-02 1.00000000E+00 1.20000000E-01
1.67335610E-02 6.94124388E-02 1.00000000E+00 1.20000000E-01
1.72625717E-02 6.84460451E-02 1.00000000E+00 1.20000000E-01
1.78083063E-02 6.74201749E-02 1.00000000E+00 1.20000000E-01
1.83712936E-02 6.63407867E-02 1.00000000E+00 1.20000000E-01
1.89520791E-02 6.51938011E-02 1.00000000E+00 1.20000000E-01
1.95512253E-02 6.43183215E-02 1.00000000E+00 1.20000000E-01
2.01693129E-02 6.34876229E-02 1.00000000E+00 1.20000000E-01
2.08069405E-02 6.26227829E-02 1.00000000E+00 1.20000000E-01
2.14647259E-02 6.17008204E-02 1.00000000E+00 1.20000000E-01
2.21433063E-02 6.07222941E-02 1.00000000E+00 1.20000000E-01
2.28433393E-02 5.96878138E-02 1.00000000E+00 1.20000000E-01
2.35655029E-02 5.88015382E-02 1.00000000E+00 1.20000000E-01
2.43104968E-02 5.80501066E-02 1.00000000E+00 1.20000000E-01
2.50790427E-02 5.72590069E-02 1.00000000E+00 1.20000000E-01
2.58718853E-02 5.64292222E-02 1.00000000E+00 1.20000000E-01
2.66897926E-02 5.55377201E-02 1.00000000E+00 1.20000000E-01
2.75335570E-02 5.45919442E-02 1.00000000E+00 1.20000000E-01
2.84039959E-02 5.37058044E-02 1.00000000E+00 1.20000000E-01
2.93019527E-02 5.30194165E-02 1.00000000E+00 1.20000000E-01
3.02282973E-02 5.22860210E-02 1.00000000E+00 1.20000000E-01
3.11839271E-02 5.15039356E-02 1.00000000E+00 1.20000000E-01
3.21697680E-02 5.06603845E-02 1.00000000E+00 1.20000000E-01
3.31867750E-02 4.97813270E-02 1.00000000E+00 1.20000000E-01
3.42359333E-02 4.89369719E-02 1.00000000E+00 1.20000000E-01
3.53182596E-02 4.82697102E-02 1.00000000E+00 1.20000000E-01
3.64348022E-02 4.75528459E-02 1.00000000E+00 1.20000000E-01
3.75866429E-02 4.67773221E-02 1.00000000E+00 1.20000000E-01
3.87748976E-02 4.59533623E-02 1.00000000E+00 1.20000000E-01
4.00007174E-02 4.50552194E-02 1.00000000E+00 1.20000000E-01
4.12652901E-02 4.43332197E-02 1.00000000E+00 1.20000000E-01
4.25698406E-02 4.36431340E-02 1.00000000E+00 1.20000000E-01
4.39156329E-02 4.28899571E-02 1.00000000E+00 1.20000000E-01
4.53039707E-02 4.20729485E-02 1.00000000E+00 1.20000000E-01
4.67361991E-02 4.11805233E-02 1.00000000E+00 1.20000000E-01
4.82137055E-02 4.04097517E-02 1.00000000E+00 1.20000000E-01
4.97379215E-02 3.96999506E-02 1.00000000E+00 1.20000000E-01
5.13103237E-02 3.89184345E-02 1.00000000E+00 1.20000000E-01
5.29324354E-02 3.80538296E-02 1.00000000E+00 1.20000000E-01
5.46058282E-02 3.71301481E-02 1.00000000E+00 1.20000000E-01
5.63321231E-02 3.64240698E-02 1.00000000E+00 1.20000000E-01
5.81129927E-02 3.56309158E-02 1.00000000E+00 1.20000000E-01
5.99501623E-02 3.47491648E-02 1.00000000E+00 1.20000000E-01
6.18454117E-02 3.38055210E-02 1.00000000E+00 1.20000000E-01
6.38005771E-02 3.30579166E-02 1.00000000E+00 1.20000000E-01
6.58175525E-02 3.22073257E-02 1.00000000E+00 1.20000000E-01
6.78982921E-02 3.12517927E-02 1.00000000E+00 1.20000000E-01
7.00448117E-02 3.03972594E-02 1.00000000E+00 1.20000000E-01
7.22591908E-02 2.95531255E-02 1.00000000E+00 1.20000000E-01
7.45435747E-02 2.85911771E-02 1.00000000E+00 1.20000000E-01
7.69001766E-02 2.76996923E-02 1.00000000E+00 1.20000000E-01
7.93312795E-02 2.68330431E-02 1.00000000E+00 1.20000000E-01
8.18392387E-02 2.58341144E-02 1.00000000E+00 1.20000000E-01
8.44264838E-02 2.49834996E-02 1.00000000E+00 1.20000000E-01
8.70955215E-02 2.40545646E-02 1.00000000E+00 1.20000000E-01
8.98489375E-02 2.31010588E-02 1.00000000E+00 1.20000000E-01
9.26893993E-02 2.22115020E-02 1.00000000E+00 1.20000000E-01
9.56196587E-02 2.11837421E-02 1.00000000E+00 1.20000000E-01
9.86425546E-02 2.01861877E-02 1.00000000E+00 1.20000000E-01
1.01761016E-01 1.89345424E-02 1.00000000E+00 1.20000000E-01
1.04978063E-01 1.73871047E-02 1.00000000E+00 1.20000000E-01
1.08296813E-01 1.60908707E-02 1.00000000E+00 1.20000000E-01
1.11720481E-01 1.51344891E-02 1.00000000E+00 1.20000000E-01
1.15252385E-01 1.42526416E-02 1.00000000E+00 1.20000000E-01
1.18895945E-01 1.33923104E-02 1.00000000E+00 1.20000000E-01
1.22654691E-01 1.26845686E-02 1.00000000E+00 1.20000000E-01
1.26532266E-01 1.19649737E-02 1.00000000E+00 1.20000000E-01
1.30532425E-01 1.12765310E-02 1.00000000E+00 1.20000000E-01
1.34659044E-01 1.06604670E-02 1.00000000E+00 1.20000000E-01
1.38916122E-01 1.00319207E-02 1.00000000E+00 1.20000000E-01
1.43307781E-01 9.45979838E-03 1.00000000E+00 1.20000000E-01
1.47838277E-01 8.91354723E-03 1.00000000E+00 1.20000000E-01
1.52512000E-01 8.36371324E-03 1.00000000E+00 1.20000000E-01
1.57333476E-01 7.86723935E-03 1.00000000E+00 1.20000000E-01
1.62307377E-01 7.38689974E-03 1.00000000E+00 1.20000000E-01
1.67438521E-01 6.90925274E-03 1.00000000E+00 1.20000000E-01
1.72731881E-01 6.46013237E-03 1.00000000E+00 1.20000000E-01
1.78192583E-01 6.04033328E-03 1.00000000E+00 1.20000000E-01
1.83825919E-01 5.62599321E-03 1.00000000E+00 1.20000000E-01
1.89637345E-01 5.22182459E-03 1.00000000E+00 1.20000000E-01
1.95632493E-01 4.83082137E-03 1.00000000E+00 1.20000000E-01
2.01817169E-01 4.46715453E-03 1.00000000E+00 1.20000000E-01
2.08197367E-01 4.11088996E-03 1.00000000E+00 1.20000000E-01
2.14779266E-01 3.76185798E-03 1.00000000E+00 1.20000000E-01
2.21569244E-01 3.40557757E-03 1.00000000E+00 1.20000000E-01
2.28573879E-01 2.97670465E-03 1.00000000E+00 1.20000000E-01
2.35799956E-01 2.41297083E-03 1.00000000E+00 1.20000000E-01
2.43254476E-01 1.46989244E-03 1.00000000E+00 1.20000000E-01
2.50944663E-01 5.12038109E-04 1.00000000E+00 1.20000000E-01
2.58877964E-01 1.63281761E-04 1.00000000E+00 1.20000000E-01
2.67062067E-01 5.69601871E-05 1.00000000E+00 1.20000000E-01
2.75504900E-01 2.34251513E-05 1.00000000E+00 1.20000000E-01
2.84214643E-01 1.15309975E-05 1.00000000E+00 1.20000000E-01
2.93199734E-01 6.55757056E-06 1.00000000E+00 1.20000000E-01
3.02468877E-01 4.11400838E-06 1.00000000E+00 1.20000000E-01
3.12031052E-01 2.76277893E-06 1.00000000E+00 1.20000000E-01
3.21895523E-01 1.94416302E-06 1.00000000E+00 1.20000000E-01
3.32071848E-01 1.41785393E-06 1.00000000E+00 1.20000000E-01
3.42569884E-01 1.06150630E-06 1.00000000E+00 1.20000000E-01
3.53399802E-01 8.12154065E-07 1.00000000E+00 1.20000000E-01
3.64572095E-01 6.31903769E-07 1.00000000E+00 1.20000000E-01
3.76097586E-01 4.97708832E-07 1.00000000E+00 1.20000000E-01
3.87987440E-01 3.99225680E-07 1.00000000E+00 1.20000000E-01
4.00253178E-01 3.20999152E-07 1.00000000E+00 1.20000000E-01
4.12906681E-01 2.60629567E-07 1.00000000E+00 1.20000000E-01
4.25960210E-01 2.12895489E-07 1.00000000E+00 1.20000000E-01
4.39426409E-01 1.75176498E-07 1.00000000E+00 1.20000000E-01
4.53318325E-01 1.46104742E-07 1.00000000E+00 1.20000000E-01
4.67649417E-01 1.21981629E-07 1.00000000E+00 1.20000000E-01
4.82433569E-01 1.05342765E-07 1.00000000E+00 1.20000000E-01
