1.25277920E-02 1.03050019E+00 1.00000000E+01 1.20000000E-01
1.35877528E-02 9.36686960E-01 1.00000000E+01 1.20000000E-01
1.47373957E-02 8.64201356E-01 1.00000000E+01 1.20000000E-01
1.59843083E-02 8.07633366E-01 1.00000000E+01 1.20000000E-01
1.73367207E-02 7.61260670E-01 1.00000000E+01 1.20000000E-01
1.88035590E-02 7.17070404E-01 1.00000000E+01 1.20000000E-01
2.03945047E-02 6.81439588E-01 1.00000000E+01 1.20000000E-01
2.21200583E-02 6.47403592E-01 1.00000000E+01 1.20000000E-01
2.39916088E-02 6.16897920E-01 1.00000000E+01 1.20000000E-01
2.60215089E-02 5.88675227E-01 1.00000000E+01 1.20000000E-01
2.82231563E-02 5.62113217E-01 1.00000000E+01 1.20000000E-01
3.06110824E-02 5.37125442E-01 1.00000000E+01 1.20000000E-01
3.32010479E-02 5.13464626E-01 1.00000000E+01 1.20000000E-01
3.60101471E-02 4.90393315E-01 1.00000000E+01 1.20000000E-01
3.90569208E-02 4.68312877E-01 1.00000000E+01 1.20000000E-01
4.23614781E-02 4.46242878E-01 1.00000000E+01 1.20000000E-01
4.59456299E-02 4.24316214E-01 1.00000000E+01 1.20000000E-01
4.98330323E-02 4.03046827E-01 1.00000000E+01 1.20000000E-01
5.40493430E-02 3.79725277E-01 1.00000000E+01 1.20000000E-01
5.86223905E-02 3.59121744E-01 1.00000000E+01 1.20000000E-01
6.35823579E-02 3.36286698E-01 1.00000000E+01 1.20000000E-01
6.89619818E-02 3.12403902E-01 1.00000000E+01 1.20000000E-01
7.47967691E-02 2.89098555E-01 1.00000000E+01 1.20000000E-01
8.11252304E-02 2.65663714E-01 1.00000000E+01 1.20000000E-01
8.79891350E-02 2.41753103E-01 1.00000000E+01 1.20000000E-01
9.54337859E-02 2.16773655E-01 1.00000000E+01 1.20000000E-01
1.03508319E-01 1.85871112E-01 1.00000000E+01 1.20000000E-01
1.12266029E-01 1.54280139E-01 1.00000000E+01 1.20000000E-01
1.21764718E-01 1.32913049E-01 1.00000000E+01 1.20000000E-01
1.32067079E-01 1.14886971E-01 1.00000000E+01 1.20000000E-01
1.43241110E-01 9.94010514E-02 1.00000000E+01 1.20000000E-01
1.55360561E-01 8.53059657E-02 1.00000000E+01 1.20000000E-01
1.68505425E-01 7.31238350E-02 1.00000000E+01 1.20000000E-01
1.82762458E-01 6.21527584E-02 1.00000000E+01 1.20000000E-01
1.98225762E-01 5.23841254E-02 1.00000000E+01 1.20000000E-01
2.14997396E-01 4.40395545E-02 1.00000000E+01 1.20000000E-01
2.33188058E-01 3.74819197E-02 1.00000000E+01 1.20000000E-01
2.52917808E-01 3.28805956E-02 1.00000000E+01 1.20000000E-01
2.74316869E-01 2.95887238E-02 1.00000000E+01 1.20000000E-01
2.97526477E-01 2.71323962E-02 1.00000000E+01 1.20000000E-01
3.22699821E-01 2.51590448E-02 1.00000000E+01 1.20000000E-01
3.50003050E-01 2.34734160E-02 1.00000000E+01 1.20000000E-01
3.79616371E-01 2.21386041E-02 1.00000000E+01 1.20000000E-01
4.11735239E-01 2.08637978E-02 1.00000000E+01 1.20000000E-01
4.46571644E-01 1.97029505E-02 1.00000000E+01 1.20000000E-01
4.84355514E-01 1.86996194E-02 1.00000000E+01 1.20000000E-01
5.25336230E-01 1.76618425E-02 1.00000000E+01 1.20000000E-01
5.69784273E-01 1.68179086E-02 1.00000000E+01 1.20000000E-01
6.17993009E-01 1.59327464E-02 1.00000000E+01 1.20000000E-01
6.70280627E-01 1.51414350E-02 1.00000000E+01 1.20000000E-01
7.26992234E-01 1.43656085E-02 1.00000000E+01 1.20000000E-01
7.88502140E-01 1.35994195E-02 1.00000000E+01 1.20000000E-01
8.55216323E-01 1.28988661E-02 1.00000000E+01 1.20000000E-01
9.27575109E-01 1.21439219E-02 1.00000000E+01 1.20000000E-01
1.00605608E+00 1.14632794E-02 1.00000000E+01 1.20000000E-01
1.09117723E+00 1.07690419E-02 1.00000000E+01 1.20000000E-01
1.18350038E+00 1.00621722E-02 1.00000000E+01 1.20000000E-01
1.28363487E+00 9.41791795E-03 1.00000000E+01 1.20000000E-01
1.39224161E+00 8.80775078E-03 1.00000000E+01 1.20000000E-01
1.51003744E+00 8.18174409E-03 1.00000000E+01 1.20000000E-01
1.63779982E+00 7.51352441E-03 1.00000000E+01 1.20000000E-01
1.77637202E+00 6.73213071E-03 1.00000000E+01 1.20000000E-01
1.92666864E+00 6.11399790E-03 1.00000000E+01 1.20000000E-01
2.08968167E+00 5.60444147E-03 1.00000000E+01 1.20000000E-01
2.26648703E+00 5.11380282E-03 1.00000000E+01 1.20000000E-01
2.45825167E+00 4.52569357E-03 1.00000000E+01 1.20000000E-01
2.66624128E+00 3.56957842E-03 1.00000000E+01 1.20000000E-01
2.89182863E+00 1.74166011E-03 1.00000000E+01 1.20000000E-01
3.13650264E+00 5.58934337E-04 1.00000000E+01 1.20000000E-01
3.40187821E+00 1.87878696E-04 1.00000000E+01 1.20000000E-01
3.68970689E+00 6.81931171E-05 1.00000000E+01 1.20000000E-01
4.00188838E+00 2.63395253E-05 1.00000000E+01 1.20000000E-01
4.34048317E+00 1.06897299E-05 1.00000000E+01 1.20000000E-01
4.70772603E+00 4.47773142E-06 1.00000000E+01 1.20000000E-01
5.10604086E+00 1.18556859E-03 1.00000000E+01 1.20000000E-01
5.53805661E+00 1.97568912E-03 1.00000000E+01 1.20000000E-01
6.00662467E+00 2.47716494E-03 1.00000000E+01 1.20000000E-01
6.51483769E+00 2.88428120E-03 1.00000000E+01 1.20000000E-01
7.06604998E+00 3.23335122E-03 1.00000000E+01 1.20000000E-01
7.66389965E+00 3.54585245E-03 1.00000000E+01 1.20000000E-01
8.31233264E+00 3.82427969E-03 1.00000000E+01 1.20000000E-01
9.01562874E+00 3.95440811E-03 1.00000000E+01 1.20000000E-01
9.77842984E+00 3.30987009E-03 1.00000000E+01 1.20000000E-01
1.06057706E+01 3.36220335E-03 1.00000000E+01 1.20000000E-01
1.15031116E+01 3.63236407E-03 1.00000000E+01 1.20000000E-01
1.24763755E+01 3.85351401E-03 1.00000000E+01 1.20000000E-01
1.35319861E+01 4.02169694E-03 1.00000000E+01 1.20000000E-01
1.46769106E+01 4.21370027E-03 1.00000000E+01 1.20000000E-01
1.59187057E+01 4.37070160E-03 1.00000000E+01 1.20000000E-01
1.72655675E+01 4.55231142E-03 1.00000000E+01 1.20000000E-01
1.87263856E+01 4.72246423E-03 1.00000000E+01 1.20000000E-01
2.03108017E+01 4.88989707E-03 1.00000000E+01 1.20000000E-01
2.20292733E+01 5.08166107E-03 1.00000000E+01 1.20000000E-01
2.38931427E+01 5.25002576E-03 1.00000000E+01 1.20000000E-01
2.59147117E+01 5.44627645E-03 1.00000000E+01 1.20000000E-01
2.81073231E+01 5.64259570E-03 1.00000000E+01 1.20000000E-01
3.04854486E+01 5.81606645E-03 1.00000000E+01 1.20000000E-01
3.30647844E+01 6.04582775E-03 1.00000000E+01 1.20000000E-01
3.58623546E+01 6.25077201E-03 1.00000000E+01 1.20000000E-01
3.88966236E+01 6.45697794E-03 1.00000000E+01 1.20000000E-01
4.21876184E+01 6.69918225E-03 1.00000000E+01 1.20000000E-01
4.57570602E+01 6.91374841E-03 1.00000000E+01 1.20000000E-01
4.96285080E+01 7.15781437E-03 1.00000000E+01 1.20000000E-01
5.38275141E+01 7.41385177E-03 1.00000000E+01 1.20000000E-01
5.83817930E+01 7.64120465E-03 1.00000000E+01 1.20000000E-01
6.33214036E+01 7.92612591E-03 1.00000000E+01 1.20000000E-01
6.86789486E+01 8.19882267E-03 1.00000000E+01 1.20000000E-01
7.44897888E+01 8.44546630E-03 1.00000000E+01 1.20000000E-01
8.07922769E+01 8.77212315E-03 1.00000000E+01 1.20000000E-01
8.76280106E+01 9.06139680E-03 1.00000000E+01 1.20000000E-01
9.50421073E+01 9.35440800E-03 1.00000000E+01 1.20000000E-01
1.03083501E+02 9.70250978E-03 1.00000000E+01 1.20000000E-01
1.11805268E+02 1.00115750E-02 1.00000000E+01 1.20000000E-01
1.21264972E+02 1.03564911E-02 1.00000000E+01 1.20000000E-01
1.31525050E+02 1.07271151E-02 1.00000000E+01 1.20000000E-01
1.42653221E+02 1.10548524E-02 1.00000000E+01 1.20000000E-01
1.54722932E+02 1.14564919E-02 1.00000000E+01 1.20000000E-01
1.67813846E+02 1.18509799E-02 1.00000000E+01 1.20000000E-01
1.82012366E+02 1.21995726E-02 1.00000000E+01 1.20000000E-01
1.97412205E+02 1.26625334E-02 1.00000000E+01 1.20000000E-01
2.14115006E+02 1.30816922E-02 1.00000000E+01 1.20000000E-01
2.32231009E+02 1.34791831E-02 1.00000000E+01 1.20000000E-01
2.51879785E+02 1.39840229E-02 1.00000000E+01 1.20000000E-01
2.73191019E+02 1.44323135E-02 1.00000000E+01 1.20000000E-01
2.96305371E+02 1.48956426E-02 1.00000000E+01 1.20000000E-01
3.21375399E+02 1.54364463E-02 1.00000000E+01 1.20000000E-01
3.48566570E+02 1.59184119E-02 1.00000000E+01 1.20000000E-01
3.78058353E+02 1.64608917E-02 1.00000000E+01 1.20000000E-01
4.10045398E+02 1.70453493E-02 1.00000000E+01 1.20000000E-01
4.44738828E+02 1.75663232E-02 1.00000000E+01 1.20000000E-01
4.82367626E+02 1.82003182E-02 1.00000000E+01 1.20000000E-01
5.23180149E+02 1.88317968E-02 1.00000000E+01 1.20000000E-01
5.67445768E+02 1.93962522E-02 1.00000000E+01 1.20000000E-01
6.15456647E+02 2.01424860E-02 1.00000000E+01 1.20000000E-01
6.67529666E+02 2.08250739E-02 1.00000000E+01 1.20000000E-01
7.24008518E+02 2.14921868E-02 1.00000000E+01 1.20000000E-01
7.85265976E+02 2.23195996E-02 1.00000000E+01 1.20000000E-01
8.51706350E+02 2.30547741E-02 1.00000000E+01 1.20000000E-01
9.23768162E+02 2.38737301E-02 1.00000000E+01 1.20000000E-01
1.00192703E+03 2.47610601E-02 1.00000000E+01 1.20000000E-01
1.08669883E+03 2.55470550E-02 1.00000000E+01 1.20000000E-01
1.17864306E+03 2.65474079E-02 1.00000000E+01 1.20000000E-01
1.27836658E+03 2.74944256E-02 1.00000000E+01 1.20000000E-01
1.38652758E+03 2.84155118E-02 1.00000000E+01 1.20000000E-01
1.50383995E+03 2.95512544E-02 1.00000000E+01 1.20000000E-01
1.63107798E+03 3.05504532E-02 1.00000000E+01 1.20000000E-01
1.76908145E+03 3.17176507E-02 1.00000000E+01 1.20000000E-01
1.91876122E+03 3.29133654E-02 1.00000000E+01 1.20000000E-01
2.08110522E+03 3.39966631E-02 1.00000000E+01 1.20000000E-01
2.25718493E+03 3.54284382E-02 1.00000000E+01 1.20000000E-01
2.44816253E+03 3.66795970E-02 1.00000000E+01 1.20000000E-01
2.65529851E+03 3.80878125E-02 1.00000000E+01 1.20000000E-01
2.87996001E+03 3.95702983E-02 1.00000000E+01 1.20000000E-01
3.12362983E+03 4.09016887E-02 1.00000000E+01 1.20000000E-01
3.38791625E+03 4.26553476E-02 1.00000000E+01 1.20000000E-01
3.67456362E+03 4.41917270E-02 1.00000000E+01 1.20000000E-01
3.98546386E+03 4.59420615E-02 1.00000000E+01 1.20000000E-01
4.32266899E+03 4.77657202E-02 1.00000000E+01 1.20000000E-01
4.68840462E+03 4.94576676E-02 1.00000000E+01 1.20000000E-01
5.08508469E+03 5.15887459E-02 1.00000000E+01 1.20000000E-01
5.51532736E+03 5.34462045E-02 1.00000000E+01 1.20000000E-01
5.98197233E+03 5.56850061E-02 1.00000000E+01 1.20000000E-01
6.48809954E+03 5.78580150E-02 1.00000000E+01 1.20000000E-01
7.03704955E+03 6.00627239E-02 1.00000000E+01 1.20000000E-01
7.63244553E+03 6.26042111E-02 1.00000000E+01 1.20000000E-01
8.27821723E+03 6.48120188E-02 1.00000000E+01 1.20000000E-01
8.97862686E+03 6.77165556E-02 1.00000000E+01 1.20000000E-01
9.73829728E+03 7.02862111E-02 1.00000000E+01 1.20000000E-01
1.05622425E+04 7.32366639E-02 1.00000000E+01 1.20000000E-01
