1.47656605E-01 1.04454934E+00 1.00000000E+02 1.20000000E-01
1.52324584E-01 1.00968355E+00 1.00000000E+02 1.20000000E-01
1.57140135E-01 9.72780432E-01 1.00000000E+02 1.20000000E-01
1.62107924E-01 9.40937130E-01 1.00000000E+02 1.20000000E-01
1.67232763E-01 9.12500196E-01 1.00000000E+02 1.20000000E-01
1.72519617E-01 8.82531372E-01 1.00000000E+02 1.20000000E-01
1.77973609E-01 8.57681924E-01 1.00000000E+02 1.20000000E-01
1.83600022E-01 8.35003037E-01 1.00000000E+02 1.20000000E-01
1.89404307E-01 8.11056379E-01 1.00000000E+02 1.20000000E-01
1.95392088E-01 7.88668058E-01 1.00000000E+02 1.20000000E-01
2.01569164E-01 7.70589060E-01 1.00000000E+02 1.20000000E-01
2.07941521E-01 7.51419687E-01 1.00000000E+02 1.20000000E-01
2.14515332E-01 7.31151638E-01 1.00000000E+02 1.20000000E-01
2.21296966E-01 7.14548297E-01 1.00000000E+02 1.20000000E-01
2.28292993E-01 6.99179212E-01 1.00000000E+02 1.20000000E-01
2.35510190E-01 6.82904615E-01 1.00000000E+02 1.20000000E-01
2.42955550E-01 6.65659989E-01 1.00000000E+02 1.20000000E-01
2.50636286E-01 6.51528409E-01 1.00000000E+02 1.20000000E-01
2.58559839E-01 6.38472497E-01 1.00000000E+02 1.20000000E-01
2.66733885E-01 6.24570470E-01 1.00000000E+02 1.20000000E-01
2.75166343E-01 6.09734636E-01 1.00000000E+02 1.20000000E-01
2.83865383E-01 5.96550050E-01 1.00000000E+02 1.20000000E-01
2.92839432E-01 5.85339901E-01 1.00000000E+02 1.20000000E-01
3.02097184E-01 5.73423188E-01 1.00000000E+02 1.20000000E-01
3.11647609E-01 5.60662035E-01 1.00000000E+02 1.20000000E-01
3.21499958E-01 5.47534945E-01 1.00000000E+02 1.20000000E-01
3.31663777E-01 5.37882775E-01 1.00000000E+02 1.20000000E-01
3.42148913E-01 5.27632750E-01 1.00000000E+02 1.20000000E-01
3.52965523E-01 5.16644208E-01 1.00000000E+02 1.20000000E-01
3.64124086E-01 5.04920896E-01 1.00000000E+02 1.20000000E-01
3.75635414E-01 4.94925028E-01 1.00000000E+02 1.20000000E-01
3.87510658E-01 4.86112213E-01 1.00000000E+02 1.20000000E-01
3.99761322E-01 4.76651231E-01 1.00000000E+02 1.20000000E-01
4.12399276E-01 4.66627986E-01 1.00000000E+02 1.20000000E-01
4.25436764E-01 4.55885178E-01 1.00000000E+02 1.20000000E-01
4.38886415E-01 4.48160037E-01 1.00000000E+02 1.20000000E-01
4.52761260E-01 4.40057111E-01 1.00000000E+02 1.20000000E-01
4.67074741E-01 4.31424670E-01 1.00000000E+02 1.20000000E-01
4.81840725E-01 4.22201350E-01 1.00000000E+02 1.20000000E-01
4.97073516E-01 4.13318512E-01 1.00000000E+02 1.20000000E-01
5.12787874E-01 4.06355390E-01 1.00000000E+02 1.20000000E-01
5.28999021E-01 3.98959072E-01 1.00000000E+02 1.20000000E-01
5.45722664E-01 3.91028374E-01 1.00000000E+02 1.20000000E-01
5.62975003E-01 3.82636170E-01 1.00000000E+02 1.20000000E-01
5.80772754E-01 3.75246030E-01 1.00000000E+02 1.20000000E-01
5.99133158E-01 3.68888650E-01 1.00000000E+02 1.20000000E-01
6.18074003E-01 3.62130605E-01 1.00000000E+02 1.20000000E-01
6.37613640E-01 3.54886452E-01 1.00000000E+02 1.20000000E-01
6.57770997E-01 3.47222669E-01 1.00000000E+02 1.20000000E-01
6.78565605E-01 3.41054846E-01 1.00000000E+02 1.20000000E-01
7.00017608E-01 3.35280493E-01 1.00000000E+02 1.20000000E-01
7.22147789E-01 3.29121902E-01 1.00000000E+02 1.20000000E-01
7.44977588E-01 3.22521492E-01 1.00000000E+02 1.20000000E-01
7.68529123E-01 3.15542194E-01 1.00000000E+02 1.20000000E-01
7.92825209E-01 3.10178615E-01 1.00000000E+02 1.20000000E-01
8.17889387E-01 3.04889489E-01 1.00000000E+02 1.20000000E-01
8.43745937E-01 2.99267139E-01 1.00000000E+02 1.20000000E-01
8.70419909E-01 2.93281776E-01 1.00000000E+02 1.20000000E-01
8.97937146E-01 2.86858679E-01 1.00000000E+02 1.20000000E-01
9.26324306E-01 2.82198834E-01 1.00000000E+02 1.20000000E-01
9.55608890E-01 2.77426254E-01 1.00000000E+02 1.20000000E-01
9.85819270E-01 2.72232446E-01 1.00000000E+02 1.20000000E-01
1.01698471E+00 2.66804147E-01 1.00000000E+02 1.20000000E-01
1.04913541E+00 2.60981066E-01 1.00000000E+02 1.20000000E-01
1.08230252E+00 2.56812758E-01 1.00000000E+02 1.20000000E-01
1.11651816E+00 2.52385976E-01 1.00000000E+02 1.20000000E-01
1.15181548E+00 2.47611880E-01 1.00000000E+02 1.20000000E-01
1.18822869E+00 2.42538512E-01 1.00000000E+02 1.20000000E-01
1.22579305E+00 2.37372075E-01 1.00000000E+02 1.20000000E-01
1.26454497E+00 2.33478938E-01 1.00000000E+02 1.20000000E-01
1.30452197E+00 2.29300075E-01 1.00000000E+02 1.20000000E-01
1.34576280E+00 2.24753315E-01 1.00000000E+02 1.20000000E-01
1.38830741E+00 2.19865745E-01 1.00000000E+02 1.20000000E-01
1.43219701E+00 2.15310423E-01 1.00000000E+02 1.20000000E-01
1.47747413E+00 2.11427769E-01 1.00000000E+02 1.20000000E-01
1.52418263E+00 2.07173701E-01 1.00000000E+02 1.20000000E-01
1.57236775E+00 2.02417907E-01 1.00000000E+02 1.20000000E-01
1.62207619E+00 1.97166421E-01 1.00000000E+02 1.20000000E-01
1.67335610E+00 1.92658920E-01 1.00000000E+02 1.20000000E-01
1.72625717E+00 1.86291170E-01 1.00000000E+02 1.20000000E-01
1.78083063E+00 1.77645611E-01 1.00000000E+02 1.20000000E-01
1.83712936E+00 1.71633571E-01 1.00000000E+02 1.20000000E-01
1.89520791E+00 1.65782279E-01 1.00000000E+02 1.20000000E-01
1.95512253E+00 1.61195606E-01 1.00000000E+02 1.20000000E-01
2.01693129E+00 1.56952900E-01 1.00000000E+02 1.20000000E-01
2.08069405E+00 1.52485554E-01 1.00000000E+02 1.20000000E-01
2.14647259E+00 1.48400192E-01 1.00000000E+02 1.20000000E-01
2.21433063E+00 1.45091561E-01 1.00000000E+02 1.20000000E-01
2.28433393E+00 1.41566181E-01 1.00000000E+02 1.20000000E-01
2.35655029E+00 1.37754924E-01 1.00000000E+02 1.20000000E-01
2.43104968E+00 1.34542191E-01 1.00000000E+02 1.20000000E-01
2.50790427E+00 1.31532368E-01 1.00000000E+02 1.20000000E-01
2.58718853E+00 1.28256494E-01 1.00000000E+02 1.20000000E-01
2.66897926E+00 1.24693902E-01 1.00000000E+02 1.20000000E-01
2.75335570E+00 1.21979186E-01 1.00000000E+02 1.20000000E-01
2.84039959E+00 1.19174507E-01 1.00000000E+02 1.20000000E-01
2.93019527E+00 1.16195800E-01 1.00000000E+02 1.20000000E-01
3.02282973E+00 1.13114301E-01 1.00000000E+02 1.20000000E-01
3.11839271E+00 1.10898307E-01 1.00000000E+02 1.20000000E-01
3.21697680E+00 1.08558465E-01 1.00000000E+02 1.20000000E-01
3.31867750E+00 1.06091048E-01 1.00000000E+02 1.20000000E-01
3.42359333E+00 1.03482374E-01 1.00000000E+02 1.20000000E-01
3.53182596E+00 1.01567172E-01 1.00000000E+02 1.20000000E-01
3.64348022E+00 9.96281587E-02 1.00000000E+02 1.20000000E-01
3.75866429E+00 9.75760409E-02 1.00000000E+02 1.20000000E-01
3.87748976E+00 9.53871672E-02 1.00000000E+02 1.20000000E-01
4.00007174E+00 9.34080425E-02 1.00000000E+02 1.20000000E-01
4.12652901E+00 9.17723162E-02 1.00000000E+02 1.20000000E-01
4.25698406E+00 9.00310482E-02 1.00000000E+02 1.20000000E-01
4.39156329E+00 8.81812098E-02 1.00000000E+02 1.20000000E-01
4.53039707E+00 8.62100567E-02 1.00000000E+02 1.20000000E-01
4.67361991E+00 8.46781641E-02 1.00000000E+02 1.20000000E-01
4.82137055E+00 8.31997238E-02 1.00000000E+02 1.20000000E-01
4.97379215E+00 8.16336319E-02 1.00000000E+02 1.20000000E-01
5.13103237E+00 7.99595433E-02 1.00000000E+02 1.20000000E-01
5.29324354E+00 7.81749050E-02 1.00000000E+02 1.20000000E-01
5.46058282E+00 7.69240279E-02 1.00000000E+02 1.20000000E-01
5.63321231E+00 7.55864891E-02 1.00000000E+02 1.20000000E-01
5.81129927E+00 7.41728567E-02 1.00000000E+02 1.20000000E-01
5.99501623E+00 7.26555180E-02 1.00000000E+02 1.20000000E-01
6.18454117E+00 7.11029040E-02 1.00000000E+02 1.20000000E-01
6.38005771E+00 6.99736284E-02 1.00000000E+02 1.20000000E-01
6.58175525E+00 6.87634171E-02 1.00000000E+02 1.20000000E-01
6.78982921E+00 6.74678728E-02 1.00000000E+02 1.20000000E-01
7.00448117E+00 6.60848573E-02 1.00000000E+02 1.20000000E-01
7.22591908E+00 6.47102924E-02 1.00000000E+02 1.20000000E-01
7.45435747E+00 6.36732837E-02 1.00000000E+02 1.20000000E-01
7.69001766E+00 6.25589829E-02 1.00000000E+02 1.20000000E-01
7.93312795E+00 6.13622211E-02 1.00000000E+02 1.20000000E-01
8.18392387E+00 6.00845479E-02 1.00000000E+02 1.20000000E-01
8.44264838E+00 5.88725631E-02 1.00000000E+02 1.20000000E-01
8.70955215E+00 5.79047639E-02 1.00000000E+02 1.20000000E-01
8.98489375E+00 5.68661998E-02 1.00000000E+02 1.20000000E-01
9.26893993E+00 5.57546917E-02 1.00000000E+02 1.20000000E-01
9.56196587E+00 5.45664161E-02 1.00000000E+02 1.20000000E-01
9.86425546E+00 5.35042819E-02 1.00000000E+02 1.20000000E-01
1.01761016E+01 5.26051123E-02 1.00000000E+02 1.20000000E-01
1.04978063E+01 5.16389222E-02 1.00000000E+02 1.20000000E-01
1.08296813E+01 5.06118147E-02 1.00000000E+02 1.20000000E-01
1.11720481E+01 4.95008142E-02 1.00000000E+02 1.20000000E-01
1.15252385E+01 4.85974733E-02 1.00000000E+02 1.20000000E-01
1.18895945E+01 4.77569275E-02 1.00000000E+02 1.20000000E-01
1.22654691E+01 4.68505358E-02 1.00000000E+02 1.20000000E-01
1.26532266E+01 4.58636026E-02 1.00000000E+02 1.20000000E-01
1.30532425E+01 4.47983397E-02 1.00000000E+02 1.20000000E-01
1.34659044E+01 4.40407908E-02 1.00000000E+02 1.20000000E-01
1.38916122E+01 4.32221612E-02 1.00000000E+02 1.20000000E-01
1.43307781E+01 4.23293920E-02 1.00000000E+02 1.20000000E-01
1.47838277E+01 4.13650526E-02 1.00000000E+02 1.20000000E-01
1.52512000E+01 4.04901766E-02 1.00000000E+02 1.20000000E-01
1.57333476E+01 3.97524526E-02 1.00000000E+02 1.20000000E-01
1.62307377E+01 3.89347606E-02 1.00000000E+02 1.20000000E-01
1.67438521E+01 3.80491070E-02 1.00000000E+02 1.20000000E-01
1.72731881E+01 3.71256043E-02 1.00000000E+02 1.20000000E-01
1.78192583E+01 3.64353504E-02 1.00000000E+02 1.20000000E-01
1.83825919E+01 3.56760145E-02 1.00000000E+02 1.20000000E-01
1.89637345E+01 3.48514465E-02 1.00000000E+02 1.20000000E-01
1.95632493E+01 3.39352143E-02 1.00000000E+02 1.20000000E-01
2.01817169E+01 3.32583755E-02 1.00000000E+02 1.20000000E-01
2.08197367E+01 3.25244428E-02 1.00000000E+02 1.20000000E-01
2.14779266E+01 3.16964679E-02 1.00000000E+02 1.20000000E-01
2.21569244E+01 3.08184740E-02 1.00000000E+02 1.20000000E-01
2.28573879E+01 3.01402454E-02 1.00000000E+02 1.20000000E-01
2.35799956E+01 2.93740955E-02 1.00000000E+02 1.20000000E-01
2.43254476E+01 2.85083132E-02 1.00000000E+02 1.20000000E-01
2.50944663E+01 2.77441115E-02 1.00000000E+02 1.20000000E-01
2.58877964E+01 2.70029235E-02 1.00000000E+02 1.20000000E-01
2.67062067E+01 2.61515040E-02 1.00000000E+02 1.20000000E-01
2.75504900E+01 2.53376607E-02 1.00000000E+02 1.20000000E-01
2.84214643E+01 2.45757045E-02 1.00000000E+02 1.20000000E-01
2.93199734E+01 2.36757698E-02 1.00000000E+02 1.20000000E-01
3.02468877E+01 2.28620070E-02 1.00000000E+02 1.20000000E-01
3.12031052E+01 2.19551113E-02 1.00000000E+02 1.20000000E-01
3.21895523E+01 2.09177176E-02 1.00000000E+02 1.20000000E-01
3.32071848E+01 1.96163502E-02 1.00000000E+02 1.20000000E-01
3.42569884E+01 1.78274087E-02 1.00000000E+02 1.20000000E-01
3.53399802E+01 1.49728793E-02 1.00000000E+02 1.20000000E-01
3.64572095E+01 1.03501857E-02 1.00000000E+02 1.20000000E-01
3.76097586E+01 5.67381351E-03 1.00000000E+02 1.20000000E-01
3.87987440E+01 2.92265336E-03 1.00000000E+02 1.20000000E-01
4.00253178E+01 1.51631289E-03 1.00000000E+02 1.20000000E-01
4.12906681E+01 7.98627092E-04 1.00000000E+02 1.20000000E-01
4.25960210E+01 4.26145703E-04 1.00000000E+02 1.20000000E-01
4.39426409E+01 2.30294092E-04 1.00000000E+02 1.20000000E-01
4.53318325E+01 1.25569092E-04 1.00000000E+02 1.20000000E-01
4.67649417E+01 6.83453145E-05 1.00000000E+02 1.20000000E-01
4.82433569E+01 3.68388400E-05 1.00000000E+02 1.20000000E-01
