2.52550536E-04 4.59753969E-04 1.01020215E-03 1.20000000E-01
2.73918522E-04 4.82686449E-04 1.09567409E-03 1.20000000E-01
2.97094427E-04 5.07251896E-04 1.18837771E-03 1.20000000E-01
3.22231216E-04 5.31887519E-04 1.28892486E-03 1.20000000E-01
3.49494797E-04 5.57949705E-04 1.39797919E-03 1.20000000E-01
3.79065115E-04 5.84511998E-04 1.51626046E-03 1.20000000E-01
4.11137342E-04 6.12415170E-04 1.64454937E-03 1.20000000E-01
4.45923160E-04 6.40795010E-04 1.78369264E-03 1.20000000E-01
4.83652162E-04 6.71017837E-04 1.93460865E-03 1.20000000E-01
5.24573368E-04 7.01168417E-04 2.09829347E-03 1.20000000E-01
5.68956866E-04 7.33033242E-04 2.27582746E-03 1.20000000E-01
6.17095597E-04 7.64707403E-04 2.46838239E-03 1.20000000E-01
6.69307285E-04 8.00626122E-04 2.67722914E-03 1.20000000E-01
7.25936540E-04 8.35056632E-04 2.90374616E-03 1.20000000E-01
7.87357125E-04 8.73781604E-04 3.14942850E-03 1.20000000E-01
8.53974429E-04 9.07286475E-04 3.41589772E-03 1.20000000E-01
9.26228140E-04 9.48671798E-04 3.70491256E-03 1.20000000E-01
1.00459515E-03 9.86069545E-04 4.01838059E-03 1.20000000E-01
1.08959269E-03 1.02697262E-03 4.35837076E-03 1.20000000E-01
1.18178177E-03 1.06794628E-03 4.72712707E-03 1.20000000E-01
1.28177085E-03 1.10732318E-03 5.12708340E-03 1.20000000E-01
1.39021988E-03 1.15313671E-03 5.56087953E-03 1.20000000E-01
1.50784465E-03 1.19269254E-03 6.03137861E-03 1.20000000E-01
1.63542151E-03 1.24091989E-03 6.54168603E-03 1.20000000E-01
1.77379248E-03 1.28736012E-03 7.09516992E-03 1.20000000E-01
1.92387085E-03 1.33361382E-03 7.69548340E-03 1.20000000E-01
2.08664716E-03 1.38813196E-03 8.34658865E-03 1.20000000E-01
2.26319577E-03 1.43636364E-03 9.05278310E-03 1.20000000E-01
2.45468195E-03 1.49610962E-03 9.81872778E-03 1.20000000E-01
2.66236952E-03 1.55369288E-03 1.06494781E-02 1.20000000E-01
2.88762929E-03 1.61339684E-03 1.15505171E-02 1.20000000E-01
3.13194800E-03 1.68145764E-03 1.25277920E-02 1.20000000E-01
3.39693821E-03 1.74116348E-03 1.35877528E-02 1.20000000E-01
3.68434892E-03 1.82070712E-03 1.47373957E-02 1.20000000E-01
3.99607708E-03 1.89077476E-03 1.59843083E-02 1.20000000E-01
4.33418018E-03 1.97327306E-03 1.73367207E-02 1.20000000E-01
4.70088976E-03 2.05432068E-03 1.88035590E-02 1.20000000E-01
5.09862618E-03 2.13980479E-03 2.03945047E-02 1.20000000E-01
5.53001458E-03 2.23322359E-03 2.21200583E-02 1.20000000E-01
5.99790221E-03 2.32150774E-03 2.39916088E-02 1.20000000E-01
6.50537723E-03 2.42893117E-03 2.60215089E-02 1.20000000E-01
7.05578909E-03 2.52139243E-03 2.82231563E-02 1.20000000E-01
7.65277060E-03 2.64211906E-03 3.06110824E-02 1.20000000E-01
8.30026197E-03 2.74748827E-03 3.32010479E-02 1.20000000E-01
9.00253678E-03 2.87480732E-03 3.60101471E-02 1.20000000E-01
9.76423019E-03 2.99436765E-03 3.90569208E-02 1.20000000E-01
1.05903695E-02 3.12831405E-03 4.23614781E-02 1.20000000E-01
1.14864075E-02 3.26357878E-03 4.59456299E-02 1.20000000E-01
1.24582581E-02 3.40430078E-03 4.98330323E-02 1.20000000E-01
1.35123358E-02 3.55693939E-03 5.40493430E-02 1.20000000E-01
1.46555976E-02 3.70380263E-03 5.86223905E-02 1.20000000E-01
1.58955895E-02 3.87615298E-03 6.35823579E-02 1.20000000E-01
1.72404955E-02 4.02877300E-03 6.89619818E-02 1.20000000E-01
1.86991923E-02 4.22370027E-03 7.47967691E-02 1.20000000E-01
2.02813076E-02 4.38996511E-03 8.11252304E-02 1.20000000E-01
2.19972837E-02 4.60096999E-03 8.79891350E-02 1.20000000E-01
2.38584465E-02 4.78760789E-03 9.54337859E-02 1.20000000E-01
2.58770799E-02 5.00817999E-03 1.03508319E-01 1.20000000E-01
2.80665073E-02 5.21630291E-03 1.12266029E-01 1.20000000E-01
3.04411795E-02 5.44199809E-03 1.21764718E-01 1.20000000E-01
3.30167697E-02 5.67163124E-03 1.32067079E-01 1.20000000E-01
3.58102774E-02 5.88979971E-03 1.43241110E-01 1.20000000E-01
3.88401403E-02 6.13814686E-03 1.55360561E-01 1.20000000E-01
4.21263561E-02 6.34268313E-03 1.68505425E-01 1.20000000E-01
4.56906146E-02 6.58148101E-03 1.82762458E-01 1.20000000E-01
4.95564405E-02 6.79147520E-03 1.98225762E-01 1.20000000E-01
5.37493491E-02 6.96013450E-03 2.14997396E-01 1.20000000E-01
5.82970144E-02 7.13386088E-03 2.33188058E-01 1.20000000E-01
6.32294521E-02 7.27320583E-03 2.52917808E-01 1.20000000E-01
6.85792172E-02 7.35968481E-03 2.74316869E-01 1.20000000E-01
7.43816192E-02 7.39232163E-03 2.97526477E-01 1.20000000E-01
8.06749552E-02 7.36727023E-03 3.22699821E-01 1.20000000E-01
8.75007625E-02 7.27516985E-03 3.50003050E-01 1.20000000E-01
9.49040929E-02 7.07722068E-03 3.79616371E-01 1.20000000E-01
1.02933810E-01 6.60789948E-03 4.11735239E-01 1.20000000E-01
1.11642911E-01 5.92752487E-03 4.46571644E-01 1.20000000E-01
1.21088878E-01 5.54312477E-03 4.84355514E-01 1.20000000E-01
1.31334057E-01 5.20132616E-03 5.25336230E-01 1.20000000E-01
1.42446068E-01 4.88000445E-03 5.69784273E-01 1.20000000E-01
1.54498252E-01 4.59419052E-03 6.17993009E-01 1.20000000E-01
1.67570157E-01 4.31873982E-03 6.70280627E-01 1.20000000E-01
1.81748059E-01 4.08977138E-03 7.26992234E-01 1.20000000E-01
1.97125535E-01 3.91939824E-03 7.88502140E-01 1.20000000E-01
2.13804081E-01 3.81210984E-03 8.55216323E-01 1.20000000E-01
2.31893777E-01 3.75641011E-03 9.27575109E-01 1.20000000E-01
2.51514020E-01 3.75001547E-03 1.00605608E+00 1.20000000E-01
2.72794308E-01 3.78016271E-03 1.09117723E+00 1.20000000E-01
2.95875094E-01 3.83777633E-03 1.18350038E+00 1.20000000E-01
3.20908717E-01 3.91400451E-03 1.28363487E+00 1.20000000E-01
3.48060403E-01 4.00253915E-03 1.39224161E+00 1.20000000E-01
3.77509359E-01 4.12150798E-03 1.51003744E+00 1.20000000E-01
4.09449955E-01 4.24731407E-03 1.63779982E+00 1.20000000E-01
4.44093005E-01 4.37273138E-03 1.77637202E+00 1.20000000E-01
4.81667160E-01 4.52332365E-03 1.92666864E+00 1.20000000E-01
5.22420418E-01 4.67677290E-03 2.08968167E+00 1.20000000E-01
5.66621758E-01 4.82204374E-03 2.26648703E+00 1.20000000E-01
6.14562918E-01 5.00142599E-03 2.45825167E+00 1.20000000E-01
6.66560320E-01 5.17339851E-03 2.66624128E+00 1.20000000E-01
7.22957157E-01 5.34203175E-03 2.89182863E+00 1.20000000E-01
7.84125660E-01 5.54222032E-03 3.13650264E+00 1.20000000E-01
8.50469554E-01 5.72371640E-03 3.40187821E+00 1.20000000E-01
9.22426722E-01 5.91502805E-03 3.68970689E+00 1.20000000E-01
1.00047210E+00 6.12246892E-03 4.00188838E+00 1.20000000E-01
1.08512079E+00 6.30727615E-03 4.34048317E+00 1.20000000E-01
1.17693151E+00 6.50142778E-03 4.70772603E+00 1.20000000E-01
1.27651022E+00 6.69408943E-03 5.10604086E+00 1.20000000E-01
1.38451415E+00 6.85613995E-03 5.53805661E+00 1.20000000E-01
1.50165617E+00 6.98504350E-03 6.00662467E+00 1.20000000E-01
1.62870942E+00 7.08802825E-03 6.51483769E+00 1.20000000E-01
1.76651249E+00 6.98519272E-03 7.06604998E+00 1.20000000E-01
1.91597491E+00 6.95333255E-03 7.66389965E+00 1.20000000E-01
2.07808316E+00 7.00534479E-03 8.31233264E+00 1.20000000E-01
2.25390718E+00 7.10144208E-03 9.01562874E+00 1.20000000E-01
2.44460746E+00 7.22071618E-03 9.77842984E+00 1.20000000E-01
2.65144265E+00 7.37086390E-03 1.06057706E+01 1.20000000E-01
2.87577790E+00 7.54057153E-03 1.15031116E+01 1.20000000E-01
3.11909388E+00 7.72929578E-03 1.24763755E+01 1.20000000E-01
3.38299652E+00 7.97670172E-03 1.35319861E+01 1.20000000E-01
3.66922764E+00 8.21246287E-03 1.46769106E+01 1.20000000E-01
3.97967641E+00 8.43652276E-03 1.59187057E+01 1.20000000E-01
4.31639187E+00 8.73969873E-03 1.72655675E+01 1.20000000E-01
4.68159640E+00 9.01823909E-03 1.87263856E+01 1.20000000E-01
5.07770043E+00 9.28512740E-03 2.03108017E+01 1.20000000E-01
5.50731833E+00 9.62828118E-03 2.20292733E+01 1.20000000E-01
5.97328567E+00 9.93837242E-03 2.38931427E+01 1.20000000E-01
6.47867791E+00 1.02511045E-02 2.59147117E+01 1.20000000E-01
7.02683077E+00 1.06208358E-02 2.81073231E+01 1.20000000E-01
7.62136216E+00 1.09534675E-02 3.04854486E+01 1.20000000E-01
8.26619610E+00 1.13118535E-02 3.30647844E+01 1.20000000E-01
8.96558864E+00 1.17176625E-02 3.58623546E+01 1.20000000E-01
9.72415591E+00 1.20839329E-02 3.88966236E+01 1.20000000E-01
1.05469046E+01 1.25054025E-02 4.21876184E+01 1.20000000E-01
1.14392651E+01 1.29388421E-02 4.57570602E+01 1.20000000E-01
1.24071270E+01 1.33262081E-02 4.96285080E+01 1.20000000E-01
1.34568785E+01 1.38090211E-02 5.38275141E+01 1.20000000E-01
1.45954482E+01 1.42824987E-02 5.83817930E+01 1.20000000E-01
1.58303509E+01 1.47110353E-02 6.33214036E+01 1.20000000E-01
1.71697372E+01 1.52867419E-02 6.86789486E+01 1.20000000E-01
1.86224472E+01 1.57974061E-02 7.44897888E+01 1.20000000E-01
2.01980692E+01 1.63088659E-02 8.07922769E+01 1.20000000E-01
2.19070027E+01 1.69190121E-02 8.76280106E+01 1.20000000E-01
2.37605268E+01 1.74658317E-02 9.50421073E+01 1.20000000E-01
2.57708754E+01 1.80732994E-02 1.03083501E+02 1.20000000E-01
2.79513170E+01 1.87297963E-02 1.11805268E+02 1.20000000E-01
3.03162430E+01 1.93141014E-02 1.21264972E+02 1.20000000E-01
3.28812625E+01 2.00427272E-02 1.31525050E+02 1.20000000E-01
3.56633051E+01 2.07457811E-02 1.42653221E+02 1.20000000E-01
3.86807329E+01 2.14000999E-02 1.54722932E+02 1.20000000E-01
4.19534615E+01 2.22437373E-02 1.67813846E+02 1.20000000E-01
4.55030915E+01 2.29929268E-02 1.82012366E+02 1.20000000E-01
4.93530513E+01 2.37973104E-02 1.97412205E+02 1.20000000E-01
5.35287514E+01 2.46953429E-02 2.14115006E+02 1.20000000E-01
5.80577523E+01 2.54941031E-02 2.32231009E+02 1.20000000E-01
6.29699463E+01 2.64738720E-02 2.51879785E+02 1.20000000E-01
6.82977549E+01 2.74280793E-02 2.73191019E+02 1.20000000E-01
7.40763427E+01 2.83249296E-02 2.96305371E+02 1.20000000E-01
8.03438497E+01 2.94667423E-02 3.21375399E+02 1.20000000E-01
8.71416425E+01 3.04788497E-02 3.48566570E+02 1.20000000E-01
9.45145882E+01 3.16111009E-02 3.78058353E+02 1.20000000E-01
1.02511350E+02 3.28082916E-02 4.10045398E+02 1.20000000E-01
1.11184707E+02 3.38661183E-02 4.44738828E+02 1.20000000E-01
1.20591906E+02 3.52668746E-02 4.82367626E+02 1.20000000E-01
1.30795037E+02 3.65229932E-02 5.23180149E+02 1.20000000E-01
1.41861442E+02 3.78537571E-02 5.67445768E+02 1.20000000E-01
1.53864162E+02 3.93464382E-02 6.15456647E+02 1.20000000E-01
1.66882416E+02 4.06552951E-02 6.67529666E+02 1.20000000E-01
1.81002130E+02 4.23201811E-02 7.24008518E+02 1.20000000E-01
1.96316494E+02 4.38641495E-02 7.85265976E+02 1.20000000E-01
2.12926588E+02 4.54507939E-02 8.51706350E+02 1.20000000E-01
2.30942041E+02 4.72735040E-02 9.23768162E+02 1.20000000E-01
2.50481759E+02 4.88741395E-02 1.00192703E+03 1.20000000E-01
2.71674708E+02 5.08773941E-02 1.08669883E+03 1.20000000E-01
2.94660766E+02 5.27598600E-02 1.17864306E+03 1.20000000E-01
3.19591646E+02 5.46676195E-02 1.27836658E+03 1.20000000E-01
3.46631896E+02 5.68900837E-02 1.38652758E+03 1.20000000E-01
3.75959988E+02 5.88410922E-02 1.50383995E+03 1.20000000E-01
4.07769494E+02 6.12810498E-02 1.63107798E+03 1.20000000E-01
4.42270362E+02 6.35786980E-02 1.76908145E+03 1.20000000E-01
4.79690306E+02 6.59570458E-02 1.91876122E+03 1.20000000E-01
5.20276304E+02 6.86674706E-02 2.08110522E+03 1.20000000E-01
5.64296233E+02 7.10422297E-02 2.25718493E+03 1.20000000E-01
6.12040633E+02 7.41181971E-02 2.44816253E+03 1.20000000E-01
6.63824628E+02 7.69092179E-02 2.65529851E+03 1.20000000E-01
7.19990001E+02 7.99851500E-02 2.87996001E+03 1.20000000E-01
7.80907457E+02 8.32491959E-02 3.12362983E+03 1.20000000E-01
8.46979063E+02 8.62773390E-02 3.38791625E+03 1.20000000E-01
9.18640905E+02 9.00956426E-02 3.67456362E+03 1.20000000E-01
9.96365966E+02 9.34195465E-02 3.98546386E+03 1.20000000E-01
1.08066725E+03 9.75001624E-02 4.32266899E+03 1.20000000E-01
1.17210116E+03 1.01346154E-01 4.68840462E+03 1.20000000E-01
1.27127117E+03 1.05504189E-01 5.08508469E+03 1.20000000E-01
1.37883184E+03 1.09970506E-01 5.51532736E+03 1.20000000E-01
1.49549308E+03 1.14140908E-01 5.98197233E+03 1.20000000E-01
1.62202489E+03 1.19285563E-01 6.48809954E+03 1.20000000E-01
1.75926239E+03 1.23737689E-01 7.03704955E+03 1.20000000E-01
1.90811138E+03 1.29373533E-01 7.63244553E+03 1.20000000E-01
2.06955431E+03 1.34499482E-01 8.27821723E+03 1.20000000E-01
2.24465672E+03 1.40300088E-01 8.97862686E+03 1.20000000E-01
2.43457432E+03 1.46172204E-01 9.73829728E+03 1.20000000E-01
2.64056062E+03 1.52129998E-01 1.05622425E+04 1.20000000E-01
