1.01020215E-03 2.87440218E-02 1.00000000E-01 1.20000000E-01
1.09567409E-03 2.75719368E-02 1.00000000E-01 1.20000000E-01
1.18837771E-03 2.64249479E-02 1.00000000E-01 1.20000000E-01
1.28892486E-03 2.52753397E-02 1.00000000E-01 1.20000000E-01
1.39797919E-03 2.42273563E-02 1.00000000E-01 1.20000000E-01
1.51626046E-03 2.31296405E-02 1.00000000E-01 1.20000000E-01
1.64454937E-03 2.21755472E-02 1.00000000E-01 1.20000000E-01
1.78369264E-03 2.11514940E-02 1.00000000E-01 1.20000000E-01
1.93460865E-03 2.02948823E-02 1.00000000E-01 1.20000000E-01
2.09829347E-03 1.93443148E-02 1.00000000E-01 1.20000000E-01
2.27582746E-03 1.85862830E-02 1.00000000E-01 1.20000000E-01
2.46838239E-03 1.77072977E-02 1.00000000E-01 1.20000000E-01
2.67722914E-03 1.70410326E-02 1.00000000E-01 1.20000000E-01
2.90374616E-03 1.62689381E-02 1.00000000E-01 1.20000000E-01
3.14942850E-03 1.56429219E-02 1.00000000E-01 1.20000000E-01
3.41589772E-03 1.49715089E-02 1.00000000E-01 1.20000000E-01
3.70491256E-03 1.43740636E-02 1.00000000E-01 1.20000000E-01
4.01838059E-03 1.37893320E-02 1.00000000E-01 1.20000000E-01
4.35837076E-03 1.32165867E-02 1.00000000E-01 1.20000000E-01
4.72712707E-03 1.27077148E-02 1.00000000E-01 1.20000000E-01
5.12708340E-03 1.21552846E-02 1.00000000E-01 1.20000000E-01
5.56087953E-03 1.17113232E-02 1.00000000E-01 1.20000000E-01
6.03137861E-03 1.11986551E-02 1.00000000E-01 1.20000000E-01
6.54168603E-03 1.07894088E-02 1.00000000E-01 1.20000000E-01
7.09516992E-03 1.03389907E-02 1.00000000E-01 1.20000000E-01
7.69548340E-03 9.93013736E-03 1.00000000E-01 1.20000000E-01
8.34658865E-03 9.53219152E-03 1.00000000E-01 1.20000000E-01
9.05278310E-03 9.13034442E-03 1.00000000E-01 1.20000000E-01
9.81872778E-03 8.77212615E-03 1.00000000E-01 1.20000000E-01
1.06494781E-02 8.37862027E-03 1.00000000E-01 1.20000000E-01
1.15505171E-02 8.05301194E-03 1.00000000E-01 1.20000000E-01
1.25277920E-02 7.67128412E-03 1.00000000E-01 1.20000000E-01
1.35877528E-02 7.36806929E-03 1.00000000E-01 1.20000000E-01
1.47373957E-02 7.00149650E-03 1.00000000E-01 1.20000000E-01
1.59843083E-02 6.70902562E-03 1.00000000E-01 1.20000000E-01
1.73367207E-02 6.36020897E-03 1.00000000E-01 1.20000000E-01
1.88035590E-02 6.06317319E-03 1.00000000E-01 1.20000000E-01
2.03945047E-02 5.73084593E-03 1.00000000E-01 1.20000000E-01
2.21200583E-02 5.40949376E-03 1.00000000E-01 1.20000000E-01
2.39916088E-02 5.09059273E-03 1.00000000E-01 1.20000000E-01
2.60215089E-02 4.74509741E-03 1.00000000E-01 1.20000000E-01
2.82231563E-02 4.38493593E-03 1.00000000E-01 1.20000000E-01
3.06110824E-02 3.99547538E-03 1.00000000E-01 1.20000000E-01
3.32010479E-02 3.34527045E-03 1.00000000E-01 1.20000000E-01
3.60101471E-02 1.31644384E-03 1.00000000E-01 1.20000000E-01
3.90569208E-02 2.14942685E-04 1.00000000E-01 1.20000000E-01
4.23614781E-02 3.79851652E-05 1.00000000E-01 1.20000000E-01
4.59456299E-02 7.20088954E-06 1.00000000E-01 1.20000000E-01
4.98330323E-02 4.80502389E-04 1.00000000E-01 1.20000000E-01
5.40493430E-02 1.81187072E-03 1.00000000E-01 1.20000000E-01
5.86223905E-02 2.40721704E-03 1.00000000E-01 1.20000000E-01
6.35823579E-02 2.83234836E-03 1.00000000E-01 1.20000000E-01
6.89619818E-02 3.16360962E-03 1.00000000E-01 1.20000000E-01
7.47967691E-02 3.40576508E-03 1.00000000E-01 1.20000000E-01
8.11252304E-02 3.58244575E-03 1.00000000E-01 1.20000000E-01
8.79891350E-02 3.68566467E-03 1.00000000E-01 1.20000000E-01
9.54337859E-02 3.73408926E-03 1.00000000E-01 1.20000000E-01
1.03508319E-01 3.58402538E-03 1.00000000E-01 1.20000000E-01
1.12266029E-01 3.30464293E-03 1.00000000E-01 1.20000000E-01
1.21764718E-01 3.19393967E-03 1.00000000E-01 1.20000000E-01
1.32067079E-01 3.10905897E-03 1.00000000E-01 1.20000000E-01
1.43241110E-01 3.05392221E-03 1.00000000E-01 1.20000000E-01
1.55360561E-01 3.03452502E-03 1.00000000E-01 1.20000000E-01
1.68505425E-01 3.04658221E-03 1.00000000E-01 1.20000000E-01
1.82762458E-01 3.08643311E-03 1.00000000E-01 1.20000000E-01
1.98225762E-01 3.14316038E-03 1.00000000E-01 1.20000000E-01
2.14997396E-01 3.20911575E-03 1.00000000E-01 1.20000000E-01
2.33188058E-01 3.27891255E-03 1.00000000E-01 1.20000000E-01
2.52917808E-01 3.35546294E-03 1.00000000E-01 1.20000000E-01
2.74316869E-01 3.45604397E-03 1.00000000E-01 1.20000000E-01
2.97526477E-01 3.55132324E-03 1.00000000E-01 1.20000000E-01
3.22699821E-01 3.64051401E-03 1.00000000E-01 1.20000000E-01
3.50003050E-01 3.75638670E-03 1.00000000E-01 1.20000000E-01
3.79616371E-01 3.87115959E-03 1.00000000E-01 1.20000000E-01
4.11735239E-01 3.97640835E-03 1.00000000E-01 1.20000000E-01
4.46571644E-01 4.10250859E-03 1.00000000E-01 1.20000000E-01
4.84355514E-01 4.23495138E-03 1.00000000E-01 1.20000000E-01
5.25336230E-01 4.35519994E-03 1.00000000E-01 1.20000000E-01
5.69784273E-01 4.49575563E-03 1.00000000E-01 1.20000000E-01
6.17993009E-01 4.64502030E-03 1.00000000E-01 1.20000000E-01
6.70280627E-01 4.78080597E-03 1.00000000E-01 1.20000000E-01
7.26992234E-01 4.93502608E-03 1.00000000E-01 1.20000000E-01
7.88502140E-01 5.06446772E-03 1.00000000E-01 1.20000000E-01
8.55216323E-01 4.86029185E-03 1.00000000E-01 1.20000000E-01
9.27575109E-01 4.65304173E-03 1.00000000E-01 1.20000000E-01
1.00605608E+00 4.55714731E-03 1.00000000E-01 1.20000000E-01
1.09117723E+00 4.52926813E-03 1.00000000E-01 1.20000000E-01
1.18350038E+00 4.54655161E-03 1.00000000E-01 1.20000000E-01
1.28363487E+00 4.59186896E-03 1.00000000E-01 1.20000000E-01
1.39224161E+00 4.65103362E-03 1.00000000E-01 1.20000000E-01
1.51003744E+00 4.71493531E-03 1.00000000E-01 1.20000000E-01
1.63779982E+00 4.77548008E-03 1.00000000E-01 1.20000000E-01
1.77637202E+00 4.79722484E-03 1.00000000E-01 1.20000000E-01
1.92666864E+00 4.82492885E-03 1.00000000E-01 1.20000000E-01
2.08968167E+00 4.89430733E-03 1.00000000E-01 1.20000000E-01
2.26648703E+00 4.98352996E-03 1.00000000E-01 1.20000000E-01
2.45825167E+00 5.07142515E-03 1.00000000E-01 1.20000000E-01
2.66624128E+00 5.15152420E-03 1.00000000E-01 1.20000000E-01
2.89182863E+00 5.23031935E-03 1.00000000E-01 1.20000000E-01
3.13650264E+00 5.32533338E-03 1.00000000E-01 1.20000000E-01
3.40187821E+00 5.46545079E-03 1.00000000E-01 1.20000000E-01
3.68970689E+00 5.60876557E-03 1.00000000E-01 1.20000000E-01
4.00188838E+00 5.74668793E-03 1.00000000E-01 1.20000000E-01
4.34048317E+00 5.91044993E-03 1.00000000E-01 1.20000000E-01
4.70772603E+00 6.09830643E-03 1.00000000E-01 1.20000000E-01
5.10604086E+00 6.27205991E-03 1.00000000E-01 1.20000000E-01
5.53805661E+00 6.45812145E-03 1.00000000E-01 1.20000000E-01
6.00662467E+00 6.68358384E-03 1.00000000E-01 1.20000000E-01
6.51483769E+00 6.88787580E-03 1.00000000E-01 1.20000000E-01
7.06604998E+00 7.10691553E-03 1.00000000E-01 1.20000000E-01
7.66389965E+00 7.35997209E-03 1.00000000E-01 1.20000000E-01
8.31233264E+00 7.58758528E-03 1.00000000E-01 1.20000000E-01
9.01562874E+00 7.84677042E-03 1.00000000E-01 1.20000000E-01
9.77842984E+00 8.12428236E-03 1.00000000E-01 1.20000000E-01
1.06057706E+01 8.37447181E-03 1.00000000E-01 1.20000000E-01
1.15031116E+01 8.68945023E-03 1.00000000E-01 1.20000000E-01
1.24763755E+01 8.99537456E-03 1.00000000E-01 1.20000000E-01
1.35319861E+01 9.27340641E-03 1.00000000E-01 1.20000000E-01
1.46769106E+01 9.64102818E-03 1.00000000E-01 1.20000000E-01
1.59187057E+01 9.96688552E-03 1.00000000E-01 1.20000000E-01
1.72655675E+01 1.03165815E-02 1.00000000E-01 1.20000000E-01
1.87263856E+01 1.07185501E-02 1.00000000E-01 1.20000000E-01
2.03108017E+01 1.10719199E-02 1.00000000E-01 1.20000000E-01
2.20292733E+01 1.15147980E-02 1.00000000E-01 1.20000000E-01
2.38931427E+01 1.19344291E-02 1.00000000E-01 1.20000000E-01
2.59147117E+01 1.23481779E-02 1.00000000E-01 1.20000000E-01
2.81073231E+01 1.28507123E-02 1.00000000E-01 1.20000000E-01
3.04854486E+01 1.32906376E-02 1.00000000E-01 1.20000000E-01
3.30647844E+01 1.38256711E-02 1.00000000E-01 1.20000000E-01
3.58623546E+01 1.43476527E-02 1.00000000E-01 1.20000000E-01
3.88966236E+01 1.48597061E-02 1.00000000E-01 1.20000000E-01
4.21876184E+01 1.54803329E-02 1.00000000E-01 1.20000000E-01
4.57570602E+01 1.60230828E-02 1.00000000E-01 1.20000000E-01
4.96285080E+01 1.66911846E-02 1.00000000E-01 1.20000000E-01
5.38275141E+01 1.73302083E-02 1.00000000E-01 1.20000000E-01
5.83817930E+01 1.79879586E-02 1.00000000E-01 1.20000000E-01
6.33214036E+01 1.87390767E-02 1.00000000E-01 1.20000000E-01
6.86789486E+01 1.93931447E-02 1.00000000E-01 1.20000000E-01
7.44897888E+01 2.02512987E-02 1.00000000E-01 1.20000000E-01
8.07922769E+01 2.10159927E-02 1.00000000E-01 1.20000000E-01
8.76280106E+01 2.18817272E-02 1.00000000E-01 1.20000000E-01
9.50421073E+01 2.27716013E-02 1.00000000E-01 1.20000000E-01
1.03083501E+02 2.36236771E-02 1.00000000E-01 1.20000000E-01
1.11805268E+02 2.46596560E-02 1.00000000E-01 1.20000000E-01
1.21264972E+02 2.55564641E-02 1.00000000E-01 1.20000000E-01
1.31525050E+02 2.66964696E-02 1.00000000E-01 1.20000000E-01
1.42653221E+02 2.77356996E-02 1.00000000E-01 1.20000000E-01
1.54722932E+02 2.88922566E-02 1.00000000E-01 1.20000000E-01
1.67813846E+02 3.00918749E-02 1.00000000E-01 1.20000000E-01
1.82012366E+02 3.12632247E-02 1.00000000E-01 1.20000000E-01
1.97412205E+02 3.26439262E-02 1.00000000E-01 1.20000000E-01
2.14115006E+02 3.38339519E-02 1.00000000E-01 1.20000000E-01
2.32231009E+02 3.53784828E-02 1.00000000E-01 1.20000000E-01
2.51879785E+02 3.67446583E-02 1.00000000E-01 1.20000000E-01
2.73191019E+02 3.83159202E-02 1.00000000E-01 1.20000000E-01
2.96305371E+02 3.98857760E-02 1.00000000E-01 1.20000000E-01
3.21375399E+02 4.14588181E-02 1.00000000E-01 1.20000000E-01
3.48566570E+02 4.32621522E-02 1.00000000E-01 1.20000000E-01
3.78058353E+02 4.48268545E-02 1.00000000E-01 1.20000000E-01
4.10045398E+02 4.68947635E-02 1.00000000E-01 1.20000000E-01
4.44738828E+02 4.86762819E-02 1.00000000E-01 1.20000000E-01
4.82367626E+02 5.08004950E-02 1.00000000E-01 1.20000000E-01
5.23180149E+02 5.28507983E-02 1.00000000E-01 1.20000000E-01
5.67445768E+02 5.49949818E-02 1.00000000E-01 1.20000000E-01
6.15456647E+02 5.73539656E-02 1.00000000E-01 1.20000000E-01
6.67529666E+02 5.95135485E-02 1.00000000E-01 1.20000000E-01
7.24008518E+02 6.22227323E-02 1.00000000E-01 1.20000000E-01
7.85265976E+02 6.45620453E-02 1.00000000E-01 1.20000000E-01
8.51706350E+02 6.74889632E-02 1.00000000E-01 1.20000000E-01
9.23768162E+02 7.01683423E-02 1.00000000E-01 1.20000000E-01
1.00192703E+03 7.31701252E-02 1.00000000E-01 1.20000000E-01
1.08669883E+03 7.62548695E-02 1.00000000E-01 1.20000000E-01
1.17864306E+03 7.93072902E-02 1.00000000E-01 1.20000000E-01
1.27836658E+03 8.28419805E-02 1.00000000E-01 1.20000000E-01
1.38652758E+03 8.59428973E-02 1.00000000E-01 1.20000000E-01
1.50383995E+03 8.99883599E-02 1.00000000E-01 1.20000000E-01
1.63107798E+03 9.34720754E-02 1.00000000E-01 1.20000000E-01
1.76908145E+03 9.77464970E-02 1.00000000E-01 1.20000000E-01
1.91876122E+03 1.01703490E-01 1.00000000E-01 1.20000000E-01
2.08110522E+03 1.06121116E-01 1.00000000E-01 1.20000000E-01
2.25718493E+03 1.10621600E-01 1.00000000E-01 1.20000000E-01
2.44816253E+03 1.15158425E-01 1.00000000E-01 1.20000000E-01
2.65529851E+03 1.20304145E-01 1.00000000E-01 1.20000000E-01
2.87996001E+03 1.24936778E-01 1.00000000E-01 1.20000000E-01
3.12362983E+03 1.30823138E-01 1.00000000E-01 1.20000000E-01
3.38791625E+03 1.35830044E-01 1.00000000E-01 1.20000000E-01
3.67456362E+03 1.42187291E-01 1.00000000E-01 1.20000000E-01
3.98546386E+03 1.47882276E-01 1.00000000E-01 1.20000000E-01
4.32266899E+03 1.54476646E-01 1.00000000E-01 1.20000000E-01
4.68840462E+03 1.60938436E-01 1.00000000E-01 1.20000000E-01
5.08508469E+03 1.67748907E-01 1.00000000E-01 1.20000000E-01
5.51532736E+03 1.75111706E-01 1.00000000E-01 1.20000000E-01
5.98197233E+03 1.82098844E-01 1.00000000E-01 1.20000000E-01
6.48809954E+03 1.90442805E-01 1.00000000E-01 1.20000000E-01
7.03704955E+03 1.97593558E-01 1.00000000E-01 1.20000000E-01
7.63244553E+03 2.07064662E-01 1.00000000E-01 1.20000000E-01
8.27821723E+03 2.15255069E-01 1.00000000E-01 1.20000000E-01
8.97862686E+03 2.25105405E-01 1.00000000E-01 1.20000000E-01
9.73829728E+03 2.34323455E-01 1.00000000E-01 1.20000000E-01
1.05622425E+04 2.44552970E-01 1.00000000E-01 1.20000000E-01
