8.05829190E-04 2.38002534E-08 1.64454937E-03 1.20000000E-01
1.11515546E-03 2.81395192E-08 2.27582746E-03 1.20000000E-01
1.31184228E-03 2.63384539E-08 2.67722914E-03 1.20000000E-01
1.81540715E-03 3.15313406E-08 3.70491256E-03 1.20000000E-01
3.47663326E-03 4.62337816E-08 7.09516992E-03 1.20000000E-01
4.81117661E-03 5.27548268E-08 9.81872778E-03 1.20000000E-01
5.21824427E-03 4.50970877E-08 1.06494781E-02 1.20000000E-01
5.65975340E-03 6.20686205E-08 1.15505171E-02 1.20000000E-01
6.13861808E-03 7.14174275E-08 1.25277920E-02 1.20000000E-01
6.65799890E-03 7.28603423E-08 1.35877528E-02 1.20000000E-01
7.22132388E-03 7.14077964E-08 1.47373957E-02 1.20000000E-01
7.83231108E-03 7.90849888E-08 1.59843083E-02 1.20000000E-01
8.49499315E-03 9.27441931E-08 1.73367207E-02 1.20000000E-01
9.21374392E-03 9.57251037E-08 1.88035590E-02 1.20000000E-01
9.99330730E-03 1.10163555E-07 2.03945047E-02 1.20000000E-01
1.08388286E-02 1.18196348E-07 2.21200583E-02 1.20000000E-01
1.17558883E-02 1.26908283E-07 2.39916088E-02 1.20000000E-01
1.27505394E-02 1.36923584E-07 2.60215089E-02 1.20000000E-01
1.38293466E-02 1.50097908E-07 2.82231563E-02 1.20000000E-01
1.49994304E-02 1.61058440E-07 3.06110824E-02 1.20000000E-01
1.62685135E-02 1.76498716E-07 3.32010479E-02 1.20000000E-01
1.76449721E-02 1.91987528E-07 3.60101471E-02 1.20000000E-01
1.91378912E-02 2.09189180E-07 3.90569208E-02 1.20000000E-01
2.07571243E-02 2.29809729E-07 4.23614781E-02 1.20000000E-01
2.25133587E-02 2.51454645E-07 4.59456299E-02 1.20000000E-01
2.44181859E-02 2.71658252E-07 4.98330323E-02 1.20000000E-01
2.64841781E-02 2.95058161E-07 5.40493430E-02 1.20000000E-01
2.87249714E-02 3.21066349E-07 5.86223905E-02 1.20000000E-01
3.11553554E-02 3.46149595E-07 6.35823579E-02 1.20000000E-01
3.37913711E-02 3.77202729E-07 6.89619818E-02 1.20000000E-01
3.66504169E-02 4.08050715E-07 7.47967691E-02 1.20000000E-01
3.97513629E-02 4.40998026E-07 8.11252304E-02 1.20000000E-01
4.31146761E-02 4.74620026E-07 8.79891350E-02 1.20000000E-01
4.67625551E-02 5.07863336E-07 9.54337859E-02 1.20000000E-01
5.07190765E-02 5.39916110E-07 1.03508319E-01 1.20000000E-01
5.50103543E-02 5.72274962E-07 1.12266029E-01 1.20000000E-01
5.96647118E-02 5.98929037E-07 1.21764718E-01 1.20000000E-01
6.47128686E-02 6.23673830E-07 1.32067079E-01 1.20000000E-01
7.01881437E-02 6.39688180E-07 1.43241110E-01 1.20000000E-01
7.61266750E-02 6.46996580E-07 1.55360561E-01 1.20000000E-01
8.25676580E-02 6.46040987E-07 1.68505425E-01 1.20000000E-01
8.95536045E-02 6.35639141E-07 1.82762458E-01 1.20000000E-01
9.71306233E-02 6.14753710E-07 1.98225762E-01 1.20000000E-01
1.05348724E-01 5.71093888E-07 2.14997396E-01 1.20000000E-01
1.14262148E-01 5.25206484E-07 2.33188058E-01 1.20000000E-01
1.23929726E-01 4.83749226E-07 2.52917808E-01 1.20000000E-01
1.34415266E-01 4.41863152E-07 2.74316869E-01 1.20000000E-01
1.45787974E-01 3.99486144E-07 2.97526477E-01 1.20000000E-01
1.58122912E-01 3.57489031E-07 3.22699821E-01 1.20000000E-01
1.71501495E-01 3.15054371E-07 3.50003050E-01 1.20000000E-01
1.86012022E-01 2.73501268E-07 3.79616371E-01 1.20000000E-01
2.01750267E-01 2.30814117E-07 4.11735239E-01 1.20000000E-01
2.18820106E-01 1.87629095E-07 4.46571644E-01 1.20000000E-01
2.37334202E-01 1.37548427E-07 4.84355514E-01 1.20000000E-01
6.28981085E-01 2.08197223E-08 1.28363487E+00 1.20000000E-01
8.70422290E-01 2.23480044E-08 1.77637202E+00 1.20000000E-01
9.44067634E-01 4.59360520E-08 1.92666864E+00 1.20000000E-01
1.02394402E+00 4.29284625E-08 2.08968167E+00 1.20000000E-01
1.11057865E+00 5.01313119E-08 2.26648703E+00 1.20000000E-01
1.20454332E+00 5.65308795E-08 2.45825167E+00 1.20000000E-01
1.30645823E+00 6.29924159E-08 2.66624128E+00 1.20000000E-01
1.41699603E+00 7.07165686E-08 2.89182863E+00 1.20000000E-01
1.53688629E+00 7.56223371E-08 3.13650264E+00 1.20000000E-01
1.66692033E+00 7.72756098E-08 3.40187821E+00 1.20000000E-01
1.80795637E+00 8.49293162E-08 3.68970689E+00 1.20000000E-01
1.96092531E+00 9.01809940E-08 4.00188838E+00 1.20000000E-01
2.12683675E+00 9.89326783E-08 4.34048317E+00 1.20000000E-01
2.30678576E+00 1.04213193E-07 4.70772603E+00 1.20000000E-01
2.50196002E+00 1.10647972E-07 5.10604086E+00 1.20000000E-01
2.71364774E+00 1.18431459E-07 5.53805661E+00 1.20000000E-01
2.94324609E+00 1.29361417E-07 6.00662467E+00 1.20000000E-01
3.19227047E+00 1.36693287E-07 6.51483769E+00 1.20000000E-01
3.46236449E+00 1.46831553E-07 7.06604998E+00 1.20000000E-01
3.75531083E+00 1.57437557E-07 7.66389965E+00 1.20000000E-01
4.07304299E+00 1.67524521E-07 8.31233264E+00 1.20000000E-01
4.41765808E+00 1.79166478E-07 9.01562874E+00 1.20000000E-01
4.79143062E+00 1.91910894E-07 9.77842984E+00 1.20000000E-01
5.19682759E+00 2.05138587E-07 1.06057706E+01 1.20000000E-01
5.63652469E+00 2.19629752E-07 1.15031116E+01 1.20000000E-01
6.11342401E+00 2.34178703E-07 1.24763755E+01 1.20000000E-01
6.63067319E+00 2.50587284E-07 1.35319861E+01 1.20000000E-01
7.19168617E+00 2.67985610E-07 1.46769106E+01 1.20000000E-01
7.80016577E+00 2.85804850E-07 1.59187057E+01 1.20000000E-01
8.46012806E+00 3.05826852E-07 1.72655675E+01 1.20000000E-01
9.17592895E+00 3.26988798E-07 1.87263856E+01 1.20000000E-01
9.95229285E+00 3.49066314E-07 2.03108017E+01 1.20000000E-01
1.07943439E+01 3.72498292E-07 2.20292733E+01 1.20000000E-01
1.17076399E+01 3.98686749E-07 2.38931427E+01 1.20000000E-01
1.26982087E+01 4.25912243E-07 2.59147117E+01 1.20000000E-01
1.37725883E+01 4.54037143E-07 2.81073231E+01 1.20000000E-01
1.49378698E+01 4.85615897E-07 3.04854486E+01 1.20000000E-01
1.62017444E+01 5.19171519E-07 3.30647844E+01 1.20000000E-01
1.75725537E+01 5.53918127E-07 3.58623546E+01 1.20000000E-01
1.90593456E+01 5.91087159E-07 3.88966236E+01 1.20000000E-01
2.06719330E+01 6.32290402E-07 4.21876184E+01 1.20000000E-01
2.24209595E+01 6.75195907E-07 4.57570602E+01 1.20000000E-01
2.43179689E+01 7.19429335E-07 4.96285080E+01 1.20000000E-01
2.63754819E+01 7.70072609E-07 5.38275141E+01 1.20000000E-01
2.86070786E+01 8.23062301E-07 5.83817930E+01 1.20000000E-01
3.10274878E+01 8.77882419E-07 6.33214036E+01 1.20000000E-01
3.36526848E+01 9.37237084E-07 6.86789486E+01 1.20000000E-01
3.64999965E+01 1.00246379E-06 7.44897888E+01 1.20000000E-01
3.95882157E+01 1.07005359E-06 8.07922769E+01 1.20000000E-01
4.29377252E+01 1.14006070E-06 8.76280106E+01 1.20000000E-01
4.65706326E+01 1.22010844E-06 9.50421073E+01 1.20000000E-01
5.05109157E+01 1.30354112E-06 1.03083501E+02 1.20000000E-01
5.47845813E+01 1.38949968E-06 1.11805268E+02 1.20000000E-01
5.94198363E+01 1.48440815E-06 1.21264972E+02 1.20000000E-01
6.44472746E+01 1.58675057E-06 1.31525050E+02 1.20000000E-01
6.99000781E+01 1.69247575E-06 1.42653221E+02 1.20000000E-01
7.58142365E+01 1.80458671E-06 1.54722932E+02 1.20000000E-01
8.22287844E+01 1.92988849E-06 1.67813846E+02 1.20000000E-01
8.91860593E+01 2.05987113E-06 1.82012366E+02 1.20000000E-01
9.67319805E+01 2.19298038E-06 1.97412205E+02 1.20000000E-01
1.04916353E+02 2.34465074E-06 2.14115006E+02 1.20000000E-01
1.13793194E+02 2.50297137E-06 2.32231009E+02 1.20000000E-01
1.23421095E+02 2.66625940E-06 2.51879785E+02 1.20000000E-01
1.33863600E+02 2.84485943E-06 2.73191019E+02 1.20000000E-01
1.45189632E+02 3.03771200E-06 2.96305371E+02 1.20000000E-01
1.57473945E+02 3.23649788E-06 3.21375399E+02 1.20000000E-01
1.70797619E+02 3.44711924E-06 3.48566570E+02 1.20000000E-01
1.85248593E+02 3.68135391E-06 3.78058353E+02 1.20000000E-01
2.00922245E+02 3.92303994E-06 4.10045398E+02 1.20000000E-01
2.17922026E+02 4.17286050E-06 4.44738828E+02 1.20000000E-01
2.36360137E+02 4.45750850E-06 4.82367626E+02 1.20000000E-01
2.56358273E+02 4.75080837E-06 5.23180149E+02 1.20000000E-01
2.78048426E+02 5.05189113E-06 5.67445768E+02 1.20000000E-01
3.01573757E+02 5.39490635E-06 6.15456647E+02 1.20000000E-01
3.27089536E+02 5.75236665E-06 6.67529666E+02 1.20000000E-01
3.54764174E+02 6.11871628E-06 7.24008518E+02 1.20000000E-01
3.84780328E+02 6.52845187E-06 7.85265976E+02 1.20000000E-01
4.17336112E+02 6.96526210E-06 8.51706350E+02 1.20000000E-01
4.52646399E+02 7.41423371E-06 9.23768162E+02 1.20000000E-01
4.90944247E+02 7.90374095E-06 1.00192703E+03 1.20000000E-01
5.32482427E+02 8.43815194E-06 1.08669883E+03 1.20000000E-01
5.77535101E+02 8.98894177E-06 1.17864306E+03 1.20000000E-01
6.26399625E+02 9.57321143E-06 1.27836658E+03 1.20000000E-01
6.79398516E+02 1.02272908E-05 1.38652758E+03 1.20000000E-01
7.36881577E+02 1.09119973E-05 1.50383995E+03 1.20000000E-01
7.99228208E+02 1.16078283E-05 1.63107798E+03 1.20000000E-01
8.66849910E+02 1.24120402E-05 1.76908145E+03 1.20000000E-01
9.40192999E+02 1.32454749E-05 1.91876122E+03 1.20000000E-01
1.01974156E+03 1.41035573E-05 2.08110522E+03 1.20000000E-01
1.10602062E+03 1.50620889E-05 2.25718493E+03 1.20000000E-01
1.19959964E+03 1.60853215E-05 2.44816253E+03 1.20000000E-01
1.30109627E+03 1.71424043E-05 2.65529851E+03 1.20000000E-01
1.41118040E+03 1.82810080E-05 2.87996001E+03 1.20000000E-01
1.53057862E+03 1.95417258E-05 3.12362983E+03 1.20000000E-01
1.66007896E+03 2.08467445E-05 3.38791625E+03 1.20000000E-01
1.80053617E+03 2.21981037E-05 3.67456362E+03 1.20000000E-01
1.95287729E+03 2.37480834E-05 3.98546386E+03 1.20000000E-01
2.11810780E+03 2.53500283E-05 4.32266899E+03 1.20000000E-01
2.29731826E+03 2.70147122E-05 4.68840462E+03 1.20000000E-01
2.49169150E+03 2.88615164E-05 5.08508469E+03 1.20000000E-01
2.70251041E+03 3.08420860E-05 5.51532736E+03 1.20000000E-01
2.93116644E+03 3.28895128E-05 5.98197233E+03 1.20000000E-01
3.17916878E+03 3.50664343E-05 6.48809954E+03 1.20000000E-01
3.44815428E+03 3.75024352E-05 7.03704955E+03 1.20000000E-01
3.73989831E+03 4.00270392E-05 7.63244553E+03 1.20000000E-01
4.05632644E+03 4.26262071E-05 8.27821723E+03 1.20000000E-01
4.39952716E+03 4.55997506E-05 8.97862686E+03 1.20000000E-01
4.77176567E+03 4.87213733E-05 9.73829728E+03 1.20000000E-01
5.17549881E+03 5.19360327E-05 1.05622425E+04 1.20000000E-01
