9.85213366E-03 8.95160046E-01 1.00000000E+01 1.20000000E-01
1.01635965E-02 8.80058965E-01 1.00000000E+01 1.20000000E-01
1.04849059E-02 8.66815081E-01 1.00000000E+01 1.20000000E-01
1.08163731E-02 8.55712792E-01 1.00000000E+01 1.20000000E-01
1.11583192E-02 8.44108514E-01 1.00000000E+01 1.20000000E-01
1.15110755E-02 8.31804056E-01 1.00000000E+01 1.20000000E-01
1.18749838E-02 8.18845528E-01 1.00000000E+01 1.20000000E-01
1.22503966E-02 8.05224338E-01 1.00000000E+01 1.20000000E-01
1.26376775E-02 7.92215497E-01 1.00000000E+01 1.20000000E-01
1.30372019E-02 7.82269329E-01 1.00000000E+01 1.20000000E-01
1.34493567E-02 7.71931683E-01 1.00000000E+01 1.20000000E-01
1.38745413E-02 7.60908294E-01 1.00000000E+01 1.20000000E-01
1.43131676E-02 7.49235153E-01 1.00000000E+01 1.20000000E-01
1.47656605E-02 7.37080476E-01 1.00000000E+01 1.20000000E-01
1.52324584E-02 7.24292466E-01 1.00000000E+01 1.20000000E-01
1.57140135E-02 7.15591576E-01 1.00000000E+01 1.20000000E-01
1.62107924E-02 7.06186320E-01 1.00000000E+01 1.20000000E-01
1.67232763E-02 6.96243184E-01 1.00000000E+01 1.20000000E-01
1.72519617E-02 6.85915885E-01 1.00000000E+01 1.20000000E-01
1.77973609E-02 6.75078041E-01 1.00000000E+01 1.20000000E-01
1.83600022E-02 6.63440040E-01 1.00000000E+01 1.20000000E-01
1.89404307E-02 6.54370867E-01 1.00000000E+01 1.20000000E-01
1.95392088E-02 6.46037265E-01 1.00000000E+01 1.20000000E-01
2.01569164E-02 6.37146537E-01 1.00000000E+01 1.20000000E-01
2.07941521E-02 6.27793207E-01 1.00000000E+01 1.20000000E-01
2.14515332E-02 6.18064461E-01 1.00000000E+01 1.20000000E-01
2.21296966E-02 6.07606325E-01 1.00000000E+01 1.20000000E-01
2.28292993E-02 5.98402534E-01 1.00000000E+01 1.20000000E-01
2.35510190E-02 5.90901112E-01 1.00000000E+01 1.20000000E-01
2.42955550E-02 5.82929055E-01 1.00000000E+01 1.20000000E-01
2.50636286E-02 5.74489009E-01 1.00000000E+01 1.20000000E-01
2.58559839E-02 5.65521082E-01 1.00000000E+01 1.20000000E-01
2.66733885E-02 5.56023394E-01 1.00000000E+01 1.20000000E-01
2.75166343E-02 5.46923567E-01 1.00000000E+01 1.20000000E-01
2.83865383E-02 5.39986739E-01 1.00000000E+01 1.20000000E-01
2.92839432E-02 5.32662027E-01 1.00000000E+01 1.20000000E-01
3.02097184E-02 5.24865248E-01 1.00000000E+01 1.20000000E-01
3.11647609E-02 5.16539922E-01 1.00000000E+01 1.20000000E-01
3.21499958E-02 5.07768084E-01 1.00000000E+01 1.20000000E-01
3.31663777E-02 4.98860745E-01 1.00000000E+01 1.20000000E-01
3.42148913E-02 4.92277380E-01 1.00000000E+01 1.20000000E-01
3.52965523E-02 4.85227042E-01 1.00000000E+01 1.20000000E-01
3.64124086E-02 4.77665813E-01 1.00000000E+01 1.20000000E-01
3.75635414E-02 4.69632813E-01 1.00000000E+01 1.20000000E-01
3.87510658E-02 4.60897632E-01 1.00000000E+01 1.20000000E-01
3.99761322E-02 4.52900840E-01 1.00000000E+01 1.20000000E-01
4.12399276E-02 4.46195818E-01 1.00000000E+01 1.20000000E-01
4.25436764E-02 4.38940377E-01 1.00000000E+01 1.20000000E-01
4.38886415E-02 4.31063613E-01 1.00000000E+01 1.20000000E-01
4.52761260E-02 4.22476701E-01 1.00000000E+01 1.20000000E-01
4.67074741E-02 4.13865707E-01 1.00000000E+01 1.20000000E-01
4.81840725E-02 4.07152150E-01 1.00000000E+01 1.20000000E-01
4.97073516E-02 3.99757507E-01 1.00000000E+01 1.20000000E-01
5.12787874E-02 3.91623477E-01 1.00000000E+01 1.20000000E-01
5.28999021E-02 3.82686705E-01 1.00000000E+01 1.20000000E-01
5.45722664E-02 3.74656126E-01 1.00000000E+01 1.20000000E-01
5.62975003E-02 3.67434095E-01 1.00000000E+01 1.20000000E-01
5.80772754E-02 3.59279233E-01 1.00000000E+01 1.20000000E-01
5.99133158E-02 3.50178632E-01 1.00000000E+01 1.20000000E-01
6.18074003E-02 3.41619767E-01 1.00000000E+01 1.20000000E-01
6.37613640E-02 3.34006314E-01 1.00000000E+01 1.20000000E-01
6.57770997E-02 3.25376647E-01 1.00000000E+01 1.20000000E-01
6.78565605E-02 3.15574850E-01 1.00000000E+01 1.20000000E-01
7.00017608E-02 3.07738133E-01 1.00000000E+01 1.20000000E-01
7.22147789E-02 2.99191403E-01 1.00000000E+01 1.20000000E-01
7.44977588E-02 2.89541845E-01 1.00000000E+01 1.20000000E-01
7.68529123E-02 2.80991024E-01 1.00000000E+01 1.20000000E-01
7.92825209E-02 2.72297640E-01 1.00000000E+01 1.20000000E-01
8.17889387E-02 2.62351183E-01 1.00000000E+01 1.20000000E-01
8.43745937E-02 2.54050992E-01 1.00000000E+01 1.20000000E-01
8.70419909E-02 2.44915439E-01 1.00000000E+01 1.20000000E-01
8.97937146E-02 2.35390446E-01 1.00000000E+01 1.20000000E-01
9.26324306E-02 2.26618195E-01 1.00000000E+01 1.20000000E-01
9.55608890E-02 2.16286154E-01 1.00000000E+01 1.20000000E-01
9.85819270E-02 2.06605176E-01 1.00000000E+01 1.20000000E-01
1.01698471E-01 1.94020715E-01 1.00000000E+01 1.20000000E-01
1.04913541E-01 1.78443537E-01 1.00000000E+01 1.20000000E-01
1.08230252E-01 1.65617771E-01 1.00000000E+01 1.20000000E-01
1.11651816E-01 1.56068843E-01 1.00000000E+01 1.20000000E-01
1.15181548E-01 1.47036679E-01 1.00000000E+01 1.20000000E-01
1.18822869E-01 1.38863624E-01 1.00000000E+01 1.20000000E-01
1.22579305E-01 1.31572363E-01 1.00000000E+01 1.20000000E-01
1.26454497E-01 1.24128497E-01 1.00000000E+01 1.20000000E-01
1.30452197E-01 1.17929869E-01 1.00000000E+01 1.20000000E-01
1.34576280E-01 1.11466115E-01 1.00000000E+01 1.20000000E-01
1.38830741E-01 1.05573833E-01 1.00000000E+01 1.20000000E-01
1.43219701E-01 1.00036651E-01 1.00000000E+01 1.20000000E-01
1.47747413E-01 9.44456814E-02 1.00000000E+01 1.20000000E-01
1.52418263E-01 8.97163067E-02 1.00000000E+01 1.20000000E-01
1.57236775E-01 8.48186769E-02 1.00000000E+01 1.20000000E-01
1.62207619E-01 8.05167258E-02 1.00000000E+01 1.20000000E-01
1.67335610E-01 7.63760256E-02 1.00000000E+01 1.20000000E-01
1.72625717E-01 7.25052848E-02 1.00000000E+01 1.20000000E-01
1.78083063E-01 6.90872403E-02 1.00000000E+01 1.20000000E-01
1.83712936E-01 6.57876957E-02 1.00000000E+01 1.20000000E-01
1.89520791E-01 6.29923617E-02 1.00000000E+01 1.20000000E-01
1.95512253E-01 6.02824853E-02 1.00000000E+01 1.20000000E-01
2.01693129E-01 5.79205367E-02 1.00000000E+01 1.20000000E-01
2.08069405E-01 5.57730303E-02 1.00000000E+01 1.20000000E-01
2.14647259E-01 5.36381891E-02 1.00000000E+01 1.20000000E-01
2.21433063E-01 5.19861877E-02 1.00000000E+01 1.20000000E-01
2.28433393E-01 5.02571088E-02 1.00000000E+01 1.20000000E-01
2.35655029E-01 4.86570510E-02 1.00000000E+01 1.20000000E-01
2.43104968E-01 4.73425919E-02 1.00000000E+01 1.20000000E-01
2.50790427E-01 4.59562935E-02 1.00000000E+01 1.20000000E-01
2.58718853E-01 4.45964911E-02 1.00000000E+01 1.20000000E-01
2.66897926E-01 4.35507330E-02 1.00000000E+01 1.20000000E-01
2.75335570E-01 4.24482576E-02 1.00000000E+01 1.20000000E-01
2.84039959E-01 4.12897339E-02 1.00000000E+01 1.20000000E-01
2.93019527E-01 4.03065244E-02 1.00000000E+01 1.20000000E-01
3.02282973E-01 3.94259159E-02 1.00000000E+01 1.20000000E-01
3.11839271E-01 3.84941518E-02 1.00000000E+01 1.20000000E-01
3.21697680E-01 3.75125438E-02 1.00000000E+01 1.20000000E-01
3.31867750E-01 3.67056951E-02 1.00000000E+01 1.20000000E-01
3.42359333E-01 3.59561149E-02 1.00000000E+01 1.20000000E-01
3.53182596E-01 3.51636848E-02 1.00000000E+01 1.20000000E-01
3.64348022E-01 3.43238935E-02 1.00000000E+01 1.20000000E-01
3.75866429E-01 3.35870433E-02 1.00000000E+01 1.20000000E-01
3.87748976E-01 3.29465749E-02 1.00000000E+01 1.20000000E-01
4.00007174E-01 3.22695874E-02 1.00000000E+01 1.20000000E-01
4.12652901E-01 3.15499376E-02 1.00000000E+01 1.20000000E-01
4.25698406E-01 3.08263018E-02 1.00000000E+01 1.20000000E-01
4.39156329E-01 3.02773749E-02 1.00000000E+01 1.20000000E-01
4.53039707E-01 2.96941955E-02 1.00000000E+01 1.20000000E-01
4.67361991E-01 2.90796599E-02 1.00000000E+01 1.20000000E-01
4.82137055E-01 2.84208085E-02 1.00000000E+01 1.20000000E-01
4.97379215E-01 2.78652028E-02 1.00000000E+01 1.20000000E-01
5.13103237E-01 2.73673959E-02 1.00000000E+01 1.20000000E-01
5.29324354E-01 2.68334160E-02 1.00000000E+01 1.20000000E-01
5.46058282E-01 2.62658120E-02 1.00000000E+01 1.20000000E-01
5.63321231E-01 2.56676527E-02 1.00000000E+01 1.20000000E-01
5.81129927E-01 2.52342060E-02 1.00000000E+01 1.20000000E-01
5.99501623E-01 2.47724960E-02 1.00000000E+01 1.20000000E-01
6.18454117E-01 2.42846133E-02 1.00000000E+01 1.20000000E-01
6.38005771E-01 2.37599251E-02 1.00000000E+01 1.20000000E-01
6.58175525E-01 2.32672881E-02 1.00000000E+01 1.20000000E-01
6.78982921E-01 2.28662344E-02 1.00000000E+01 1.20000000E-01
7.00448117E-01 2.24400054E-02 1.00000000E+01 1.20000000E-01
7.22591908E-01 2.19844517E-02 1.00000000E+01 1.20000000E-01
7.45435747E-01 2.14954140E-02 1.00000000E+01 1.20000000E-01
7.69001766E-01 2.10903779E-02 1.00000000E+01 1.20000000E-01
7.93312795E-01 2.07148536E-02 1.00000000E+01 1.20000000E-01
8.18392387E-01 2.03161761E-02 1.00000000E+01 1.20000000E-01
8.44264838E-01 1.98852626E-02 1.00000000E+01 1.20000000E-01
8.70955215E-01 1.94287694E-02 1.00000000E+01 1.20000000E-01
8.98489375E-01 1.90958534E-02 1.00000000E+01 1.20000000E-01
9.26893993E-01 1.87410343E-02 1.00000000E+01 1.20000000E-01
9.56196587E-01 1.83559482E-02 1.00000000E+01 1.20000000E-01
9.86425546E-01 1.79434961E-02 1.00000000E+01 1.20000000E-01
1.01761016E+00 1.75655015E-02 1.00000000E+01 1.20000000E-01
1.04978063E+00 1.72376979E-02 1.00000000E+01 1.20000000E-01
1.08296813E+00 1.68842883E-02 1.00000000E+01 1.20000000E-01
1.11720481E+00 1.64960905E-02 1.00000000E+01 1.20000000E-01
1.15252385E+00 1.60968556E-02 1.00000000E+01 1.20000000E-01
1.18895945E+00 1.57837019E-02 1.00000000E+01 1.20000000E-01
1.22654691E+00 1.54401593E-02 1.00000000E+01 1.20000000E-01
1.26532266E+00 1.50627158E-02 1.00000000E+01 1.20000000E-01
1.30532425E+00 1.46698252E-02 1.00000000E+01 1.20000000E-01
1.34659044E+00 1.43611799E-02 1.00000000E+01 1.20000000E-01
1.38916122E+00 1.40180979E-02 1.00000000E+01 1.20000000E-01
1.43307781E+00 1.36350089E-02 1.00000000E+01 1.20000000E-01
1.47838277E+00 1.32705889E-02 1.00000000E+01 1.20000000E-01
1.52512000E+00 1.29408901E-02 1.00000000E+01 1.20000000E-01
1.57333476E+00 1.25640966E-02 1.00000000E+01 1.20000000E-01
1.62307377E+00 1.21527175E-02 1.00000000E+01 1.20000000E-01
1.67438521E+00 1.17785164E-02 1.00000000E+01 1.20000000E-01
1.72731881E+00 1.12802609E-02 1.00000000E+01 1.20000000E-01
1.78192583E+00 1.07664754E-02 1.00000000E+01 1.20000000E-01
1.83825919E+00 1.03227329E-02 1.00000000E+01 1.20000000E-01
1.89637345E+00 9.95869536E-03 1.00000000E+01 1.20000000E-01
1.95632493E+00 9.62549169E-03 1.00000000E+01 1.20000000E-01
2.01817169E+00 9.25950534E-03 1.00000000E+01 1.20000000E-01
2.08197367E+00 8.97863787E-03 1.00000000E+01 1.20000000E-01
2.14779266E+00 8.66828500E-03 1.00000000E+01 1.20000000E-01
2.21569244E+00 8.35506331E-03 1.00000000E+01 1.20000000E-01
2.28573879E+00 8.08731101E-03 1.00000000E+01 1.20000000E-01
2.35799956E+00 7.78399852E-03 1.00000000E+01 1.20000000E-01
2.43254476E+00 7.51085725E-03 1.00000000E+01 1.20000000E-01
2.50944663E+00 7.22316380E-03 1.00000000E+01 1.20000000E-01
2.58877964E+00 6.89786949E-03 1.00000000E+01 1.20000000E-01
2.67062067E+00 6.53388852E-03 1.00000000E+01 1.20000000E-01
2.75504900E+00 6.07114777E-03 1.00000000E+01 1.20000000E-01
2.84214643E+00 5.41491825E-03 1.00000000E+01 1.20000000E-01
2.93199734E+00 4.44733138E-03 1.00000000E+01 1.20000000E-01
3.02468877E+00 3.09951319E-03 1.00000000E+01 1.20000000E-01
3.12031052E+00 1.83796551E-03 1.00000000E+01 1.20000000E-01
3.21895523E+00 1.04925008E-03 1.00000000E+01 1.20000000E-01
3.32071848E+00 6.03890973E-04 1.00000000E+01 1.20000000E-01
3.42569884E+00 3.52917545E-04 1.00000000E+01 1.20000000E-01
3.53399802E+00 2.09308371E-04 1.00000000E+01 1.20000000E-01
3.64572095E+00 1.26043703E-04 1.00000000E+01 1.20000000E-01
3.76097586E+00 7.69366567E-05 1.00000000E+01 1.20000000E-01
3.87987440E+00 4.75416411E-05 1.00000000E+01 1.20000000E-01
4.00253178E+00 2.97311107E-05 1.00000000E+01 1.20000000E-01
4.12906681E+00 1.88263854E-05 1.00000000E+01 1.20000000E-01
4.25960210E+00 1.20392036E-05 1.00000000E+01 1.20000000E-01
4.39426409E+00 7.75996287E-06 1.00000000E+01 1.20000000E-01
4.53318325E+00 5.02582845E-06 1.00000000E+01 1.20000000E-01
4.67649417E+00 3.28536823E-06 1.00000000E+01 1.20000000E-01
4.82433569E+00 2.15543313E-06 1.00000000E+01 1.20000000E-01
