1.87190540E-03 3.92529278E-01 1.90000000E+00 1.20000000E-01
1.93108334E-03 3.85327108E-01 1.90000000E+00 1.20000000E-01
1.99213213E-03 3.77922114E-01 1.90000000E+00 1.20000000E-01
2.05511089E-03 3.72574829E-01 1.90000000E+00 1.20000000E-01
2.12008065E-03 3.66915203E-01 1.90000000E+00 1.20000000E-01
2.18710435E-03 3.60925936E-01 1.90000000E+00 1.20000000E-01
2.25624692E-03 3.54590057E-01 1.90000000E+00 1.20000000E-01
2.32757534E-03 3.47886970E-01 1.90000000E+00 1.20000000E-01
2.40115873E-03 3.42248937E-01 1.90000000E+00 1.20000000E-01
2.47706836E-03 3.37333829E-01 1.90000000E+00 1.20000000E-01
2.55537778E-03 3.32141906E-01 1.90000000E+00 1.20000000E-01
2.63616285E-03 3.26656739E-01 1.90000000E+00 1.20000000E-01
2.71950184E-03 3.20862559E-01 1.90000000E+00 1.20000000E-01
2.80547549E-03 3.14792659E-01 1.90000000E+00 1.20000000E-01
2.89416709E-03 3.10403674E-01 1.90000000E+00 1.20000000E-01
2.98566256E-03 3.05935945E-01 1.90000000E+00 1.20000000E-01
3.08005055E-03 3.01220064E-01 1.90000000E+00 1.20000000E-01
3.17742249E-03 2.96272864E-01 1.90000000E+00 1.20000000E-01
3.27787273E-03 2.91029170E-01 1.90000000E+00 1.20000000E-01
3.38149858E-03 2.85837128E-01 1.90000000E+00 1.20000000E-01
3.48840042E-03 2.82010044E-01 1.90000000E+00 1.20000000E-01
3.59868184E-03 2.77989203E-01 1.90000000E+00 1.20000000E-01
3.71244967E-03 2.73740193E-01 1.90000000E+00 1.20000000E-01
3.82981412E-03 2.69266412E-01 1.90000000E+00 1.20000000E-01
3.95088890E-03 2.64531937E-01 1.90000000E+00 1.20000000E-01
4.07579131E-03 2.60108456E-01 1.90000000E+00 1.20000000E-01
4.20464236E-03 2.56667550E-01 1.90000000E+00 1.20000000E-01
4.33756687E-03 2.53052172E-01 1.90000000E+00 1.20000000E-01
4.47469362E-03 2.49232591E-01 1.90000000E+00 1.20000000E-01
4.61615546E-03 2.45212879E-01 1.90000000E+00 1.20000000E-01
4.76208944E-03 2.40957341E-01 1.90000000E+00 1.20000000E-01
4.91263694E-03 2.37015808E-01 1.90000000E+00 1.20000000E-01
5.06794381E-03 2.33928255E-01 1.90000000E+00 1.20000000E-01
5.22816052E-03 2.30684122E-01 1.90000000E+00 1.20000000E-01
5.39344227E-03 2.27282896E-01 1.90000000E+00 1.20000000E-01
5.56394921E-03 2.23678308E-01 1.90000000E+00 1.20000000E-01
5.73984650E-03 2.19862811E-01 1.90000000E+00 1.20000000E-01
5.92130457E-03 2.16224126E-01 1.90000000E+00 1.20000000E-01
6.10849921E-03 2.13457720E-01 1.90000000E+00 1.20000000E-01
6.30161177E-03 2.10551354E-01 1.90000000E+00 1.20000000E-01
6.50082934E-03 2.07492441E-01 1.90000000E+00 1.20000000E-01
6.70634493E-03 2.04249488E-01 1.90000000E+00 1.20000000E-01
6.91835764E-03 2.00855264E-01 1.90000000E+00 1.20000000E-01
7.13707286E-03 1.97395709E-01 1.90000000E+00 1.20000000E-01
7.36270249E-03 1.94920917E-01 1.90000000E+00 1.20000000E-01
7.59546512E-03 1.92325774E-01 1.90000000E+00 1.20000000E-01
7.83558625E-03 1.89590682E-01 1.90000000E+00 1.20000000E-01
8.08329851E-03 1.86702737E-01 1.90000000E+00 1.20000000E-01
8.33884188E-03 1.83642201E-01 1.90000000E+00 1.20000000E-01
8.60246394E-03 1.80413347E-01 1.90000000E+00 1.20000000E-01
8.87442008E-03 1.78120268E-01 1.90000000E+00 1.20000000E-01
9.15497377E-03 1.75804475E-01 1.90000000E+00 1.20000000E-01
9.44439681E-03 1.73339394E-01 1.90000000E+00 1.20000000E-01
9.74296961E-03 1.70746969E-01 1.90000000E+00 1.20000000E-01
1.00509814E-02 1.68020101E-01 1.90000000E+00 1.20000000E-01
1.03687306E-02 1.65149282E-01 1.90000000E+00 1.20000000E-01
1.06965251E-02 1.62826545E-01 1.90000000E+00 1.20000000E-01
1.10346823E-02 1.60731818E-01 1.90000000E+00 1.20000000E-01
1.13835300E-02 1.58541006E-01 1.90000000E+00 1.20000000E-01
1.17434061E-02 1.56218348E-01 1.90000000E+00 1.20000000E-01
1.21146592E-02 1.53792965E-01 1.90000000E+00 1.20000000E-01
1.24976490E-02 1.51199738E-01 1.90000000E+00 1.20000000E-01
1.28927465E-02 1.48873337E-01 1.90000000E+00 1.20000000E-01
1.33003345E-02 1.47024119E-01 1.90000000E+00 1.20000000E-01
1.37208080E-02 1.45049011E-01 1.90000000E+00 1.20000000E-01
1.41545742E-02 1.42960032E-01 1.90000000E+00 1.20000000E-01
1.46020533E-02 1.40774031E-01 1.90000000E+00 1.20000000E-01
1.50636790E-02 1.38469842E-01 1.90000000E+00 1.20000000E-01
1.55398983E-02 1.36141405E-01 1.90000000E+00 1.20000000E-01
1.60311728E-02 1.34470668E-01 1.90000000E+00 1.20000000E-01
1.65379783E-02 1.32698067E-01 1.90000000E+00 1.20000000E-01
1.70608058E-02 1.30823552E-01 1.90000000E+00 1.20000000E-01
1.76001618E-02 1.28868793E-01 1.90000000E+00 1.20000000E-01
1.81565689E-02 1.26795506E-01 1.90000000E+00 1.20000000E-01
1.87305661E-02 1.24592549E-01 1.90000000E+00 1.20000000E-01
1.93227095E-02 1.22990748E-01 1.90000000E+00 1.20000000E-01
1.99335728E-02 1.21396306E-01 1.90000000E+00 1.20000000E-01
2.05637478E-02 1.19736710E-01 1.90000000E+00 1.20000000E-01
2.12138450E-02 1.17968589E-01 1.90000000E+00 1.20000000E-01
2.18844942E-02 1.16092530E-01 1.90000000E+00 1.20000000E-01
2.25763451E-02 1.14110143E-01 1.90000000E+00 1.20000000E-01
2.32900680E-02 1.12470920E-01 1.90000000E+00 1.20000000E-01
2.40263543E-02 1.11032579E-01 1.90000000E+00 1.20000000E-01
2.47859175E-02 1.09519103E-01 1.90000000E+00 1.20000000E-01
2.55694933E-02 1.07916677E-01 1.90000000E+00 1.20000000E-01
2.63778408E-02 1.06230163E-01 1.90000000E+00 1.20000000E-01
2.72117433E-02 1.04424974E-01 1.90000000E+00 1.20000000E-01
2.80720085E-02 1.02766482E-01 1.90000000E+00 1.20000000E-01
2.89594699E-02 1.01458985E-01 1.90000000E+00 1.20000000E-01
2.98749873E-02 1.00063346E-01 1.90000000E+00 1.20000000E-01
3.08194477E-02 9.85768399E-02 1.90000000E+00 1.20000000E-01
3.17937660E-02 9.69751545E-02 1.90000000E+00 1.20000000E-01
3.27988861E-02 9.53084708E-02 1.90000000E+00 1.20000000E-01
3.38357819E-02 9.37052500E-02 1.90000000E+00 1.20000000E-01
3.49054578E-02 9.24438037E-02 1.90000000E+00 1.20000000E-01
3.60089502E-02 9.10904586E-02 1.90000000E+00 1.20000000E-01
3.71473281E-02 8.96286545E-02 1.90000000E+00 1.20000000E-01
3.83216944E-02 8.80891101E-02 1.90000000E+00 1.20000000E-01
3.95331869E-02 8.64049915E-02 1.90000000E+00 1.20000000E-01
4.07829791E-02 8.49890644E-02 1.90000000E+00 1.20000000E-01
4.20722820E-02 8.36977950E-02 1.90000000E+00 1.20000000E-01
4.34023446E-02 8.22962272E-02 1.90000000E+00 1.20000000E-01
4.47744554E-02 8.07681977E-02 1.90000000E+00 1.20000000E-01
4.61899438E-02 7.91082689E-02 1.90000000E+00 1.20000000E-01
4.76501811E-02 7.75882435E-02 1.90000000E+00 1.20000000E-01
4.91565820E-02 7.62699598E-02 1.90000000E+00 1.20000000E-01
5.07106059E-02 7.48234458E-02 1.90000000E+00 1.20000000E-01
5.23137582E-02 7.32326927E-02 1.90000000E+00 1.20000000E-01
5.39675923E-02 7.14627584E-02 1.90000000E+00 1.20000000E-01
5.56737102E-02 7.00916545E-02 1.90000000E+00 1.20000000E-01
5.74337649E-02 6.86421232E-02 1.90000000E+00 1.20000000E-01
5.92494616E-02 6.70353765E-02 1.90000000E+00 1.20000000E-01
6.11225592E-02 6.52271663E-02 1.90000000E+00 1.20000000E-01
6.30548724E-02 6.37746194E-02 1.90000000E+00 1.20000000E-01
6.50482734E-02 6.22391078E-02 1.90000000E+00 1.20000000E-01
6.71046932E-02 6.05137518E-02 1.90000000E+00 1.20000000E-01
6.92261241E-02 5.87471258E-02 1.90000000E+00 1.20000000E-01
7.14146214E-02 5.72391344E-02 1.90000000E+00 1.20000000E-01
7.36723054E-02 5.55259130E-02 1.90000000E+00 1.20000000E-01
7.60013632E-02 5.36744319E-02 1.90000000E+00 1.20000000E-01
7.84040512E-02 5.21381458E-02 1.90000000E+00 1.20000000E-01
8.08826972E-02 5.03748855E-02 1.90000000E+00 1.20000000E-01
8.34397025E-02 4.85872656E-02 1.90000000E+00 1.20000000E-01
8.60775443E-02 4.69587306E-02 1.90000000E+00 1.20000000E-01
8.87987782E-02 4.50722296E-02 1.90000000E+00 1.20000000E-01
9.16060405E-02 4.34458593E-02 1.90000000E+00 1.20000000E-01
9.45020509E-02 4.16040787E-02 1.90000000E+00 1.20000000E-01
9.74896151E-02 3.97339649E-02 1.90000000E+00 1.20000000E-01
1.00571627E-01 3.74525647E-02 1.90000000E+00 1.20000000E-01
1.03751074E-01 3.48327286E-02 1.90000000E+00 1.20000000E-01
1.07031034E-01 3.20714260E-02 1.90000000E+00 1.20000000E-01
1.10414686E-01 3.00435436E-02 1.90000000E+00 1.20000000E-01
1.13905308E-01 2.82005644E-02 1.90000000E+00 1.20000000E-01
1.17506282E-01 2.67120374E-02 1.90000000E+00 1.20000000E-01
1.21221096E-01 2.52122489E-02 1.90000000E+00 1.20000000E-01
1.25053350E-01 2.38367447E-02 1.90000000E+00 1.20000000E-01
1.29006755E-01 2.25668157E-02 1.90000000E+00 1.20000000E-01
1.33085142E-01 2.12643906E-02 1.90000000E+00 1.20000000E-01
1.37292462E-01 2.01567008E-02 1.90000000E+00 1.20000000E-01
1.41632792E-01 1.90252214E-02 1.90000000E+00 1.20000000E-01
1.46110336E-01 1.79406528E-02 1.90000000E+00 1.20000000E-01
1.50729431E-01 1.69547673E-02 1.90000000E+00 1.20000000E-01
1.55494553E-01 1.59490721E-02 1.90000000E+00 1.20000000E-01
1.60410319E-01 1.50258084E-02 1.90000000E+00 1.20000000E-01
1.65481491E-01 1.41444679E-02 1.90000000E+00 1.20000000E-01
1.70712981E-01 1.32602551E-02 1.90000000E+00 1.20000000E-01
1.76109859E-01 1.24415395E-02 1.90000000E+00 1.20000000E-01
1.81677352E-01 1.16613257E-02 1.90000000E+00 1.20000000E-01
1.87420854E-01 1.08870647E-02 1.90000000E+00 1.20000000E-01
1.93345930E-01 1.01292427E-02 1.90000000E+00 1.20000000E-01
1.99458319E-01 9.43125805E-03 1.90000000E+00 1.20000000E-01
2.05763945E-01 8.74657595E-03 1.90000000E+00 1.20000000E-01
2.12268914E-01 8.07535799E-03 1.90000000E+00 1.20000000E-01
2.18979531E-01 7.42058776E-03 1.90000000E+00 1.20000000E-01
2.25902295E-01 6.78325988E-03 1.90000000E+00 1.20000000E-01
2.33043913E-01 6.16392040E-03 1.90000000E+00 1.20000000E-01
2.40411305E-01 5.56595570E-03 1.90000000E+00 1.20000000E-01
2.48011608E-01 5.00120354E-03 1.90000000E+00 1.20000000E-01
2.55852184E-01 4.49366706E-03 1.90000000E+00 1.20000000E-01
2.63940631E-01 4.07017070E-03 1.90000000E+00 1.20000000E-01
2.72284784E-01 3.73692213E-03 1.90000000E+00 1.20000000E-01
2.80892727E-01 3.47450886E-03 1.90000000E+00 1.20000000E-01
2.89772799E-01 3.24048786E-03 1.90000000E+00 1.20000000E-01
2.98933604E-01 3.03924092E-03 1.90000000E+00 1.20000000E-01
3.08384016E-01 2.83294299E-03 1.90000000E+00 1.20000000E-01
3.18133191E-01 2.65698762E-03 1.90000000E+00 1.20000000E-01
3.28190574E-01 2.38021004E-03 1.90000000E+00 1.20000000E-01
3.38565908E-01 2.12184056E-03 1.90000000E+00 1.20000000E-01
3.49269246E-01 1.63025768E-03 1.90000000E+00 1.20000000E-01
3.60310956E-01 1.25728125E-03 1.90000000E+00 1.20000000E-01
3.71701736E-01 7.33181407E-04 1.90000000E+00 1.20000000E-01
3.83452622E-01 4.76362995E-04 1.90000000E+00 1.20000000E-01
3.95574997E-01 2.95955000E-04 1.90000000E+00 1.20000000E-01
4.08080606E-01 1.94794318E-04 1.90000000E+00 1.20000000E-01
4.20981564E-01 1.30197401E-04 1.90000000E+00 1.20000000E-01
4.34290369E-01 8.89440499E-05 1.90000000E+00 1.20000000E-01
4.48019916E-01 6.16169063E-05 1.90000000E+00 1.20000000E-01
4.62183505E-01 4.33713524E-05 1.90000000E+00 1.20000000E-01
4.76794859E-01 3.09672901E-05 1.90000000E+00 1.20000000E-01
4.91868132E-01 2.23104848E-05 1.90000000E+00 1.20000000E-01
5.07417928E-01 1.63026385E-05 1.90000000E+00 1.20000000E-01
5.23459311E-01 1.20187713E-05 1.90000000E+00 1.20000000E-01
5.40007822E-01 8.92099345E-06 1.90000000E+00 1.20000000E-01
5.57079494E-01 6.68397872E-06 1.90000000E+00 1.20000000E-01
5.74690865E-01 5.04267589E-06 1.90000000E+00 1.20000000E-01
5.92858998E-01 3.82980131E-06 1.90000000E+00 1.20000000E-01
6.11601494E-01 2.92852928E-06 1.90000000E+00 1.20000000E-01
6.30936510E-01 2.24708023E-06 1.90000000E+00 1.20000000E-01
6.50882779E-01 1.73208720E-06 1.90000000E+00 1.20000000E-01
6.71459624E-01 1.33782115E-06 1.90000000E+00 1.20000000E-01
6.92686980E-01 1.04092019E-06 1.90000000E+00 1.20000000E-01
7.14585412E-01 8.18142871E-07 1.90000000E+00 1.20000000E-01
7.37176137E-01 6.44591886E-07 1.90000000E+00 1.20000000E-01
7.60481038E-01 5.11366078E-07 1.90000000E+00 1.20000000E-01
7.84522695E-01 4.07551607E-07 1.90000000E+00 1.20000000E-01
8.09324399E-01 3.27542277E-07 1.90000000E+00 1.20000000E-01
8.34910177E-01 2.64508534E-07 1.90000000E+00 1.20000000E-01
8.61304818E-01 2.14652292E-07 1.90000000E+00 1.20000000E-01
8.88533893E-01 1.75757836E-07 1.90000000E+00 1.20000000E-01
9.16623780E-01 1.47167364E-07 1.90000000E+00 1.20000000E-01
