2.01569164E+00 1.03087361E+00 1.00000000E+03 1.20000000E-01
2.07941521E+00 1.00417423E+00 1.00000000E+03 1.20000000E-01
2.14515332E+00 9.75521944E-01 1.00000000E+03 1.20000000E-01
2.21296966E+00 9.48764799E-01 1.00000000E+03 1.20000000E-01
2.28292993E+00 9.26545588E-01 1.00000000E+03 1.20000000E-01
2.35510190E+00 9.03002487E-01 1.00000000E+03 1.20000000E-01
2.42955550E+00 8.78008191E-01 1.00000000E+03 1.20000000E-01
2.50636286E+00 8.58386934E-01 1.00000000E+03 1.20000000E-01
2.58559839E+00 8.39802280E-01 1.00000000E+03 1.20000000E-01
2.66733885E+00 8.20264942E-01 1.00000000E+03 1.20000000E-01
2.75166343E+00 7.99637747E-01 1.00000000E+03 1.20000000E-01
2.83865383E+00 7.83484237E-01 1.00000000E+03 1.20000000E-01
2.92839432E+00 7.68065799E-01 1.00000000E+03 1.20000000E-01
3.02097184E+00 7.51897674E-01 1.00000000E+03 1.20000000E-01
3.11647609E+00 7.34668153E-01 1.00000000E+03 1.20000000E-01
3.21499958E+00 7.19077768E-01 1.00000000E+03 1.20000000E-01
3.31663777E+00 7.06223219E-01 1.00000000E+03 1.20000000E-01
3.42148913E+00 6.92477118E-01 1.00000000E+03 1.20000000E-01
3.52965523E+00 6.77895709E-01 1.00000000E+03 1.20000000E-01
3.64124086E+00 6.62568860E-01 1.00000000E+03 1.20000000E-01
3.75635414E+00 6.50847172E-01 1.00000000E+03 1.20000000E-01
3.87510658E+00 6.39235221E-01 1.00000000E+03 1.20000000E-01
3.99761322E+00 6.26942371E-01 1.00000000E+03 1.20000000E-01
4.12399276E+00 6.13842279E-01 1.00000000E+03 1.20000000E-01
4.25436764E+00 6.00593904E-01 1.00000000E+03 1.20000000E-01
4.38886415E+00 5.90701332E-01 1.00000000E+03 1.20000000E-01
4.52761260E+00 5.80390871E-01 1.00000000E+03 1.20000000E-01
4.67074741E+00 5.69204729E-01 1.00000000E+03 1.20000000E-01
4.81840725E+00 5.57409040E-01 1.00000000E+03 1.20000000E-01
4.97073516E+00 5.46156666E-01 1.00000000E+03 1.20000000E-01
5.12787874E+00 5.37227394E-01 1.00000000E+03 1.20000000E-01
5.28999021E+00 5.27863346E-01 1.00000000E+03 1.20000000E-01
5.45722664E+00 5.17782109E-01 1.00000000E+03 1.20000000E-01
5.62975003E+00 5.07146390E-01 1.00000000E+03 1.20000000E-01
5.80772754E+00 4.97119782E-01 1.00000000E+03 1.20000000E-01
5.99133158E+00 4.89076305E-01 1.00000000E+03 1.20000000E-01
6.18074003E+00 4.80438310E-01 1.00000000E+03 1.20000000E-01
6.37613640E+00 4.71310419E-01 1.00000000E+03 1.20000000E-01
6.57770997E+00 4.61525105E-01 1.00000000E+03 1.20000000E-01
6.78565605E+00 4.52600567E-01 1.00000000E+03 1.20000000E-01
7.00017608E+00 4.45246575E-01 1.00000000E+03 1.20000000E-01
7.22147789E+00 4.37342936E-01 1.00000000E+03 1.20000000E-01
7.44977588E+00 4.28996326E-01 1.00000000E+03 1.20000000E-01
7.68529123E+00 4.20052093E-01 1.00000000E+03 1.20000000E-01
7.92825209E+00 4.12093844E-01 1.00000000E+03 1.20000000E-01
8.17889387E+00 4.05395621E-01 1.00000000E+03 1.20000000E-01
8.43745937E+00 3.98261025E-01 1.00000000E+03 1.20000000E-01
8.70419909E+00 3.90677159E-01 1.00000000E+03 1.20000000E-01
8.97937146E+00 3.82588272E-01 1.00000000E+03 1.20000000E-01
9.26324306E+00 3.75529719E-01 1.00000000E+03 1.20000000E-01
9.55608890E+00 3.69481186E-01 1.00000000E+03 1.20000000E-01
9.85819270E+00 3.63040770E-01 1.00000000E+03 1.20000000E-01
1.01698471E+01 3.56128646E-01 1.00000000E+03 1.20000000E-01
1.04913541E+01 3.48811382E-01 1.00000000E+03 1.20000000E-01
1.08230252E+01 3.42288811E-01 1.00000000E+03 1.20000000E-01
1.11651816E+01 3.36750911E-01 1.00000000E+03 1.20000000E-01
1.15181548E+01 3.30798034E-01 1.00000000E+03 1.20000000E-01
1.18822869E+01 3.24507724E-01 1.00000000E+03 1.20000000E-01
1.22579305E+01 3.17758176E-01 1.00000000E+03 1.20000000E-01
1.26454497E+01 3.11877936E-01 1.00000000E+03 1.20000000E-01
1.30452197E+01 3.06786587E-01 1.00000000E+03 1.20000000E-01
1.34576280E+01 3.01413791E-01 1.00000000E+03 1.20000000E-01
1.38830741E+01 2.95704029E-01 1.00000000E+03 1.20000000E-01
1.43219701E+01 2.89658511E-01 1.00000000E+03 1.20000000E-01
1.47747413E+01 2.84316916E-01 1.00000000E+03 1.20000000E-01
1.52418263E+01 2.79785424E-01 1.00000000E+03 1.20000000E-01
1.57236775E+01 2.74995598E-01 1.00000000E+03 1.20000000E-01
1.62207619E+01 2.69890006E-01 1.00000000E+03 1.20000000E-01
1.67335610E+01 2.64441039E-01 1.00000000E+03 1.20000000E-01
1.72625717E+01 2.59479655E-01 1.00000000E+03 1.20000000E-01
1.78083063E+01 2.55367691E-01 1.00000000E+03 1.20000000E-01
1.83712936E+01 2.50991386E-01 1.00000000E+03 1.20000000E-01
1.89520791E+01 2.46341403E-01 1.00000000E+03 1.20000000E-01
1.95512253E+01 2.41406284E-01 1.00000000E+03 1.20000000E-01
2.01693129E+01 2.36727857E-01 1.00000000E+03 1.20000000E-01
2.08069405E+01 2.33001735E-01 1.00000000E+03 1.20000000E-01
2.14647259E+01 2.29035796E-01 1.00000000E+03 1.20000000E-01
2.21433063E+01 2.24828608E-01 1.00000000E+03 1.20000000E-01
2.28433393E+01 2.20319449E-01 1.00000000E+03 1.20000000E-01
2.35655029E+01 2.15983067E-01 1.00000000E+03 1.20000000E-01
2.43104968E+01 2.12623222E-01 1.00000000E+03 1.20000000E-01
2.50790427E+01 2.09032498E-01 1.00000000E+03 1.20000000E-01
2.58718853E+01 2.05211041E-01 1.00000000E+03 1.20000000E-01
2.66897926E+01 2.01172108E-01 1.00000000E+03 1.20000000E-01
2.75335570E+01 1.97109415E-01 1.00000000E+03 1.20000000E-01
2.84039959E+01 1.94053758E-01 1.00000000E+03 1.20000000E-01
2.93019527E+01 1.90814237E-01 1.00000000E+03 1.20000000E-01
3.02282973E+01 1.87361651E-01 1.00000000E+03 1.20000000E-01
3.11839271E+01 1.83689442E-01 1.00000000E+03 1.20000000E-01
3.21697680E+01 1.79886826E-01 1.00000000E+03 1.20000000E-01
3.31867750E+01 1.77145405E-01 1.00000000E+03 1.20000000E-01
3.42359333E+01 1.74214301E-01 1.00000000E+03 1.20000000E-01
3.53182596E+01 1.71097001E-01 1.00000000E+03 1.20000000E-01
3.64348022E+01 1.67787188E-01 1.00000000E+03 1.20000000E-01
3.75866429E+01 1.64257670E-01 1.00000000E+03 1.20000000E-01
3.87748976E+01 1.61743025E-01 1.00000000E+03 1.20000000E-01
4.00007174E+01 1.59105350E-01 1.00000000E+03 1.20000000E-01
4.12652901E+01 1.56292044E-01 1.00000000E+03 1.20000000E-01
4.25698406E+01 1.53288255E-01 1.00000000E+03 1.20000000E-01
4.39156329E+01 1.50105293E-01 1.00000000E+03 1.20000000E-01
4.53039707E+01 1.47694880E-01 1.00000000E+03 1.20000000E-01
4.67361991E+01 1.45296861E-01 1.00000000E+03 1.20000000E-01
4.82137055E+01 1.42750966E-01 1.00000000E+03 1.20000000E-01
4.97379215E+01 1.40042592E-01 1.00000000E+03 1.20000000E-01
5.13103237E+01 1.37139543E-01 1.00000000E+03 1.20000000E-01
5.29324354E+01 1.34852015E-01 1.00000000E+03 1.20000000E-01
5.46058282E+01 1.32693472E-01 1.00000000E+03 1.20000000E-01
5.63321231E+01 1.30387085E-01 1.00000000E+03 1.20000000E-01
5.81129927E+01 1.27933716E-01 1.00000000E+03 1.20000000E-01
5.99501623E+01 1.25312400E-01 1.00000000E+03 1.20000000E-01
6.18454117E+01 1.23114376E-01 1.00000000E+03 1.20000000E-01
6.38005771E+01 1.21163712E-01 1.00000000E+03 1.20000000E-01
6.58175525E+01 1.19063584E-01 1.00000000E+03 1.20000000E-01
6.78982921E+01 1.16823883E-01 1.00000000E+03 1.20000000E-01
7.00448117E+01 1.14456944E-01 1.00000000E+03 1.20000000E-01
7.22591908E+01 1.12381082E-01 1.00000000E+03 1.20000000E-01
7.45435747E+01 1.10581490E-01 1.00000000E+03 1.20000000E-01
7.69001766E+01 1.08672654E-01 1.00000000E+03 1.20000000E-01
7.93312795E+01 1.06627043E-01 1.00000000E+03 1.20000000E-01
8.18392387E+01 1.04448748E-01 1.00000000E+03 1.20000000E-01
8.44264838E+01 1.02504244E-01 1.00000000E+03 1.20000000E-01
8.70955215E+01 1.00866856E-01 1.00000000E+03 1.20000000E-01
8.98489375E+01 9.91092059E-02 1.00000000E+03 1.20000000E-01
9.26893993E+01 9.72210558E-02 1.00000000E+03 1.20000000E-01
9.56196587E+01 9.51988882E-02 1.00000000E+03 1.20000000E-01
9.86425546E+01 9.34063317E-02 1.00000000E+03 1.20000000E-01
1.01761016E+02 9.18794693E-02 1.00000000E+03 1.20000000E-01
1.04978063E+02 9.02471338E-02 1.00000000E+03 1.20000000E-01
1.08296813E+02 8.84950513E-02 1.00000000E+03 1.20000000E-01
1.11720481E+02 8.66031220E-02 1.00000000E+03 1.20000000E-01
1.15252385E+02 8.49764328E-02 1.00000000E+03 1.20000000E-01
1.18895945E+02 8.35519821E-02 1.00000000E+03 1.20000000E-01
1.22654691E+02 8.20047939E-02 1.00000000E+03 1.20000000E-01
1.26532266E+02 8.03391971E-02 1.00000000E+03 1.20000000E-01
1.30532425E+02 7.85494548E-02 1.00000000E+03 1.20000000E-01
1.34659044E+02 7.71384643E-02 1.00000000E+03 1.20000000E-01
1.38916122E+02 7.57645864E-02 1.00000000E+03 1.20000000E-01
1.43307781E+02 7.42747115E-02 1.00000000E+03 1.20000000E-01
1.47838277E+02 7.26528467E-02 1.00000000E+03 1.20000000E-01
1.52512000E+02 7.10159688E-02 1.00000000E+03 1.20000000E-01
1.57333476E+02 6.97702082E-02 1.00000000E+03 1.20000000E-01
1.62307377E+02 6.84023397E-02 1.00000000E+03 1.20000000E-01
1.67438521E+02 6.69114011E-02 1.00000000E+03 1.20000000E-01
1.72731881E+02 6.52863067E-02 1.00000000E+03 1.20000000E-01
1.78192583E+02 6.39865854E-02 1.00000000E+03 1.20000000E-01
1.83825919E+02 6.27025782E-02 1.00000000E+03 1.20000000E-01
1.89637345E+02 6.12877271E-02 1.00000000E+03 1.20000000E-01
1.95632493E+02 5.97202802E-02 1.00000000E+03 1.20000000E-01
2.01817169E+02 5.83924131E-02 1.00000000E+03 1.20000000E-01
2.08197367E+02 5.71381052E-02 1.00000000E+03 1.20000000E-01
2.14779266E+02 5.57308553E-02 1.00000000E+03 1.20000000E-01
2.21569244E+02 5.41562608E-02 1.00000000E+03 1.20000000E-01
2.28573879E+02 5.29251360E-02 1.00000000E+03 1.20000000E-01
2.35799956E+02 5.16189730E-02 1.00000000E+03 1.20000000E-01
2.43254476E+02 5.01469746E-02 1.00000000E+03 1.20000000E-01
2.50944663E+02 4.86966541E-02 1.00000000E+03 1.20000000E-01
2.58877964E+02 4.74301055E-02 1.00000000E+03 1.20000000E-01
2.67062067E+02 4.59765737E-02 1.00000000E+03 1.20000000E-01
2.75504900E+02 4.44552746E-02 1.00000000E+03 1.20000000E-01
2.84214643E+02 4.31546433E-02 1.00000000E+03 1.20000000E-01
2.93199734E+02 4.16144348E-02 1.00000000E+03 1.20000000E-01
3.02468877E+02 4.01266335E-02 1.00000000E+03 1.20000000E-01
3.12031052E+02 3.86312399E-02 1.00000000E+03 1.20000000E-01
3.21895523E+02 3.68714970E-02 1.00000000E+03 1.20000000E-01
3.32071848E+02 3.50661013E-02 1.00000000E+03 1.20000000E-01
3.42569884E+02 3.26939951E-02 1.00000000E+03 1.20000000E-01
3.53399802E+02 2.92893846E-02 1.00000000E+03 1.20000000E-01
3.64572095E+02 2.38553498E-02 1.00000000E+03 1.20000000E-01
3.76097586E+02 1.57750628E-02 1.00000000E+03 1.20000000E-01
3.87987440E+02 8.58722142E-03 1.00000000E+03 1.20000000E-01
4.00253178E+02 4.49814129E-03 1.00000000E+03 1.20000000E-01
4.12906681E+02 2.38125270E-03 1.00000000E+03 1.20000000E-01
4.25960210E+02 1.27676742E-03 1.00000000E+03 1.20000000E-01
4.39426409E+02 6.91150088E-04 1.00000000E+03 1.20000000E-01
4.53318325E+02 3.78745745E-04 1.00000000E+03 1.20000000E-01
4.67649417E+02 2.06996595E-04 1.00000000E+03 1.20000000E-01
4.82433569E+02 1.12370546E-04 1.00000000E+03 1.20000000E-01
