9.85213366E-01 6.88766327E-01 1.00000000E+03 1.20000000E-01
1.01635965E+00 6.71478705E-01 1.00000000E+03 1.20000000E-01
1.04849059E+00 6.55141133E-01 1.00000000E+03 1.20000000E-01
1.08163731E+00 6.40992738E-01 1.00000000E+03 1.20000000E-01
1.11583192E+00 6.26260929E-01 1.00000000E+03 1.20000000E-01
1.15110755E+00 6.10887793E-01 1.00000000E+03 1.20000000E-01
1.18749838E+00 5.96653875E-01 1.00000000E+03 1.20000000E-01
1.22503966E+00 5.84373914E-01 1.00000000E+03 1.20000000E-01
1.26376775E+00 5.71564745E-01 1.00000000E+03 1.20000000E-01
1.30372019E+00 5.58123276E-01 1.00000000E+03 1.20000000E-01
1.34493567E+00 5.45154736E-01 1.00000000E+03 1.20000000E-01
1.38745413E+00 5.34336194E-01 1.00000000E+03 1.20000000E-01
1.43131676E+00 5.22733054E-01 1.00000000E+03 1.20000000E-01
1.47656605E+00 5.10244031E-01 1.00000000E+03 1.20000000E-01
1.52324584E+00 4.97520296E-01 1.00000000E+03 1.20000000E-01
1.57140135E+00 4.86618866E-01 1.00000000E+03 1.20000000E-01
1.62107924E+00 4.74347264E-01 1.00000000E+03 1.20000000E-01
1.67232763E+00 4.60266084E-01 1.00000000E+03 1.20000000E-01
1.72519617E+00 4.47082729E-01 1.00000000E+03 1.20000000E-01
1.77973609E+00 4.33619130E-01 1.00000000E+03 1.20000000E-01
1.83600022E+00 4.21504277E-01 1.00000000E+03 1.20000000E-01
1.89404307E+00 4.11280269E-01 1.00000000E+03 1.20000000E-01
1.95392088E+00 4.02919652E-01 1.00000000E+03 1.20000000E-01
2.01569164E+00 3.94449969E-01 1.00000000E+03 1.20000000E-01
2.07941521E+00 3.85775204E-01 1.00000000E+03 1.20000000E-01
2.14515332E+00 3.77275885E-01 1.00000000E+03 1.20000000E-01
2.21296966E+00 3.70746701E-01 1.00000000E+03 1.20000000E-01
2.28292993E+00 3.63970361E-01 1.00000000E+03 1.20000000E-01
2.35510190E+00 3.56944098E-01 1.00000000E+03 1.20000000E-01
2.42955550E+00 3.49606811E-01 1.00000000E+03 1.20000000E-01
2.50636286E+00 3.42871762E-01 1.00000000E+03 1.20000000E-01
2.58559839E+00 3.37249449E-01 1.00000000E+03 1.20000000E-01
2.66733885E+00 3.31380037E-01 1.00000000E+03 1.20000000E-01
2.75166343E+00 3.25248567E-01 1.00000000E+03 1.20000000E-01
2.83865383E+00 3.18899922E-01 1.00000000E+03 1.20000000E-01
2.92839432E+00 3.12820912E-01 1.00000000E+03 1.20000000E-01
3.02097184E+00 3.07868739E-01 1.00000000E+03 1.20000000E-01
3.11647609E+00 3.02678627E-01 1.00000000E+03 1.20000000E-01
3.21499958E+00 2.97232594E-01 1.00000000E+03 1.20000000E-01
3.31663777E+00 2.91516055E-01 1.00000000E+03 1.20000000E-01
3.42148913E+00 2.85801015E-01 1.00000000E+03 1.20000000E-01
3.52965523E+00 2.81367417E-01 1.00000000E+03 1.20000000E-01
3.64124086E+00 2.76716638E-01 1.00000000E+03 1.20000000E-01
3.75635414E+00 2.71840027E-01 1.00000000E+03 1.20000000E-01
3.87510658E+00 2.66764585E-01 1.00000000E+03 1.20000000E-01
3.99761322E+00 2.61402132E-01 1.00000000E+03 1.20000000E-01
4.12399276E+00 2.57356533E-01 1.00000000E+03 1.20000000E-01
4.25436764E+00 2.53204497E-01 1.00000000E+03 1.20000000E-01
4.38886415E+00 2.48828094E-01 1.00000000E+03 1.20000000E-01
4.52761260E+00 2.44257582E-01 1.00000000E+03 1.20000000E-01
4.67074741E+00 2.39455683E-01 1.00000000E+03 1.20000000E-01
4.81840725E+00 2.35470257E-01 1.00000000E+03 1.20000000E-01
4.97073516E+00 2.31752537E-01 1.00000000E+03 1.20000000E-01
5.12787874E+00 2.27841317E-01 1.00000000E+03 1.20000000E-01
5.28999021E+00 2.23726809E-01 1.00000000E+03 1.20000000E-01
5.45722664E+00 2.19389227E-01 1.00000000E+03 1.20000000E-01
5.62975003E+00 2.15449865E-01 1.00000000E+03 1.20000000E-01
5.80772754E+00 2.12099408E-01 1.00000000E+03 1.20000000E-01
5.99133158E+00 2.08574688E-01 1.00000000E+03 1.20000000E-01
6.18074003E+00 2.04863290E-01 1.00000000E+03 1.20000000E-01
6.37613640E+00 2.00919681E-01 1.00000000E+03 1.20000000E-01
6.57770997E+00 1.97058810E-01 1.00000000E+03 1.20000000E-01
6.78565605E+00 1.94041762E-01 1.00000000E+03 1.20000000E-01
7.00017608E+00 1.90870603E-01 1.00000000E+03 1.20000000E-01
7.22147789E+00 1.87535963E-01 1.00000000E+03 1.20000000E-01
7.44977588E+00 1.84028076E-01 1.00000000E+03 1.20000000E-01
7.68529123E+00 1.80298038E-01 1.00000000E+03 1.20000000E-01
7.92825209E+00 1.77558251E-01 1.00000000E+03 1.20000000E-01
8.17889387E+00 1.74757840E-01 1.00000000E+03 1.20000000E-01
8.43745937E+00 1.71771192E-01 1.00000000E+03 1.20000000E-01
8.70419909E+00 1.68624836E-01 1.00000000E+03 1.20000000E-01
8.97937146E+00 1.65369858E-01 1.00000000E+03 1.20000000E-01
9.26324306E+00 1.62565978E-01 1.00000000E+03 1.20000000E-01
9.55608890E+00 1.60036212E-01 1.00000000E+03 1.20000000E-01
9.85819270E+00 1.57362177E-01 1.00000000E+03 1.20000000E-01
1.01698471E+01 1.54542205E-01 1.00000000E+03 1.20000000E-01
1.04913541E+01 1.51566192E-01 1.00000000E+03 1.20000000E-01
1.08230252E+01 1.48802312E-01 1.00000000E+03 1.20000000E-01
1.11651816E+01 1.46500007E-01 1.00000000E+03 1.20000000E-01
1.15181548E+01 1.44080878E-01 1.00000000E+03 1.20000000E-01
1.18822869E+01 1.41538686E-01 1.00000000E+03 1.20000000E-01
1.22579305E+01 1.38855669E-01 1.00000000E+03 1.20000000E-01
1.26454497E+01 1.36131914E-01 1.00000000E+03 1.20000000E-01
1.30452197E+01 1.34056965E-01 1.00000000E+03 1.20000000E-01
1.34576280E+01 1.31880415E-01 1.00000000E+03 1.20000000E-01
1.38830741E+01 1.29588296E-01 1.00000000E+03 1.20000000E-01
1.43219701E+01 1.27170994E-01 1.00000000E+03 1.20000000E-01
1.47747413E+01 1.24616073E-01 1.00000000E+03 1.20000000E-01
1.52418263E+01 1.22647094E-01 1.00000000E+03 1.20000000E-01
1.57236775E+01 1.20687116E-01 1.00000000E+03 1.20000000E-01
1.62207619E+01 1.18624450E-01 1.00000000E+03 1.20000000E-01
1.67335610E+01 1.16439803E-01 1.00000000E+03 1.20000000E-01
1.72625717E+01 1.14143650E-01 1.00000000E+03 1.20000000E-01
1.78083063E+01 1.12191906E-01 1.00000000E+03 1.20000000E-01
1.83712936E+01 1.10435335E-01 1.00000000E+03 1.20000000E-01
1.89520791E+01 1.08572569E-01 1.00000000E+03 1.20000000E-01
1.95512253E+01 1.06612449E-01 1.00000000E+03 1.20000000E-01
2.01693129E+01 1.04536966E-01 1.00000000E+03 1.20000000E-01
2.08069405E+01 1.02617147E-01 1.00000000E+03 1.20000000E-01
2.14647259E+01 1.01036606E-01 1.00000000E+03 1.20000000E-01
2.21433063E+01 9.93590536E-02 1.00000000E+03 1.20000000E-01
2.28433393E+01 9.75937136E-02 1.00000000E+03 1.20000000E-01
2.35655029E+01 9.57278703E-02 1.00000000E+03 1.20000000E-01
2.43104968E+01 9.38457330E-02 1.00000000E+03 1.20000000E-01
2.50790427E+01 9.24430895E-02 1.00000000E+03 1.20000000E-01
2.58718853E+01 9.09276517E-02 1.00000000E+03 1.20000000E-01
2.66897926E+01 8.93235904E-02 1.00000000E+03 1.20000000E-01
2.75335570E+01 8.76358238E-02 1.00000000E+03 1.20000000E-01
2.84039959E+01 8.58492428E-02 1.00000000E+03 1.20000000E-01
2.93019527E+01 8.45431429E-02 1.00000000E+03 1.20000000E-01
3.02282973E+01 8.31813254E-02 1.00000000E+03 1.20000000E-01
3.11839271E+01 8.17474226E-02 1.00000000E+03 1.20000000E-01
3.21697680E+01 8.02224261E-02 1.00000000E+03 1.20000000E-01
3.31867750E+01 7.86139057E-02 1.00000000E+03 1.20000000E-01
3.42359333E+01 7.72942595E-02 1.00000000E+03 1.20000000E-01
3.53182596E+01 7.60740553E-02 1.00000000E+03 1.20000000E-01
3.64348022E+01 7.47632272E-02 1.00000000E+03 1.20000000E-01
3.75866429E+01 7.33882798E-02 1.00000000E+03 1.20000000E-01
3.87748976E+01 7.19314398E-02 1.00000000E+03 1.20000000E-01
4.00007174E+01 7.06479411E-02 1.00000000E+03 1.20000000E-01
4.12652901E+01 6.95370963E-02 1.00000000E+03 1.20000000E-01
4.25698406E+01 6.83485613E-02 1.00000000E+03 1.20000000E-01
4.39156329E+01 6.71009126E-02 1.00000000E+03 1.20000000E-01
4.53039707E+01 6.57778376E-02 1.00000000E+03 1.20000000E-01
4.67361991E+01 6.45404221E-02 1.00000000E+03 1.20000000E-01
4.82137055E+01 6.35311583E-02 1.00000000E+03 1.20000000E-01
4.97379215E+01 6.24530408E-02 1.00000000E+03 1.20000000E-01
5.13103237E+01 6.13174181E-02 1.00000000E+03 1.20000000E-01
5.29324354E+01 6.01120120E-02 1.00000000E+03 1.20000000E-01
5.46058282E+01 5.89316873E-02 1.00000000E+03 1.20000000E-01
5.63321231E+01 5.80112679E-02 1.00000000E+03 1.20000000E-01
5.81129927E+01 5.70244692E-02 1.00000000E+03 1.20000000E-01
5.99501623E+01 5.59862769E-02 1.00000000E+03 1.20000000E-01
6.18454117E+01 5.48827428E-02 1.00000000E+03 1.20000000E-01
6.38005771E+01 5.37711841E-02 1.00000000E+03 1.20000000E-01
6.58175525E+01 5.29273242E-02 1.00000000E+03 1.20000000E-01
6.78982921E+01 5.20213734E-02 1.00000000E+03 1.20000000E-01
7.00448117E+01 5.10664369E-02 1.00000000E+03 1.20000000E-01
7.22591908E+01 5.00498558E-02 1.00000000E+03 1.20000000E-01
7.45435747E+01 4.90181253E-02 1.00000000E+03 1.20000000E-01
7.69001766E+01 4.82408827E-02 1.00000000E+03 1.20000000E-01
7.93312795E+01 4.74028690E-02 1.00000000E+03 1.20000000E-01
8.18392387E+01 4.65175788E-02 1.00000000E+03 1.20000000E-01
8.44264838E+01 4.55729193E-02 1.00000000E+03 1.20000000E-01
8.70955215E+01 4.46317011E-02 1.00000000E+03 1.20000000E-01
8.98489375E+01 4.39047559E-02 1.00000000E+03 1.20000000E-01
9.26893993E+01 4.31208902E-02 1.00000000E+03 1.20000000E-01
9.56196587E+01 4.22902844E-02 1.00000000E+03 1.20000000E-01
9.86425546E+01 4.14014393E-02 1.00000000E+03 1.20000000E-01
1.01761016E+02 4.05650522E-02 1.00000000E+03 1.20000000E-01
1.04978063E+02 3.98772716E-02 1.00000000E+03 1.20000000E-01
1.08296813E+02 3.91332892E-02 1.00000000E+03 1.20000000E-01
1.11720481E+02 3.83418318E-02 1.00000000E+03 1.20000000E-01
1.15252385E+02 3.74914723E-02 1.00000000E+03 1.20000000E-01
1.18895945E+02 3.67766018E-02 1.00000000E+03 1.20000000E-01
1.22654691E+02 3.61137752E-02 1.00000000E+03 1.20000000E-01
1.26532266E+02 3.53974818E-02 1.00000000E+03 1.20000000E-01
1.30532425E+02 3.46233155E-02 1.00000000E+03 1.20000000E-01
1.34659044E+02 3.38296539E-02 1.00000000E+03 1.20000000E-01
1.38916122E+02 3.32206981E-02 1.00000000E+03 1.20000000E-01
1.43307781E+02 3.25654148E-02 1.00000000E+03 1.20000000E-01
1.47838277E+02 3.18536839E-02 1.00000000E+03 1.20000000E-01
1.52512000E+02 3.10776916E-02 1.00000000E+03 1.20000000E-01
1.57333476E+02 3.04560742E-02 1.00000000E+03 1.20000000E-01
1.62307377E+02 2.98362579E-02 1.00000000E+03 1.20000000E-01
1.67438521E+02 2.91651718E-02 1.00000000E+03 1.20000000E-01
1.72731881E+02 2.84313458E-02 1.00000000E+03 1.20000000E-01
1.78192583E+02 2.77990943E-02 1.00000000E+03 1.20000000E-01
1.83825919E+02 2.72049704E-02 1.00000000E+03 1.20000000E-01
1.89637345E+02 2.65511048E-02 1.00000000E+03 1.20000000E-01
1.95632493E+02 2.58241038E-02 1.00000000E+03 1.20000000E-01
2.01817169E+02 2.52358586E-02 1.00000000E+03 1.20000000E-01
2.08197367E+02 2.46389814E-02 1.00000000E+03 1.20000000E-01
2.14779266E+02 2.39695774E-02 1.00000000E+03 1.20000000E-01
2.21569244E+02 2.32806834E-02 1.00000000E+03 1.20000000E-01
2.28573879E+02 2.27159817E-02 1.00000000E+03 1.20000000E-01
2.35799956E+02 2.20716016E-02 1.00000000E+03 1.20000000E-01
2.43254476E+02 2.13361330E-02 1.00000000E+03 1.20000000E-01
2.50944663E+02 2.07453463E-02 1.00000000E+03 1.20000000E-01
2.58877964E+02 2.00271221E-02 1.00000000E+03 1.20000000E-01
2.67062067E+02 1.92098531E-02 1.00000000E+03 1.20000000E-01
2.75504900E+02 1.83259888E-02 1.00000000E+03 1.20000000E-01
2.84214643E+02 1.71934679E-02 1.00000000E+03 1.20000000E-01
2.93199734E+02 1.56945295E-02 1.00000000E+03 1.20000000E-01
3.02468877E+02 1.35757834E-02 1.00000000E+03 1.20000000E-01
3.12031052E+02 1.05677816E-02 1.00000000E+03 1.20000000E-01
3.21895523E+02 7.05334633E-03 1.00000000E+03 1.20000000E-01
3.32071848E+02 4.31697469E-03 1.00000000E+03 1.20000000E-01
3.42569884E+02 2.60909310E-03 1.00000000E+03 1.20000000E-01
3.53399802E+02 1.58821102E-03 1.00000000E+03 1.20000000E-01
3.64572095E+02 9.81557901E-04 1.00000000E+03 1.20000000E-01
3.76097586E+02 6.13074345E-04 1.00000000E+03 1.20000000E-01
3.87987440E+02 3.87268210E-04 1.00000000E+03 1.20000000E-01
4.00253178E+02 2.47109778E-04 1.00000000E+03 1.20000000E-01
4.12906681E+02 1.59519181E-04 1.00000000E+03 1.20000000E-01
4.25960210E+02 1.03866668E-04 1.00000000E+03 1.20000000E-01
4.39426409E+02 6.79674450E-05 1.00000000E+03 1.20000000E-01
4.53318325E+02 4.49042086E-05 1.00000000E+03 1.20000000E-01
4.67649417E+02 2.96331314E-05 1.00000000E+03 1.20000000E-01
4.82433569E+02 1.95960275E-05 1.00000000E+03 1.20000000E-01
