3.53570751E-04 1.49253863E-06 1.01020215E-03 1.20000000E-01
3.83485931E-04 1.68543858E-06 1.09567409E-03 1.20000000E-01
4.15932197E-04 1.90473084E-06 1.18837771E-03 1.20000000E-01
4.51123702E-04 2.14858362E-06 1.28892486E-03 1.20000000E-01
4.89292715E-04 2.42368060E-06 1.39797919E-03 1.20000000E-01
5.30691162E-04 2.73855050E-06 1.51626046E-03 1.20000000E-01
5.75592279E-04 3.08670776E-06 1.64454937E-03 1.20000000E-01
6.24292423E-04 3.47425422E-06 1.78369264E-03 1.20000000E-01
6.77113027E-04 3.91512814E-06 1.93460865E-03 1.20000000E-01
7.34402715E-04 4.39717295E-06 2.09829347E-03 1.20000000E-01
7.96539613E-04 4.92081539E-06 2.27582746E-03 1.20000000E-01
8.63933836E-04 5.48534141E-06 2.46838239E-03 1.20000000E-01
9.37030200E-04 6.09278969E-06 2.67722914E-03 1.20000000E-01
1.01631116E-03 6.74569296E-06 2.90374616E-03 1.20000000E-01
1.10229997E-03 7.43079668E-06 3.14942850E-03 1.20000000E-01
1.19556420E-03 8.14730017E-06 3.41589772E-03 1.20000000E-01
1.29671940E-03 8.90174279E-06 3.70491256E-03 1.20000000E-01
1.40643321E-03 9.70039028E-06 4.01838059E-03 1.20000000E-01
1.52542977E-03 1.05499269E-05 4.35837076E-03 1.20000000E-01
1.65449448E-03 1.14930745E-05 4.72712707E-03 1.20000000E-01
1.79447919E-03 1.25201343E-05 5.12708340E-03 1.20000000E-01
1.94630783E-03 1.36600184E-05 5.56087953E-03 1.20000000E-01
2.11098251E-03 1.49460556E-05 6.03137861E-03 1.20000000E-01
2.28959011E-03 1.63876337E-05 6.54168603E-03 1.20000000E-01
2.48330947E-03 1.80163290E-05 7.09516992E-03 1.20000000E-01
2.69341919E-03 1.98734916E-05 7.69548340E-03 1.20000000E-01
2.92130603E-03 2.19636742E-05 8.34658865E-03 1.20000000E-01
3.16847408E-03 2.43508397E-05 9.05278310E-03 1.20000000E-01
3.43655472E-03 2.70794321E-05 9.81872778E-03 1.20000000E-01
3.72731733E-03 3.01987773E-05 1.06494781E-02 1.20000000E-01
4.04268100E-03 3.37168412E-05 1.15505171E-02 1.20000000E-01
4.38472720E-03 3.76830328E-05 1.25277920E-02 1.20000000E-01
4.75571350E-03 4.21546284E-05 1.35877528E-02 1.20000000E-01
5.15808848E-03 4.72803408E-05 1.47373957E-02 1.20000000E-01
5.59450792E-03 5.31270082E-05 1.59843083E-02 1.20000000E-01
6.06785225E-03 5.96752372E-05 1.73367207E-02 1.20000000E-01
6.58124566E-03 6.70155871E-05 1.88035590E-02 1.20000000E-01
7.13807665E-03 7.54032106E-05 2.03945047E-02 1.20000000E-01
7.74202041E-03 8.49344513E-05 2.21200583E-02 1.20000000E-01
8.39706309E-03 9.55969504E-05 2.39916088E-02 1.20000000E-01
9.10752813E-03 1.07484680E-04 2.60215089E-02 1.20000000E-01
9.87810472E-03 1.21264418E-04 2.82231563E-02 1.20000000E-01
1.07138788E-02 1.36691258E-04 3.06110824E-02 1.20000000E-01
1.16203668E-02 1.53942412E-04 3.32010479E-02 1.20000000E-01
1.26035515E-02 1.73482402E-04 3.60101471E-02 1.20000000E-01
1.36699223E-02 1.95843881E-04 3.90569208E-02 1.20000000E-01
1.48265173E-02 2.20728844E-04 4.23614781E-02 1.20000000E-01
1.60809705E-02 2.48365805E-04 4.59456299E-02 1.20000000E-01
1.74415613E-02 2.80579816E-04 4.98330323E-02 1.20000000E-01
1.89172701E-02 3.16590806E-04 5.40493430E-02 1.20000000E-01
2.05178367E-02 3.56465360E-04 5.86223905E-02 1.20000000E-01
2.22538253E-02 4.02231736E-04 6.35823579E-02 1.20000000E-01
2.41366936E-02 4.53660787E-04 6.89619818E-02 1.20000000E-01
2.61788692E-02 5.10517268E-04 7.47967691E-02 1.20000000E-01
2.83938307E-02 5.73110489E-04 8.11252304E-02 1.20000000E-01
3.07961972E-02 6.43242996E-04 8.79891350E-02 1.20000000E-01
3.34018251E-02 7.17549356E-04 9.54337859E-02 1.20000000E-01
3.62279118E-02 7.94326836E-04 1.03508319E-01 1.20000000E-01
3.92931102E-02 8.70764410E-04 1.12266029E-01 1.20000000E-01
4.26176513E-02 9.42786955E-04 1.21764718E-01 1.20000000E-01
4.62234776E-02 1.00475929E-03 1.32067079E-01 1.20000000E-01
5.01343884E-02 1.05498730E-03 1.43241110E-01 1.20000000E-01
5.43761964E-02 1.08398479E-03 1.55360561E-01 1.20000000E-01
5.89768986E-02 1.09019652E-03 1.68505425E-01 1.20000000E-01
6.39668604E-02 1.07369739E-03 1.82762458E-01 1.20000000E-01
6.93790166E-02 1.03172788E-03 1.98225762E-01 1.20000000E-01
7.52490887E-02 9.17791565E-04 2.14997396E-01 1.20000000E-01
8.16158202E-02 8.11895349E-04 2.33188058E-01 1.20000000E-01
8.85212330E-02 7.33792497E-04 2.52917808E-01 1.20000000E-01
9.60109040E-02 6.73111994E-04 2.74316869E-01 1.20000000E-01
1.04134267E-01 6.32704355E-04 2.97526477E-01 1.20000000E-01
1.12944937E-01 6.14380065E-04 3.22699821E-01 1.20000000E-01
1.22501068E-01 6.14698662E-04 3.50003050E-01 1.20000000E-01
1.32865730E-01 6.31431124E-04 3.79616371E-01 1.20000000E-01
1.44107334E-01 6.63721197E-04 4.11735239E-01 1.20000000E-01
1.56300075E-01 7.07148452E-04 4.46571644E-01 1.20000000E-01
1.69524430E-01 7.59963036E-04 4.84355514E-01 1.20000000E-01
1.83867680E-01 8.24274352E-04 5.25336230E-01 1.20000000E-01
1.99424495E-01 8.98111809E-04 5.69784273E-01 1.20000000E-01
2.16297553E-01 9.80999526E-04 6.17993009E-01 1.20000000E-01
2.34598219E-01 1.07345054E-03 6.70280627E-01 1.20000000E-01
2.54447282E-01 1.17461832E-03 7.26992234E-01 1.20000000E-01
2.75975749E-01 1.28536634E-03 7.88502140E-01 1.20000000E-01
2.99325713E-01 1.40534918E-03 8.55216323E-01 1.20000000E-01
3.24651288E-01 1.53657187E-03 9.27575109E-01 1.20000000E-01
3.52119629E-01 1.67846209E-03 1.00605608E+00 1.20000000E-01
3.81912031E-01 1.83154686E-03 1.09117723E+00 1.20000000E-01
4.14225132E-01 1.99833114E-03 1.18350038E+00 1.20000000E-01
4.49272203E-01 2.17867798E-03 1.28363487E+00 1.20000000E-01
4.87284564E-01 2.37597847E-03 1.39224161E+00 1.20000000E-01
5.28513103E-01 2.59062727E-03 1.51003744E+00 1.20000000E-01
5.73229937E-01 2.82456477E-03 1.63779982E+00 1.20000000E-01
6.21730207E-01 3.07699248E-03 1.77637202E+00 1.20000000E-01
6.74334024E-01 3.35277926E-03 1.92666864E+00 1.20000000E-01
7.31388585E-01 3.65400066E-03 2.08968167E+00 1.20000000E-01
7.93270461E-01 3.97945581E-03 2.26648703E+00 1.20000000E-01
8.60388085E-01 4.32767059E-03 2.45825167E+00 1.20000000E-01
9.33184447E-01 4.69553996E-03 2.66624128E+00 1.20000000E-01
1.01214002E+00 5.08537057E-03 2.89182863E+00 1.20000000E-01
1.09777592E+00 5.49312524E-03 3.13650264E+00 1.20000000E-01
1.19065738E+00 5.91493397E-03 3.40187821E+00 1.20000000E-01
1.29139741E+00 6.26206776E-03 3.68970689E+00 1.20000000E-01
1.40066093E+00 6.66743856E-03 4.00188838E+00 1.20000000E-01
1.51916911E+00 7.09258886E-03 4.34048317E+00 1.20000000E-01
1.64770411E+00 7.52968659E-03 4.70772603E+00 1.20000000E-01
1.78711430E+00 7.76572634E-03 5.10604086E+00 1.20000000E-01
1.93831981E+00 7.98192256E-03 5.53805661E+00 1.20000000E-01
2.10231863E+00 8.22707756E-03 6.00662467E+00 1.20000000E-01
2.28019319E+00 8.45072164E-03 6.51483769E+00 1.20000000E-01
2.47311749E+00 8.67159761E-03 7.06604998E+00 1.20000000E-01
2.68236488E+00 8.89777941E-03 7.66389965E+00 1.20000000E-01
2.90931642E+00 9.28877183E-03 8.31233264E+00 1.20000000E-01
3.15547006E+00 9.64619696E-03 9.01562874E+00 1.20000000E-01
3.42245044E+00 9.89326347E-03 9.77842984E+00 1.20000000E-01
3.71201971E+00 1.01560849E-02 1.06057706E+01 1.20000000E-01
4.02608906E+00 1.05990135E-02 1.15031116E+01 1.20000000E-01
4.36673143E+00 1.11166787E-02 1.24763755E+01 1.20000000E-01
4.73619513E+00 1.17091036E-02 1.35319861E+01 1.20000000E-01
5.13691870E+00 1.22684414E-02 1.46769106E+01 1.20000000E-01
5.57154698E+00 1.29091337E-02 1.59187057E+01 1.20000000E-01
6.04294862E+00 1.35258704E-02 1.72655675E+01 1.20000000E-01
6.55423496E+00 1.42173805E-02 1.87263856E+01 1.20000000E-01
7.10878061E+00 1.48887388E-02 2.03108017E+01 1.20000000E-01
7.71024566E+00 1.56355110E-02 2.20292733E+01 1.20000000E-01
8.36259993E+00 1.63634263E-02 2.38931427E+01 1.20000000E-01
9.07014908E+00 1.71688339E-02 2.59147117E+01 1.20000000E-01
9.83756308E+00 1.79414979E-02 2.81073231E+01 1.20000000E-01
1.06699070E+01 1.87999478E-02 3.04854486E+01 1.20000000E-01
1.15726745E+01 1.96155367E-02 3.30647844E+01 1.20000000E-01
1.25518241E+01 2.05570926E-02 3.58623546E+01 1.20000000E-01
1.36138183E+01 2.14321327E-02 3.88966236E+01 1.20000000E-01
1.47656665E+01 2.24923833E-02 4.21876184E+01 1.20000000E-01
1.60149711E+01 2.33993909E-02 4.57570602E+01 1.20000000E-01
1.73699778E+01 2.45376972E-02 4.96285080E+01 1.20000000E-01
1.88396300E+01 2.55350240E-02 5.38275141E+01 1.20000000E-01
2.04336275E+01 2.67451910E-02 5.83817930E+01 1.20000000E-01
2.21624913E+01 2.78755665E-02 6.33214036E+01 1.20000000E-01
2.40376320E+01 2.91913751E-02 6.86789486E+01 1.20000000E-01
2.60714261E+01 3.04364224E-02 7.44897888E+01 1.20000000E-01
2.82772969E+01 3.18068670E-02 8.07922769E+01 1.20000000E-01
3.06698037E+01 3.31823413E-02 8.76280106E+01 1.20000000E-01
3.32647376E+01 3.46126551E-02 9.50421073E+01 1.20000000E-01
3.60792255E+01 3.61606818E-02 1.03083501E+02 1.20000000E-01
3.91318438E+01 3.76418613E-02 1.11805268E+02 1.20000000E-01
4.24427402E+01 3.93894488E-02 1.21264972E+02 1.20000000E-01
4.60337675E+01 4.09218861E-02 1.31525050E+02 1.20000000E-01
4.99286272E+01 4.28795936E-02 1.42653221E+02 1.20000000E-01
5.41530261E+01 4.45737972E-02 1.54722932E+02 1.20000000E-01
5.87348460E+01 4.66810326E-02 1.67813846E+02 1.20000000E-01
6.37043281E+01 4.85797031E-02 1.82012366E+02 1.20000000E-01
6.90942718E+01 5.07717852E-02 1.97412205E+02 1.20000000E-01
7.49402520E+01 5.29165234E-02 2.14115006E+02 1.20000000E-01
8.12808532E+01 5.52081468E-02 2.32231009E+02 1.20000000E-01
8.81579248E+01 5.76270373E-02 2.51879785E+02 1.20000000E-01
9.56168568E+01 6.00382346E-02 2.73191019E+02 1.20000000E-01
1.03706880E+02 6.27762780E-02 2.96305371E+02 1.20000000E-01
1.12481390E+02 6.52338810E-02 3.21375399E+02 1.20000000E-01
1.21998300E+02 6.83275146E-02 3.48566570E+02 1.20000000E-01
1.32320424E+02 7.09719573E-02 3.78058353E+02 1.20000000E-01
1.43515889E+02 7.43341853E-02 4.10045398E+02 1.20000000E-01
1.55658590E+02 7.73340348E-02 4.44738828E+02 1.20000000E-01
1.68828669E+02 8.08479527E-02 4.82367626E+02 1.20000000E-01
1.83113052E+02 8.42250637E-02 5.23180149E+02 1.20000000E-01
1.98606019E+02 8.78976352E-02 5.67445768E+02 1.20000000E-01
2.15409826E+02 9.17244594E-02 6.15456647E+02 1.20000000E-01
2.33635383E+02 9.54909355E-02 6.67529666E+02 1.20000000E-01
2.53402981E+02 9.97993379E-02 7.24008518E+02 1.20000000E-01
2.74843092E+02 1.03637906E-01 7.85265976E+02 1.20000000E-01
2.98097223E+02 1.08523397E-01 8.51706350E+02 1.20000000E-01
3.23318857E+02 1.12704245E-01 9.23768162E+02 1.20000000E-01
3.50674462E+02 1.17899492E-01 1.00192703E+03 1.20000000E-01
3.80344591E+02 1.22633976E-01 1.08669883E+03 1.20000000E-01
4.12525072E+02 1.27994898E-01 1.17864306E+03 1.20000000E-01
4.47428304E+02 1.33345485E-01 1.27836658E+03 1.20000000E-01
4.85284654E+02 1.38814090E-01 1.38652758E+03 1.20000000E-01
5.26343984E+02 1.44913523E-01 1.50383995E+03 1.20000000E-01
5.70877291E+02 1.50436665E-01 1.63107798E+03 1.20000000E-01
6.19178507E+02 1.57405849E-01 1.76908145E+03 1.20000000E-01
6.71566428E+02 1.63372345E-01 1.91876122E+03 1.20000000E-01
7.28386826E+02 1.70888712E-01 2.08110522E+03 1.20000000E-01
7.90014726E+02 1.77728113E-01 2.25718493E+03 1.20000000E-01
8.56856887E+02 1.85465198E-01 2.44816253E+03 1.20000000E-01
9.29354479E+02 1.93277824E-01 2.65529851E+03 1.20000000E-01
1.00798600E+03 2.01262852E-01 2.87996001E+03 1.20000000E-01
1.09327044E+03 2.10150552E-01 3.12362983E+03 1.20000000E-01
1.18577069E+03 2.18317423E-01 3.38791625E+03 1.20000000E-01
1.28609727E+03 2.28489463E-01 3.67456362E+03 1.20000000E-01
1.39491235E+03 2.37184167E-01 3.98546386E+03 1.20000000E-01
1.51293415E+03 2.48344980E-01 4.32266899E+03 1.20000000E-01
1.64094162E+03 2.58277198E-01 4.68840462E+03 1.20000000E-01
1.77977964E+03 2.69956918E-01 5.08508469E+03 1.20000000E-01
1.93036458E+03 2.81240023E-01 5.51532736E+03 1.20000000E-01
2.09369031E+03 2.93325558E-01 5.98197233E+03 1.20000000E-01
2.27083484E+03 3.06109681E-01 6.48809954E+03 1.20000000E-01
2.46296734E+03 3.18563952E-01 7.03704955E+03 1.20000000E-01
2.67135594E+03 3.33113559E-01 7.63244553E+03 1.20000000E-01
2.89737603E+03 3.45918972E-01 8.27821723E+03 1.20000000E-01
3.14251940E+03 3.62367648E-01 8.97862686E+03 1.20000000E-01
3.40840405E+03 3.76593025E-01 9.73829728E+03 1.20000000E-01
3.69678486E+03 3.94275396E-01 1.05622425E+04 1.20000000E-01
