2.89182863E+00 9.53602114E-01 1.00000000E+03 1.20000000E-01
3.13650264E+00 8.53632529E-01 1.00000000E+03 1.20000000E-01
3.40187821E+00 7.78988336E-01 1.00000000E+03 1.20000000E-01
3.68970689E+00 7.18841011E-01 1.00000000E+03 1.20000000E-01
4.00188838E+00 6.70486508E-01 1.00000000E+03 1.20000000E-01
4.34048317E+00 6.29706263E-01 1.00000000E+03 1.20000000E-01
4.70772603E+00 5.91567131E-01 1.00000000E+03 1.20000000E-01
5.10604086E+00 5.57750417E-01 1.00000000E+03 1.20000000E-01
5.53805661E+00 5.28581816E-01 1.00000000E+03 1.20000000E-01
6.00662467E+00 4.98483356E-01 1.00000000E+03 1.20000000E-01
6.51483769E+00 4.74453155E-01 1.00000000E+03 1.20000000E-01
7.06604998E+00 4.49226963E-01 1.00000000E+03 1.20000000E-01
7.66389965E+00 4.27030937E-01 1.00000000E+03 1.20000000E-01
8.31233264E+00 4.05703829E-01 1.00000000E+03 1.20000000E-01
9.01562874E+00 3.85369007E-01 1.00000000E+03 1.20000000E-01
9.77842984E+00 3.67233624E-01 1.00000000E+03 1.20000000E-01
1.06057706E+01 3.48547995E-01 1.00000000E+03 1.20000000E-01
1.15031116E+01 3.32621740E-01 1.00000000E+03 1.20000000E-01
1.24763755E+01 3.15257143E-01 1.00000000E+03 1.20000000E-01
1.35319861E+01 3.01402765E-01 1.00000000E+03 1.20000000E-01
1.46769106E+01 2.85884870E-01 1.00000000E+03 1.20000000E-01
1.59187057E+01 2.73615148E-01 1.00000000E+03 1.20000000E-01
1.72655675E+01 2.59821155E-01 1.00000000E+03 1.20000000E-01
1.87263856E+01 2.48566840E-01 1.00000000E+03 1.20000000E-01
2.03108017E+01 2.36159522E-01 1.00000000E+03 1.20000000E-01
2.20292733E+01 2.25793186E-01 1.00000000E+03 1.20000000E-01
2.38931427E+01 2.14691018E-01 1.00000000E+03 1.20000000E-01
2.59147117E+01 2.05153545E-01 1.00000000E+03 1.20000000E-01
2.81073231E+01 1.95205100E-01 1.00000000E+03 1.20000000E-01
3.04854486E+01 1.86490300E-01 1.00000000E+03 1.20000000E-01
3.30647844E+01 1.77543736E-01 1.00000000E+03 1.20000000E-01
3.58623546E+01 1.69545689E-01 1.00000000E+03 1.20000000E-01
3.88966236E+01 1.61522660E-01 1.00000000E+03 1.20000000E-01
4.21876184E+01 1.54213058E-01 1.00000000E+03 1.20000000E-01
4.57570602E+01 1.46969342E-01 1.00000000E+03 1.20000000E-01
4.96285080E+01 1.40265079E-01 1.00000000E+03 1.20000000E-01
5.38275141E+01 1.33729269E-01 1.00000000E+03 1.20000000E-01
5.83817930E+01 1.27567736E-01 1.00000000E+03 1.20000000E-01
6.33214036E+01 1.21664074E-01 1.00000000E+03 1.20000000E-01
6.86789486E+01 1.15969013E-01 1.00000000E+03 1.20000000E-01
7.44897888E+01 1.10630886E-01 1.00000000E+03 1.20000000E-01
8.07922769E+01 1.05379638E-01 1.00000000E+03 1.20000000E-01
8.76280106E+01 1.00534482E-01 1.00000000E+03 1.20000000E-01
9.50421073E+01 9.56086192E-02 1.00000000E+03 1.20000000E-01
1.03083501E+02 9.12163075E-02 1.00000000E+03 1.20000000E-01
1.11805268E+02 8.65578662E-02 1.00000000E+03 1.20000000E-01
1.21264972E+02 8.25864404E-02 1.00000000E+03 1.20000000E-01
1.31525050E+02 7.81139407E-02 1.00000000E+03 1.20000000E-01
1.42653221E+02 7.45033735E-02 1.00000000E+03 1.20000000E-01
1.54722932E+02 7.04573461E-02 1.00000000E+03 1.20000000E-01
1.67813846E+02 6.67992706E-02 1.00000000E+03 1.20000000E-01
1.82012366E+02 6.31220259E-02 1.00000000E+03 1.20000000E-01
1.97412205E+02 5.92339154E-02 1.00000000E+03 1.20000000E-01
2.14115006E+02 5.58783440E-02 1.00000000E+03 1.20000000E-01
2.32231009E+02 5.22793304E-02 1.00000000E+03 1.20000000E-01
2.51879785E+02 4.85545650E-02 1.00000000E+03 1.20000000E-01
2.73191019E+02 4.47740430E-02 1.00000000E+03 1.20000000E-01
2.96305371E+02 4.10319719E-02 1.00000000E+03 1.20000000E-01
3.21375399E+02 3.70588242E-02 1.00000000E+03 1.20000000E-01
3.48566570E+02 3.26926554E-02 1.00000000E+03 1.20000000E-01
3.78058353E+02 2.53999274E-02 1.00000000E+03 1.20000000E-01
4.10045398E+02 9.31509390E-03 1.00000000E+03 1.20000000E-01
4.44738828E+02 1.89528733E-03 1.00000000E+03 1.20000000E-01
4.82367626E+02 3.89746601E-04 1.00000000E+03 1.20000000E-01
5.23180149E+02 1.47055591E-02 1.00000000E+03 1.20000000E-01
5.67445768E+02 2.20901359E-02 1.00000000E+03 1.20000000E-01
6.15456647E+02 2.74095103E-02 1.00000000E+03 1.20000000E-01
6.67529666E+02 3.18616604E-02 1.00000000E+03 1.20000000E-01
7.24008518E+02 3.58497568E-02 1.00000000E+03 1.20000000E-01
7.85265976E+02 3.94933301E-02 1.00000000E+03 1.20000000E-01
8.51706350E+02 4.29245617E-02 1.00000000E+03 1.20000000E-01
9.23768162E+02 4.50480539E-02 1.00000000E+03 1.20000000E-01
1.00192703E+03 3.20962566E-02 1.00000000E+03 1.20000000E-01
1.08669883E+03 3.73174913E-02 1.00000000E+03 1.20000000E-01
1.17864306E+03 4.04585810E-02 1.00000000E+03 1.20000000E-01
1.27836658E+03 4.31483965E-02 1.00000000E+03 1.20000000E-01
1.38652758E+03 4.53740328E-02 1.00000000E+03 1.20000000E-01
1.50383995E+03 4.77620447E-02 1.00000000E+03 1.20000000E-01
1.63107798E+03 4.99665366E-02 1.00000000E+03 1.20000000E-01
1.76908145E+03 5.23677850E-02 1.00000000E+03 1.20000000E-01
1.91876122E+03 5.46072026E-02 1.00000000E+03 1.20000000E-01
2.08110522E+03 5.71970550E-02 1.00000000E+03 1.20000000E-01
2.25718493E+03 5.94919007E-02 1.00000000E+03 1.20000000E-01
2.44816253E+03 6.23434112E-02 1.00000000E+03 1.20000000E-01
2.65529851E+03 6.47763140E-02 1.00000000E+03 1.20000000E-01
2.87996001E+03 6.78837636E-02 1.00000000E+03 1.20000000E-01
3.12362983E+03 7.05944187E-02 1.00000000E+03 1.20000000E-01
3.38791625E+03 7.38223501E-02 1.00000000E+03 1.20000000E-01
3.67456362E+03 7.68711586E-02 1.00000000E+03 1.20000000E-01
3.98546386E+03 8.02086832E-02 1.00000000E+03 1.20000000E-01
4.32266899E+03 8.36644333E-02 1.00000000E+03 1.20000000E-01
4.68840462E+03 8.70921624E-02 1.00000000E+03 1.20000000E-01
5.08508469E+03 9.10039488E-02 1.00000000E+03 1.20000000E-01
5.51532736E+03 9.45253476E-02 1.00000000E+03 1.20000000E-01
5.98197233E+03 9.89678602E-02 1.00000000E+03 1.20000000E-01
6.48809954E+03 1.02767419E-01 1.00000000E+03 1.20000000E-01
7.03704955E+03 1.07552602E-01 1.00000000E+03 1.20000000E-01
7.63244553E+03 1.11869940E-01 1.00000000E+03 1.20000000E-01
8.27821723E+03 1.16810435E-01 1.00000000E+03 1.20000000E-01
8.97862686E+03 1.21720702E-01 1.00000000E+03 1.20000000E-01
9.73829728E+03 1.26822805E-01 1.00000000E+03 1.20000000E-01
1.05622425E+04 1.32405632E-01 1.00000000E+03 1.20000000E-01
