3.03060644E-04 2.83793774E-05 1.01020215E-03 1.20000000E-01
3.28702227E-04 3.27723524E-05 1.09567409E-03 1.20000000E-01
3.56513312E-04 3.78906189E-05 1.18837771E-03 1.20000000E-01
3.86677459E-04 4.38055930E-05 1.28892486E-03 1.20000000E-01
4.19393756E-04 5.06099583E-05 1.39797919E-03 1.20000000E-01
4.54878139E-04 5.85788604E-05 1.51626046E-03 1.20000000E-01
4.93364810E-04 6.76188147E-05 1.64454937E-03 1.20000000E-01
5.35107792E-04 7.83360584E-05 1.78369264E-03 1.20000000E-01
5.80382594E-04 8.99381993E-05 1.93460865E-03 1.20000000E-01
6.29488042E-04 1.03949666E-04 2.09829347E-03 1.20000000E-01
6.82748239E-04 1.19686927E-04 2.27582746E-03 1.20000000E-01
7.40514716E-04 1.40461540E-04 2.46838239E-03 1.20000000E-01
8.03168743E-04 1.61335201E-04 2.67722914E-03 1.20000000E-01
8.71123848E-04 1.83991820E-04 2.90374616E-03 1.20000000E-01
9.44828550E-04 2.08208487E-04 3.14942850E-03 1.20000000E-01
1.02476931E-03 2.34203101E-04 3.41589772E-03 1.20000000E-01
1.11147377E-03 2.60485748E-04 3.70491256E-03 1.20000000E-01
1.20551418E-03 2.87137055E-04 4.01838059E-03 1.20000000E-01
1.30751123E-03 3.23812675E-04 4.35837076E-03 1.20000000E-01
1.41813812E-03 3.50577897E-04 4.72712707E-03 1.20000000E-01
1.53812502E-03 3.89618228E-04 5.12708340E-03 1.20000000E-01
1.66826386E-03 4.31711215E-04 5.56087953E-03 1.20000000E-01
1.80941358E-03 4.77000871E-04 6.03137861E-03 1.20000000E-01
1.96250581E-03 5.06175987E-04 6.54168603E-03 1.20000000E-01
2.12855098E-03 5.56423234E-04 7.09516992E-03 1.20000000E-01
2.30864502E-03 6.11511501E-04 7.69548340E-03 1.20000000E-01
2.50397659E-03 6.72628052E-04 8.34658865E-03 1.20000000E-01
2.71583493E-03 7.39991414E-04 9.05278310E-03 1.20000000E-01
2.94561834E-03 7.85864583E-04 9.81872778E-03 1.20000000E-01
3.19484343E-03 8.63091673E-04 1.06494781E-02 1.20000000E-01
3.46515514E-03 9.45929817E-04 1.15505171E-02 1.20000000E-01
3.75833760E-03 1.00480221E-03 1.25277920E-02 1.20000000E-01
4.07632585E-03 1.09684513E-03 1.35877528E-02 1.20000000E-01
4.42121870E-03 1.16706747E-03 1.47373957E-02 1.20000000E-01
4.79529250E-03 1.24169894E-03 1.59843083E-02 1.20000000E-01
5.20101622E-03 1.34227139E-03 1.73367207E-02 1.20000000E-01
5.64106771E-03 1.42371910E-03 1.88035590E-02 1.20000000E-01
6.11835141E-03 1.51063781E-03 2.03945047E-02 1.20000000E-01
6.63601749E-03 1.61990573E-03 2.21200583E-02 1.20000000E-01
7.19748265E-03 1.71141113E-03 2.39916088E-02 1.20000000E-01
7.80645268E-03 1.80913742E-03 2.60215089E-02 1.20000000E-01
8.46694690E-03 1.90514133E-03 2.82231563E-02 1.20000000E-01
9.18332472E-03 2.01352075E-03 3.06110824E-02 1.20000000E-01
9.96031437E-03 2.11780188E-03 3.32010479E-02 1.20000000E-01
1.08030441E-02 2.23414582E-03 3.60101471E-02 1.20000000E-01
1.17170762E-02 2.35874080E-03 3.90569208E-02 1.20000000E-01
1.27084434E-02 2.47816194E-03 4.23614781E-02 1.20000000E-01
1.37836890E-02 2.60545393E-03 4.59456299E-02 1.20000000E-01
1.49499097E-02 2.73175963E-03 4.98330323E-02 1.20000000E-01
1.62148029E-02 2.87856302E-03 5.40493430E-02 1.20000000E-01
1.75867172E-02 3.01112299E-03 5.86223905E-02 1.20000000E-01
1.90747074E-02 3.16217344E-03 6.35823579E-02 1.20000000E-01
2.06885946E-02 3.30070505E-03 6.89619818E-02 1.20000000E-01
2.24390307E-02 3.46391003E-03 7.47967691E-02 1.20000000E-01
2.43375691E-02 3.62256358E-03 8.11252304E-02 1.20000000E-01
2.63967405E-02 3.79809037E-03 8.79891350E-02 1.20000000E-01
2.86301358E-02 3.95912873E-03 9.54337859E-02 1.20000000E-01
3.10524958E-02 4.14002200E-03 1.03508319E-01 1.20000000E-01
3.36798088E-02 4.31964785E-03 1.12266029E-01 1.20000000E-01
3.65294154E-02 4.49820171E-03 1.21764718E-01 1.20000000E-01
3.96201237E-02 4.68388226E-03 1.32067079E-01 1.20000000E-01
4.29723329E-02 4.84415167E-03 1.43241110E-01 1.20000000E-01
4.66081684E-02 5.03137016E-03 1.55360561E-01 1.20000000E-01
5.05516274E-02 5.18197671E-03 1.68505425E-01 1.20000000E-01
5.48287375E-02 5.30540388E-03 1.82762458E-01 1.20000000E-01
5.94677286E-02 5.43845877E-03 1.98225762E-01 1.20000000E-01
6.44992189E-02 5.54237341E-03 2.14997396E-01 1.20000000E-01
6.99564173E-02 5.56068044E-03 2.33188058E-01 1.20000000E-01
7.58753425E-02 5.55885861E-03 2.52917808E-01 1.20000000E-01
8.22950606E-02 5.49673441E-03 2.74316869E-01 1.20000000E-01
8.92579430E-02 5.36688774E-03 2.97526477E-01 1.20000000E-01
9.68099462E-02 5.15916762E-03 3.22699821E-01 1.20000000E-01
1.05000915E-01 4.62764238E-03 3.50003050E-01 1.20000000E-01
1.13884911E-01 4.13344384E-03 3.79616371E-01 1.20000000E-01
1.23520572E-01 3.70205438E-03 4.11735239E-01 1.20000000E-01
1.33971493E-01 3.20909886E-03 4.46571644E-01 1.20000000E-01
1.45306654E-01 2.59853985E-03 4.84355514E-01 1.20000000E-01
1.57600869E-01 1.85820482E-03 5.25336230E-01 1.20000000E-01
1.70935282E-01 1.14630198E-03 5.69784273E-01 1.20000000E-01
1.85397903E-01 6.47093089E-04 6.17993009E-01 1.20000000E-01
2.01084188E-01 3.38899438E-04 6.70280627E-01 1.20000000E-01
2.18097670E-01 1.60267043E-04 7.26992234E-01 1.20000000E-01
2.36550642E-01 6.48220902E-05 7.88502140E-01 1.20000000E-01
2.56564897E-01 2.09230803E-05 8.55216323E-01 1.20000000E-01
2.78272533E-01 7.28075475E-06 9.27575109E-01 1.20000000E-01
3.01816825E-01 4.51905919E-06 1.00605608E+00 1.20000000E-01
3.27353170E-01 3.81315492E-06 1.09117723E+00 1.20000000E-01
3.55050113E-01 3.65785924E-06 1.18350038E+00 1.20000000E-01
3.85090460E-01 3.74389761E-06 1.28363487E+00 1.20000000E-01
4.17672483E-01 3.95979233E-06 1.39224161E+00 1.20000000E-01
4.53011231E-01 4.25317962E-06 1.51003744E+00 1.20000000E-01
4.91339946E-01 4.62443655E-06 1.63779982E+00 1.20000000E-01
5.32911606E-01 5.04600011E-06 1.77637202E+00 1.20000000E-01
5.78000592E-01 5.51325582E-06 1.92666864E+00 1.20000000E-01
6.26904501E-01 5.96770574E-06 2.08968167E+00 1.20000000E-01
6.79946109E-01 6.36254310E-06 2.26648703E+00 1.20000000E-01
7.37475501E-01 6.65082668E-06 2.45825167E+00 1.20000000E-01
7.99872384E-01 6.82341967E-06 2.66624128E+00 1.20000000E-01
8.67548588E-01 6.88878048E-06 2.89182863E+00 1.20000000E-01
9.40950792E-01 7.11333225E-06 3.13650264E+00 1.20000000E-01
1.02056346E+00 7.40763822E-06 3.40187821E+00 1.20000000E-01
1.10691207E+00 7.39136012E-06 3.68970689E+00 1.20000000E-01
1.20056652E+00 7.42057694E-06 4.00188838E+00 1.20000000E-01
1.30214495E+00 7.63294412E-06 4.34048317E+00 1.20000000E-01
1.41231781E+00 8.05841224E-06 4.70772603E+00 1.20000000E-01
1.53181226E+00 8.76911962E-06 5.10604086E+00 1.20000000E-01
1.66141698E+00 9.68496843E-06 5.53805661E+00 1.20000000E-01
1.80198740E+00 1.07864896E-05 6.00662467E+00 1.20000000E-01
1.95445131E+00 1.20736177E-05 6.51483769E+00 1.20000000E-01
2.11981499E+00 1.35424398E-05 7.06604998E+00 1.20000000E-01
2.29916990E+00 1.52051575E-05 7.66389965E+00 1.20000000E-01
2.49369979E+00 1.71323741E-05 8.31233264E+00 1.20000000E-01
2.70468862E+00 1.93413176E-05 9.01562874E+00 1.20000000E-01
2.93352895E+00 2.18348795E-05 9.77842984E+00 1.20000000E-01
3.18173118E+00 2.46788473E-05 1.06057706E+01 1.20000000E-01
3.45093348E+00 2.79464639E-05 1.15031116E+01 1.20000000E-01
3.74291266E+00 3.15126585E-05 1.24763755E+01 1.20000000E-01
4.05959583E+00 3.55046837E-05 1.35319861E+01 1.20000000E-01
4.40307317E+00 4.00369533E-05 1.46769106E+01 1.20000000E-01
4.77561170E+00 4.50999692E-05 1.59187057E+01 1.20000000E-01
5.17967024E+00 5.08431609E-05 1.72655675E+01 1.20000000E-01
5.61791568E+00 5.76929589E-05 1.87263856E+01 1.20000000E-01
6.09324052E+00 6.54913958E-05 2.03108017E+01 1.20000000E-01
6.60878200E+00 7.38961688E-05 2.20292733E+01 1.20000000E-01
7.16794280E+00 8.32510314E-05 2.38931427E+01 1.20000000E-01
7.77441350E+00 9.37891389E-05 2.59147117E+01 1.20000000E-01
8.43219692E+00 1.05647522E-04 2.81073231E+01 1.20000000E-01
9.14563459E+00 1.19467267E-04 3.04854486E+01 1.20000000E-01
9.91943532E+00 1.36294251E-04 3.30647844E+01 1.20000000E-01
1.07587064E+01 1.55030031E-04 3.58623546E+01 1.20000000E-01
1.16689871E+01 1.75686452E-04 3.88966236E+01 1.20000000E-01
1.26562855E+01 1.98687850E-04 4.21876184E+01 1.20000000E-01
1.37271181E+01 2.24403745E-04 4.57570602E+01 1.20000000E-01
1.48885524E+01 2.54139338E-04 4.96285080E+01 1.20000000E-01
1.61482542E+01 2.88088587E-04 5.38275141E+01 1.20000000E-01
1.75145379E+01 3.25822530E-04 5.83817930E+01 1.20000000E-01
1.89964211E+01 3.69961034E-04 6.33214036E+01 1.20000000E-01
2.06036846E+01 4.18983449E-04 6.86789486E+01 1.20000000E-01
2.23469366E+01 4.74507332E-04 7.44897888E+01 1.20000000E-01
2.42376831E+01 5.39279478E-04 8.07922769E+01 1.20000000E-01
2.62884032E+01 6.12236278E-04 8.76280106E+01 1.20000000E-01
2.85126322E+01 6.93950788E-04 9.50421073E+01 1.20000000E-01
3.09250504E+01 7.88001092E-04 1.03083501E+02 1.20000000E-01
3.35415804E+01 8.94069027E-04 1.11805268E+02 1.20000000E-01
3.63794916E+01 1.01432913E-03 1.21264972E+02 1.20000000E-01
3.94575150E+01 1.15229583E-03 1.31525050E+02 1.20000000E-01
4.27959662E+01 1.30633493E-03 1.42653221E+02 1.20000000E-01
4.64168795E+01 1.48328678E-03 1.54722932E+02 1.20000000E-01
5.03441537E+01 1.68423182E-03 1.67813846E+02 1.20000000E-01
5.46037098E+01 1.90657000E-03 1.82012366E+02 1.20000000E-01
5.92236616E+01 2.16498354E-03 1.97412205E+02 1.20000000E-01
6.42345017E+01 2.45450306E-03 2.14115006E+02 1.20000000E-01
6.96693027E+01 2.77455235E-03 2.32231009E+02 1.20000000E-01
7.55639355E+01 3.14640758E-03 2.51879785E+02 1.20000000E-01
8.19573058E+01 3.55301259E-03 2.73191019E+02 1.20000000E-01
8.88916113E+01 4.00391174E-03 2.96305371E+02 1.20000000E-01
9.64126196E+01 4.50682593E-03 3.21375399E+02 1.20000000E-01
1.04569971E+02 5.05487430E-03 3.48566570E+02 1.20000000E-01
1.13417506E+02 5.64078962E-03 3.78058353E+02 1.20000000E-01
1.23013620E+02 6.26566825E-03 4.10045398E+02 1.20000000E-01
1.33421648E+02 6.92115331E-03 4.44738828E+02 1.20000000E-01
1.44710288E+02 7.60923346E-03 4.82367626E+02 1.20000000E-01
1.56954045E+02 8.31253980E-03 5.23180149E+02 1.20000000E-01
1.70233730E+02 9.03202155E-03 5.67445768E+02 1.20000000E-01
1.84636994E+02 9.75919660E-03 6.15456647E+02 1.20000000E-01
2.00258900E+02 1.04943690E-02 6.67529666E+02 1.20000000E-01
2.17202555E+02 1.12309638E-02 7.24008518E+02 1.20000000E-01
2.35579793E+02 1.19758161E-02 7.85265976E+02 1.20000000E-01
2.55511905E+02 1.27289955E-02 8.51706350E+02 1.20000000E-01
2.77130449E+02 1.34619684E-02 9.23768162E+02 1.20000000E-01
3.00578110E+02 1.42403133E-02 1.00192703E+03 1.20000000E-01
3.26009649E+02 1.49982615E-02 1.08669883E+03 1.20000000E-01
3.53592919E+02 1.57773078E-02 1.17864306E+03 1.20000000E-01
3.83509975E+02 1.65707358E-02 1.27836658E+03 1.20000000E-01
4.15958275E+02 1.73699811E-02 1.38652758E+03 1.20000000E-01
4.51151986E+02 1.81910462E-02 1.50383995E+03 1.20000000E-01
4.89323393E+02 1.90156227E-02 1.63107798E+03 1.20000000E-01
5.30724434E+02 1.98625416E-02 1.76908145E+03 1.20000000E-01
5.75628367E+02 2.07374479E-02 1.91876122E+03 1.20000000E-01
6.24331565E+02 2.15943972E-02 2.08110522E+03 1.20000000E-01
6.77155480E+02 2.25373510E-02 2.25718493E+03 1.20000000E-01
7.34448760E+02 2.33904537E-02 2.44816253E+03 1.20000000E-01
7.96589553E+02 2.44193497E-02 2.65529851E+03 1.20000000E-01
8.63988002E+02 2.53529495E-02 2.87996001E+03 1.20000000E-01
9.37088949E+02 2.63852513E-02 3.12362983E+03 1.20000000E-01
1.01637488E+03 2.74187672E-02 3.38791625E+03 1.20000000E-01
1.10236909E+03 2.84253357E-02 3.67456362E+03 1.20000000E-01
1.19563916E+03 2.95849877E-02 3.98546386E+03 1.20000000E-01
1.29680070E+03 3.06333872E-02 4.32266899E+03 1.20000000E-01
1.40652139E+03 3.18441930E-02 4.68840462E+03 1.20000000E-01
1.52552541E+03 3.30323309E-02 5.08508469E+03 1.20000000E-01
1.65459821E+03 3.41821988E-02 5.51532736E+03 1.20000000E-01
1.79459170E+03 3.55507483E-02 5.98197233E+03 1.20000000E-01
1.94642986E+03 3.67754939E-02 6.48809954E+03 1.20000000E-01
2.11111486E+03 3.81637342E-02 7.03704955E+03 1.20000000E-01
2.28973366E+03 3.95842690E-02 7.63244553E+03 1.20000000E-01
2.48346517E+03 4.08714761E-02 8.27821723E+03 1.20000000E-01
2.69358806E+03 4.25282257E-02 8.97862686E+03 1.20000000E-01
2.92148918E+03 4.40036819E-02 9.73829728E+03 1.20000000E-01
3.16867274E+03 4.55786725E-02 1.05622425E+04 1.20000000E-01
