3.03060644E-04 2.83675417E-05 1.01020215E-03 1.20000000E-01
3.28702227E-04 3.27555841E-05 1.09567409E-03 1.20000000E-01
3.56513312E-04 3.78706527E-05 1.18837771E-03 1.20000000E-01
3.86677459E-04 4.37776198E-05 1.28892486E-03 1.20000000E-01
4.19393756E-04 5.05767091E-05 1.39797919E-03 1.20000000E-01
4.54878139E-04 5.85321027E-05 1.51626046E-03 1.20000000E-01
4.93364810E-04 6.75631886E-05 1.64454937E-03 1.20000000E-01
5.35107792E-04 7.82579564E-05 1.78369264E-03 1.20000000E-01
5.80382594E-04 9.12184755E-05 1.93460865E-03 1.20000000E-01
6.29488042E-04 1.05479072E-04 2.09829347E-03 1.20000000E-01
6.82748239E-04 1.21836617E-04 2.27582746E-03 1.20000000E-01
7.40514716E-04 1.40178610E-04 2.46838239E-03 1.20000000E-01
8.03168743E-04 1.60940825E-04 2.67722914E-03 1.20000000E-01
8.71123848E-04 1.83570685E-04 2.90374616E-03 1.20000000E-01
9.44828550E-04 2.07634559E-04 3.14942850E-03 1.20000000E-01
1.02476931E-03 2.33554366E-04 3.41589772E-03 1.20000000E-01
1.11147377E-03 2.59855958E-04 3.70491256E-03 1.20000000E-01
1.20551418E-03 2.96086415E-04 4.01838059E-03 1.20000000E-01
1.30751123E-03 3.22895039E-04 4.35837076E-03 1.20000000E-01
1.41813812E-03 3.62495090E-04 4.72712707E-03 1.20000000E-01
1.53812502E-03 3.88557089E-04 5.12708340E-03 1.20000000E-01
1.66826386E-03 4.30391024E-04 5.56087953E-03 1.20000000E-01
1.80941358E-03 4.75172549E-04 6.03137861E-03 1.20000000E-01
1.96250581E-03 5.04873087E-04 6.54168603E-03 1.20000000E-01
2.12855098E-03 5.54920630E-04 7.09516992E-03 1.20000000E-01
2.30864502E-03 6.09812042E-04 7.69548340E-03 1.20000000E-01
2.50397659E-03 6.71135781E-04 8.34658865E-03 1.20000000E-01
2.71583493E-03 7.37782570E-04 9.05278310E-03 1.20000000E-01
2.94561834E-03 7.84605298E-04 9.81872778E-03 1.20000000E-01
3.19484343E-03 8.61136249E-04 1.06494781E-02 1.20000000E-01
3.46515514E-03 9.44000030E-04 1.15505171E-02 1.20000000E-01
3.75833760E-03 1.00370484E-03 1.25277920E-02 1.20000000E-01
4.07632585E-03 1.09483848E-03 1.35877528E-02 1.20000000E-01
4.42121870E-03 1.16554268E-03 1.47373957E-02 1.20000000E-01
4.79529250E-03 1.26464514E-03 1.59843083E-02 1.20000000E-01
5.20101622E-03 1.34071644E-03 1.73367207E-02 1.20000000E-01
5.64106771E-03 1.42246745E-03 1.88035590E-02 1.20000000E-01
6.11835141E-03 1.50955792E-03 2.03945047E-02 1.20000000E-01
6.63601749E-03 1.61947828E-03 2.21200583E-02 1.20000000E-01
7.19748265E-03 1.71112175E-03 2.39916088E-02 1.20000000E-01
7.80645268E-03 1.80881659E-03 2.60215089E-02 1.20000000E-01
8.46694690E-03 1.90484583E-03 2.82231563E-02 1.20000000E-01
9.18332472E-03 2.01334204E-03 3.06110824E-02 1.20000000E-01
9.96031437E-03 2.11774937E-03 3.32010479E-02 1.20000000E-01
1.08030441E-02 2.24924177E-03 3.60101471E-02 1.20000000E-01
1.17170762E-02 2.35853173E-03 3.90569208E-02 1.20000000E-01
1.27084434E-02 2.47847769E-03 4.23614781E-02 1.20000000E-01
1.37836890E-02 2.60602012E-03 4.59456299E-02 1.20000000E-01
1.49499097E-02 2.73243689E-03 4.98330323E-02 1.20000000E-01
1.62148029E-02 2.87936864E-03 5.40493430E-02 1.20000000E-01
1.75867172E-02 3.01200761E-03 5.86223905E-02 1.20000000E-01
1.90747074E-02 3.16339778E-03 6.35823579E-02 1.20000000E-01
2.06885946E-02 3.30587588E-03 6.89619818E-02 1.20000000E-01
2.24390307E-02 3.46573214E-03 7.47967691E-02 1.20000000E-01
2.43375691E-02 3.61934486E-03 8.11252304E-02 1.20000000E-01
2.63967405E-02 3.79473470E-03 8.79891350E-02 1.20000000E-01
2.86301358E-02 3.96035761E-03 9.54337859E-02 1.20000000E-01
3.10524958E-02 4.14314517E-03 1.03508319E-01 1.20000000E-01
3.36798088E-02 4.32082272E-03 1.12266029E-01 1.20000000E-01
3.65294154E-02 4.50078157E-03 1.21764718E-01 1.20000000E-01
3.96201237E-02 4.68883949E-03 1.32067079E-01 1.20000000E-01
4.29723329E-02 4.84497978E-03 1.43241110E-01 1.20000000E-01
4.66081684E-02 5.03395155E-03 1.55360561E-01 1.20000000E-01
5.05516274E-02 5.19122758E-03 1.68505425E-01 1.20000000E-01
5.48287375E-02 5.32296358E-03 1.82762458E-01 1.20000000E-01
5.94677286E-02 5.46103323E-03 1.98225762E-01 1.20000000E-01
6.44992189E-02 5.57347908E-03 2.14997396E-01 1.20000000E-01
6.99564173E-02 5.61417003E-03 2.33188058E-01 1.20000000E-01
7.58753425E-02 5.64883061E-03 2.52917808E-01 1.20000000E-01
8.22950606E-02 5.66056557E-03 2.74316869E-01 1.20000000E-01
8.92579430E-02 5.65218549E-03 2.97526477E-01 1.20000000E-01
9.68099462E-02 5.61313839E-03 3.22699821E-01 1.20000000E-01
1.05000915E-01 5.28512289E-03 3.50003050E-01 1.20000000E-01
1.13884911E-01 5.09397242E-03 3.79616371E-01 1.20000000E-01
1.23520572E-01 5.07031752E-03 4.11735239E-01 1.20000000E-01
1.33971493E-01 5.11359490E-03 4.46571644E-01 1.20000000E-01
1.45306654E-01 5.18810513E-03 4.84355514E-01 1.20000000E-01
1.57600869E-01 5.28921974E-03 5.25336230E-01 1.20000000E-01
1.70935282E-01 5.44320421E-03 5.69784273E-01 1.20000000E-01
1.85397903E-01 5.59977636E-03 6.17993009E-01 1.20000000E-01
2.01084188E-01 5.75706165E-03 6.70280627E-01 1.20000000E-01
2.18097670E-01 5.94689661E-03 7.26992234E-01 1.20000000E-01
2.36550642E-01 6.14374593E-03 7.88502140E-01 1.20000000E-01
2.56564897E-01 6.33112886E-03 8.55216323E-01 1.20000000E-01
2.78272533E-01 6.55081559E-03 9.27575109E-01 1.20000000E-01
3.01816825E-01 6.77617273E-03 1.00605608E+00 1.20000000E-01
3.27353170E-01 6.97749813E-03 1.09117723E+00 1.20000000E-01
3.55050113E-01 7.23491068E-03 1.18350038E+00 1.20000000E-01
3.85090460E-01 7.47334284E-03 1.28363487E+00 1.20000000E-01
4.17672483E-01 7.69307210E-03 1.39224161E+00 1.20000000E-01
4.53011231E-01 7.98337302E-03 1.51003744E+00 1.20000000E-01
4.91339946E-01 8.24160257E-03 1.63779982E+00 1.20000000E-01
5.32911606E-01 8.50035768E-03 1.77637202E+00 1.20000000E-01
5.78000592E-01 8.81286533E-03 1.92666864E+00 1.20000000E-01
6.26904501E-01 9.09505022E-03 2.08968167E+00 1.20000000E-01
6.79946109E-01 9.40112312E-03 2.26648703E+00 1.20000000E-01
7.37475501E-01 9.74224092E-03 2.45825167E+00 1.20000000E-01
7.99872384E-01 1.00521639E-02 2.66624128E+00 1.20000000E-01
8.67548588E-01 1.04168654E-02 2.89182863E+00 1.20000000E-01
9.40950792E-01 1.07861265E-02 3.13650264E+00 1.20000000E-01
1.02056346E+00 1.11162283E-02 3.40187821E+00 1.20000000E-01
1.10691207E+00 1.15514045E-02 3.68970689E+00 1.20000000E-01
1.20056652E+00 1.19479067E-02 4.00188838E+00 1.20000000E-01
1.30214495E+00 1.23410136E-02 4.34048317E+00 1.20000000E-01
1.41231781E+00 1.28124589E-02 4.70772603E+00 1.20000000E-01
1.53181226E+00 1.32260968E-02 5.10604086E+00 1.20000000E-01
1.66141698E+00 1.36089961E-02 5.53805661E+00 1.20000000E-01
1.80198740E+00 1.34279058E-02 6.00662467E+00 1.20000000E-01
1.95445131E+00 1.35375472E-02 6.51483769E+00 1.20000000E-01
2.11981499E+00 1.38015338E-02 7.06604998E+00 1.20000000E-01
2.29916990E+00 1.40857875E-02 7.66389965E+00 1.20000000E-01
2.49369979E+00 1.43701960E-02 8.31233264E+00 1.20000000E-01
2.70468862E+00 1.46785433E-02 9.01562874E+00 1.20000000E-01
2.93352895E+00 1.51078742E-02 9.77842984E+00 1.20000000E-01
3.18173118E+00 1.55000513E-02 1.06057706E+01 1.20000000E-01
3.45093348E+00 1.58589337E-02 1.15031116E+01 1.20000000E-01
3.74291266E+00 1.62546007E-02 1.24763755E+01 1.20000000E-01
4.05959583E+00 1.68129326E-02 1.35319861E+01 1.20000000E-01
4.40307317E+00 1.73554449E-02 1.46769106E+01 1.20000000E-01
4.77561170E+00 1.79355572E-02 1.59187057E+01 1.20000000E-01
5.17967024E+00 1.86383877E-02 1.72655675E+01 1.20000000E-01
5.61791568E+00 1.92688589E-02 1.87263856E+01 1.20000000E-01
6.09324052E+00 2.00492431E-02 2.03108017E+01 1.20000000E-01
6.60878200E+00 2.08182694E-02 2.20292733E+01 1.20000000E-01
7.16794280E+00 2.15925632E-02 2.38931427E+01 1.20000000E-01
7.77441350E+00 2.25076879E-02 2.59147117E+01 1.20000000E-01
8.43219692E+00 2.33140450E-02 2.81073231E+01 1.20000000E-01
9.14563459E+00 2.43415181E-02 3.04854486E+01 1.20000000E-01
9.91943532E+00 2.52746003E-02 3.30647844E+01 1.20000000E-01
1.07587064E+01 2.63122313E-02 3.58623546E+01 1.20000000E-01
1.16689871E+01 2.73944200E-02 3.88966236E+01 1.20000000E-01
1.26562855E+01 2.84356865E-02 4.21876184E+01 1.20000000E-01
1.37271181E+01 2.97070438E-02 4.57570602E+01 1.20000000E-01
1.48885524E+01 3.08084720E-02 4.96285080E+01 1.20000000E-01
1.61482542E+01 3.22090249E-02 5.38275141E+01 1.20000000E-01
1.75145379E+01 3.34570415E-02 5.83817930E+01 1.20000000E-01
1.89964211E+01 3.48883358E-02 6.33214036E+01 1.20000000E-01
2.06036846E+01 3.63383301E-02 6.86789486E+01 1.20000000E-01
2.23469366E+01 3.78333061E-02 7.44897888E+01 1.20000000E-01
2.42376831E+01 3.95154872E-02 8.07922769E+01 1.20000000E-01
2.62884032E+01 4.10165726E-02 8.76280106E+01 1.20000000E-01
2.85126322E+01 4.29218391E-02 9.50421073E+01 1.20000000E-01
3.09250504E+01 4.45535932E-02 1.03083501E+02 1.20000000E-01
3.35415804E+01 4.66063966E-02 1.11805268E+02 1.20000000E-01
3.63794916E+01 4.84706264E-02 1.21264972E+02 1.20000000E-01
3.94575150E+01 5.05858038E-02 1.31525050E+02 1.20000000E-01
4.27959662E+01 5.27317131E-02 1.42653221E+02 1.20000000E-01
4.64168795E+01 5.49132898E-02 1.54722932E+02 1.20000000E-01
5.03441537E+01 5.73492676E-02 1.67813846E+02 1.20000000E-01
5.46037098E+01 5.95815741E-02 1.82012366E+02 1.20000000E-01
5.92236616E+01 6.23717238E-02 1.97412205E+02 1.20000000E-01
6.42345017E+01 6.47508943E-02 2.14115006E+02 1.20000000E-01
6.96693027E+01 6.78110879E-02 2.32231009E+02 1.20000000E-01
7.55639355E+01 7.05034029E-02 2.51879785E+02 1.20000000E-01
8.19573058E+01 7.36950453E-02 2.73191019E+02 1.20000000E-01
8.88916113E+01 7.67632874E-02 2.96305371E+02 1.20000000E-01
9.64126196E+01 8.01040423E-02 3.21375399E+02 1.20000000E-01
1.04569971E+02 8.35761555E-02 3.48566570E+02 1.20000000E-01
1.13417506E+02 8.70006376E-02 3.78058353E+02 1.20000000E-01
1.23013620E+02 9.09521778E-02 4.10045398E+02 1.20000000E-01
1.33421648E+02 9.44713893E-02 4.44738828E+02 1.20000000E-01
1.44710288E+02 9.89391570E-02 4.82367626E+02 1.20000000E-01
1.56954045E+02 1.02777831E-01 5.23180149E+02 1.20000000E-01
1.70233730E+02 1.07604737E-01 5.67445768E+02 1.20000000E-01
1.84636994E+02 1.11949635E-01 6.15456647E+02 1.20000000E-01
2.00258900E+02 1.16988969E-01 6.67529666E+02 1.20000000E-01
2.17202555E+02 1.21904766E-01 7.24008518E+02 1.20000000E-01
2.35579793E+02 1.27102307E-01 7.85265976E+02 1.20000000E-01
2.55511905E+02 1.32662788E-01 8.51706350E+02 1.20000000E-01
2.77130449E+02 1.37959944E-01 9.23768162E+02 1.20000000E-01
3.00578110E+02 1.44251951E-01 1.00192703E+03 1.20000000E-01
3.26009649E+02 1.49634421E-01 1.08669883E+03 1.20000000E-01
3.53592919E+02 1.56734562E-01 1.17864306E+03 1.20000000E-01
3.83509975E+02 1.62836140E-01 1.27836658E+03 1.20000000E-01
4.15958275E+02 1.70181613E-01 1.38652758E+03 1.20000000E-01
4.51151986E+02 1.77083623E-01 1.50383995E+03 1.20000000E-01
4.89323393E+02 1.84602761E-01 1.63107798E+03 1.20000000E-01
5.30724434E+02 1.92491539E-01 1.76908145E+03 1.20000000E-01
5.75628367E+02 2.00103377E-01 1.91876122E+03 1.20000000E-01
6.24331565E+02 2.09105195E-01 2.08110522E+03 1.20000000E-01
6.77155480E+02 2.16835782E-01 2.25718493E+03 1.20000000E-01
7.34448760E+02 2.27058766E-01 2.44816253E+03 1.20000000E-01
7.96589553E+02 2.35894963E-01 2.65529851E+03 1.20000000E-01
8.63988002E+02 2.46473536E-01 2.87996001E+03 1.20000000E-01
9.37088949E+02 2.56571778E-01 3.12362983E+03 1.20000000E-01
1.01637488E+03 2.67517985E-01 3.38791625E+03 1.20000000E-01
1.10236909E+03 2.79010994E-01 3.67456362E+03 1.20000000E-01
1.19563916E+03 2.90242965E-01 3.98546386E+03 1.20000000E-01
1.29680070E+03 3.03402325E-01 4.32266899E+03 1.20000000E-01
1.40652139E+03 3.14816537E-01 4.68840462E+03 1.20000000E-01
1.52552541E+03 3.29816581E-01 5.08508469E+03 1.20000000E-01
1.65459821E+03 3.42668577E-01 5.51532736E+03 1.20000000E-01
1.79459170E+03 3.58611401E-01 5.98197233E+03 1.20000000E-01
1.94642986E+03 3.73179734E-01 6.48809954E+03 1.20000000E-01
2.11111486E+03 3.89671489E-01 7.03704955E+03 1.20000000E-01
2.28973366E+03 4.06266385E-01 7.63244553E+03 1.20000000E-01
2.48346517E+03 4.23278804E-01 8.27821723E+03 1.20000000E-01
2.69358806E+03 4.42130623E-01 8.97862686E+03 1.20000000E-01
2.92148918E+03 4.59717018E-01 9.73829728E+03 1.20000000E-01
3.16867274E+03 4.81073586E-01 1.05622425E+04 1.20000000E-01
