1.25277920E-02 1.03048939E+00 1.00000000E+01 1.20000000E-01
1.35877528E-02 9.36678648E-01 1.00000000E+01 1.20000000E-01
1.47373957E-02 8.64194884E-01 1.00000000E+01 1.20000000E-01
1.59843083E-02 8.07623642E-01 1.00000000E+01 1.20000000E-01
1.73367207E-02 7.61253357E-01 1.00000000E+01 1.20000000E-01
1.88035590E-02 7.17065011E-01 1.00000000E+01 1.20000000E-01
2.03945047E-02 6.81446023E-01 1.00000000E+01 1.20000000E-01
2.21200583E-02 6.47399509E-01 1.00000000E+01 1.20000000E-01
2.39916088E-02 6.16757104E-01 1.00000000E+01 1.20000000E-01
2.60215089E-02 5.88685947E-01 1.00000000E+01 1.20000000E-01
2.82231563E-02 5.62109043E-01 1.00000000E+01 1.20000000E-01
3.06110824E-02 5.37236697E-01 1.00000000E+01 1.20000000E-01
3.32010479E-02 5.13574216E-01 1.00000000E+01 1.20000000E-01
3.60101471E-02 4.90418711E-01 1.00000000E+01 1.20000000E-01
3.90569208E-02 4.68482353E-01 1.00000000E+01 1.20000000E-01
4.23614781E-02 4.46427264E-01 1.00000000E+01 1.20000000E-01
4.59456299E-02 4.24592476E-01 1.00000000E+01 1.20000000E-01
4.98330323E-02 4.03430982E-01 1.00000000E+01 1.20000000E-01
5.40493430E-02 3.80513211E-01 1.00000000E+01 1.20000000E-01
5.86223905E-02 3.60047084E-01 1.00000000E+01 1.20000000E-01
6.35823579E-02 3.37711456E-01 1.00000000E+01 1.20000000E-01
6.89619818E-02 3.14519944E-01 1.00000000E+01 1.20000000E-01
7.47967691E-02 2.93557898E-01 1.00000000E+01 1.20000000E-01
8.11252304E-02 2.72400939E-01 1.00000000E+01 1.20000000E-01
8.79891350E-02 2.51965980E-01 1.00000000E+01 1.20000000E-01
9.54337859E-02 2.32193635E-01 1.00000000E+01 1.20000000E-01
1.03508319E-01 2.06374628E-01 1.00000000E+01 1.20000000E-01
1.12266029E-01 1.78944749E-01 1.00000000E+01 1.20000000E-01
1.21764718E-01 1.63611418E-01 1.00000000E+01 1.20000000E-01
1.32067079E-01 1.52081648E-01 1.00000000E+01 1.20000000E-01
1.43241110E-01 1.42570267E-01 1.00000000E+01 1.20000000E-01
1.55360561E-01 1.33847698E-01 1.00000000E+01 1.20000000E-01
1.68505425E-01 1.26185752E-01 1.00000000E+01 1.20000000E-01
1.82762458E-01 1.19644204E-01 1.00000000E+01 1.20000000E-01
1.98225762E-01 1.12930790E-01 1.00000000E+01 1.20000000E-01
2.14997396E-01 1.07576761E-01 1.00000000E+01 1.20000000E-01
2.33188058E-01 1.01949792E-01 1.00000000E+01 1.20000000E-01
2.52917808E-01 9.70382899E-02 1.00000000E+01 1.20000000E-01
2.74316869E-01 9.22063944E-02 1.00000000E+01 1.20000000E-01
2.97526477E-01 8.76556058E-02 1.00000000E+01 1.20000000E-01
3.22699821E-01 8.34404901E-02 1.00000000E+01 1.20000000E-01
3.50003050E-01 7.92062945E-02 1.00000000E+01 1.20000000E-01
3.79616371E-01 7.55187967E-02 1.00000000E+01 1.20000000E-01
4.11735239E-01 7.15615426E-02 1.00000000E+01 1.20000000E-01
4.46571644E-01 6.83387481E-02 1.00000000E+01 1.20000000E-01
4.84355514E-01 6.47264356E-02 1.00000000E+01 1.20000000E-01
5.25336230E-01 6.18302675E-02 1.00000000E+01 1.20000000E-01
5.69784273E-01 5.86409971E-02 1.00000000E+01 1.20000000E-01
6.17993009E-01 5.59358114E-02 1.00000000E+01 1.20000000E-01
6.70280627E-01 5.31303337E-02 1.00000000E+01 1.20000000E-01
7.26992234E-01 5.06026201E-02 1.00000000E+01 1.20000000E-01
7.88502140E-01 4.81198460E-02 1.00000000E+01 1.20000000E-01
8.55216323E-01 4.57410408E-02 1.00000000E+01 1.20000000E-01
9.27575109E-01 4.35469326E-02 1.00000000E+01 1.20000000E-01
1.00605608E+00 4.12958635E-02 1.00000000E+01 1.20000000E-01
1.09117723E+00 3.93440975E-02 1.00000000E+01 1.20000000E-01
1.18350038E+00 3.71856561E-02 1.00000000E+01 1.20000000E-01
1.28363487E+00 3.54427536E-02 1.00000000E+01 1.20000000E-01
1.39224161E+00 3.35049156E-02 1.00000000E+01 1.20000000E-01
1.51003744E+00 3.17447694E-02 1.00000000E+01 1.20000000E-01
1.63779982E+00 2.99214093E-02 1.00000000E+01 1.20000000E-01
1.77637202E+00 2.71485442E-02 1.00000000E+01 1.20000000E-01
1.92666864E+00 2.47109561E-02 1.00000000E+01 1.20000000E-01
2.08968167E+00 2.27493407E-02 1.00000000E+01 1.20000000E-01
2.26648703E+00 2.09258478E-02 1.00000000E+01 1.20000000E-01
2.45825167E+00 1.91803230E-02 1.00000000E+01 1.20000000E-01
2.66624128E+00 1.75337853E-02 1.00000000E+01 1.20000000E-01
2.89182863E+00 1.59349881E-02 1.00000000E+01 1.20000000E-01
3.13650264E+00 1.43092332E-02 1.00000000E+01 1.20000000E-01
3.40187821E+00 1.24730964E-02 1.00000000E+01 1.20000000E-01
3.68970689E+00 9.13128343E-03 1.00000000E+01 1.20000000E-01
4.00188838E+00 2.28485755E-03 1.00000000E+01 1.20000000E-01
4.34048317E+00 4.09043588E-04 1.00000000E+01 1.20000000E-01
4.70772603E+00 7.94064651E-05 1.00000000E+01 1.20000000E-01
5.10604086E+00 4.09966042E-03 1.00000000E+01 1.20000000E-01
5.53805661E+00 7.18824368E-03 1.00000000E+01 1.20000000E-01
6.00662467E+00 9.18634629E-03 1.00000000E+01 1.20000000E-01
6.51483769E+00 1.08539303E-02 1.00000000E+01 1.20000000E-01
7.06604998E+00 1.22459140E-02 1.00000000E+01 1.20000000E-01
7.66389965E+00 1.35804308E-02 1.00000000E+01 1.20000000E-01
8.31233264E+00 1.47950626E-02 1.00000000E+01 1.20000000E-01
9.01562874E+00 1.59032293E-02 1.00000000E+01 1.20000000E-01
9.77842984E+00 1.33544136E-02 1.00000000E+01 1.20000000E-01
1.06057706E+01 1.28449231E-02 1.00000000E+01 1.20000000E-01
1.15031116E+01 1.40495561E-02 1.00000000E+01 1.20000000E-01
1.24763755E+01 1.49552687E-02 1.00000000E+01 1.20000000E-01
1.35319861E+01 1.58144545E-02 1.00000000E+01 1.20000000E-01
1.46769106E+01 1.66400647E-02 1.00000000E+01 1.20000000E-01
1.59187057E+01 1.74199090E-02 1.00000000E+01 1.20000000E-01
1.72655675E+01 1.82433927E-02 1.00000000E+01 1.20000000E-01
1.87263856E+01 1.90583567E-02 1.00000000E+01 1.20000000E-01
2.03108017E+01 1.99106243E-02 1.00000000E+01 1.20000000E-01
2.20292733E+01 2.08114680E-02 1.00000000E+01 1.20000000E-01
2.38931427E+01 2.16950578E-02 1.00000000E+01 1.20000000E-01
2.59147117E+01 2.26862135E-02 1.00000000E+01 1.20000000E-01
2.81073231E+01 2.35951614E-02 1.00000000E+01 1.20000000E-01
3.04854486E+01 2.46983762E-02 1.00000000E+01 1.20000000E-01
3.30647844E+01 2.56404826E-02 1.00000000E+01 1.20000000E-01
3.58623546E+01 2.68662142E-02 1.00000000E+01 1.20000000E-01
3.88966236E+01 2.79261904E-02 1.00000000E+01 1.20000000E-01
4.21876184E+01 2.92051663E-02 1.00000000E+01 1.20000000E-01
4.57570602E+01 3.04049100E-02 1.00000000E+01 1.20000000E-01
4.96285080E+01 3.17232535E-02 1.00000000E+01 1.20000000E-01
5.38275141E+01 3.30867576E-02 1.00000000E+01 1.20000000E-01
5.83817930E+01 3.44494811E-02 1.00000000E+01 1.20000000E-01
6.33214036E+01 3.59964813E-02 1.00000000E+01 1.20000000E-01
6.86789486E+01 3.73814822E-02 1.00000000E+01 1.20000000E-01
7.44897888E+01 3.91384911E-02 1.00000000E+01 1.20000000E-01
8.07922769E+01 4.06368633E-02 1.00000000E+01 1.20000000E-01
8.76280106E+01 4.25327804E-02 1.00000000E+01 1.20000000E-01
9.50421073E+01 4.42540025E-02 1.00000000E+01 1.20000000E-01
1.03083501E+02 4.62245634E-02 1.00000000E+01 1.20000000E-01
1.11805268E+02 4.81580200E-02 1.00000000E+01 1.20000000E-01
1.21264972E+02 5.01880611E-02 1.00000000E+01 1.20000000E-01
1.31525050E+02 5.23937359E-02 1.00000000E+01 1.20000000E-01
1.42653221E+02 5.44763865E-02 1.00000000E+01 1.20000000E-01
1.54722932E+02 5.69754528E-02 1.00000000E+01 1.20000000E-01
1.67813846E+02 5.91181566E-02 1.00000000E+01 1.20000000E-01
1.82012366E+02 6.19374581E-02 1.00000000E+01 1.20000000E-01
1.97412205E+02 6.43875013E-02 1.00000000E+01 1.20000000E-01
2.14115006E+02 6.73171330E-02 1.00000000E+01 1.20000000E-01
2.32231009E+02 7.00690576E-02 1.00000000E+01 1.20000000E-01
2.51879785E+02 7.30877720E-02 1.00000000E+01 1.20000000E-01
2.73191019E+02 7.62160154E-02 1.00000000E+01 1.20000000E-01
2.96305371E+02 7.92812031E-02 1.00000000E+01 1.20000000E-01
3.21375399E+02 8.28344202E-02 1.00000000E+01 1.20000000E-01
3.48566570E+02 8.59336450E-02 1.00000000E+01 1.20000000E-01
3.78058353E+02 8.99579337E-02 1.00000000E+01 1.20000000E-01
4.10045398E+02 9.34100244E-02 1.00000000E+01 1.20000000E-01
4.44738828E+02 9.76238696E-02 1.00000000E+01 1.20000000E-01
4.82367626E+02 1.01545184E-01 1.00000000E+01 1.20000000E-01
5.23180149E+02 1.05845320E-01 1.00000000E+01 1.20000000E-01
5.67445768E+02 1.10337205E-01 1.00000000E+01 1.20000000E-01
6.15456647E+02 1.14672992E-01 1.00000000E+01 1.20000000E-01
6.67529666E+02 1.19810738E-01 1.00000000E+01 1.20000000E-01
7.24008518E+02 1.24203439E-01 1.00000000E+01 1.20000000E-01
7.85265976E+02 1.30037392E-01 1.00000000E+01 1.20000000E-01
8.51706350E+02 1.35083407E-01 1.00000000E+01 1.20000000E-01
9.23768162E+02 1.41077905E-01 1.00000000E+01 1.20000000E-01
1.00192703E+03 1.46856937E-01 1.00000000E+01 1.20000000E-01
1.08669883E+03 1.53022664E-01 1.00000000E+01 1.20000000E-01
1.17864306E+03 1.59614378E-01 1.00000000E+01 1.20000000E-01
1.27836658E+03 1.65894404E-01 1.00000000E+01 1.20000000E-01
1.38652758E+03 1.73456038E-01 1.00000000E+01 1.20000000E-01
1.50383995E+03 1.79912343E-01 1.00000000E+01 1.20000000E-01
1.63107798E+03 1.88420761E-01 1.00000000E+01 1.20000000E-01
1.76908145E+03 1.95879353E-01 1.00000000E+01 1.20000000E-01
1.91876122E+03 2.04718880E-01 1.00000000E+01 1.20000000E-01
2.08110522E+03 2.13122002E-01 1.00000000E+01 1.20000000E-01
2.25718493E+03 2.22248299E-01 1.00000000E+01 1.20000000E-01
2.44816253E+03 2.31846484E-01 1.00000000E+01 1.20000000E-01
2.65529851E+03 2.41177094E-01 1.00000000E+01 1.20000000E-01
2.87996001E+03 2.52110843E-01 1.00000000E+01 1.20000000E-01
3.12362983E+03 2.61649686E-01 1.00000000E+01 1.20000000E-01
3.38791625E+03 2.74203966E-01 1.00000000E+01 1.20000000E-01
3.67456362E+03 2.84783473E-01 1.00000000E+01 1.20000000E-01
3.98546386E+03 2.97966848E-01 1.00000000E+01 1.20000000E-01
4.32266899E+03 3.10038930E-01 1.00000000E+01 1.20000000E-01
4.68840462E+03 3.23693289E-01 1.00000000E+01 1.20000000E-01
5.08508469E+03 3.37385682E-01 1.00000000E+01 1.20000000E-01
5.51532736E+03 3.51458813E-01 1.00000000E+01 1.20000000E-01
5.98197233E+03 3.67061584E-01 1.00000000E+01 1.20000000E-01
6.48809954E+03 3.81405609E-01 1.00000000E+01 1.20000000E-01
7.03704955E+03 3.99144647E-01 1.00000000E+01 1.20000000E-01
7.63244553E+03 4.14286457E-01 1.00000000E+01 1.20000000E-01
8.27821723E+03 4.33913690E-01 1.00000000E+01 1.20000000E-01
8.97862686E+03 4.51071989E-01 1.00000000E+01 1.20000000E-01
9.73829728E+03 4.71437688E-01 1.00000000E+01 1.20000000E-01
1.05622425E+04 4.90993330E-01 1.00000000E+01 1.20000000E-01
