1.25277920E-02 1.02889252E+00 1.00000000E+01 1.20000000E-01
1.35877528E-02 9.35475849E-01 1.00000000E+01 1.20000000E-01
1.47373957E-02 8.63282052E-01 1.00000000E+01 1.20000000E-01
1.59843083E-02 8.06119399E-01 1.00000000E+01 1.20000000E-01
1.73367207E-02 7.60097843E-01 1.00000000E+01 1.20000000E-01
1.88035590E-02 7.16204554E-01 1.00000000E+01 1.20000000E-01
2.03945047E-02 6.80418523E-01 1.00000000E+01 1.20000000E-01
2.21200583E-02 6.46615398E-01 1.00000000E+01 1.20000000E-01
2.39916088E-02 6.15967981E-01 1.00000000E+01 1.20000000E-01
2.60215089E-02 5.88076138E-01 1.00000000E+01 1.20000000E-01
2.82231563E-02 5.61294354E-01 1.00000000E+01 1.20000000E-01
3.06110824E-02 5.36598884E-01 1.00000000E+01 1.20000000E-01
3.32010479E-02 5.12843191E-01 1.00000000E+01 1.20000000E-01
3.60101471E-02 4.89926873E-01 1.00000000E+01 1.20000000E-01
3.90569208E-02 4.67764885E-01 1.00000000E+01 1.20000000E-01
4.23614781E-02 4.45864479E-01 1.00000000E+01 1.20000000E-01
4.59456299E-02 4.23974747E-01 1.00000000E+01 1.20000000E-01
4.98330323E-02 4.02787494E-01 1.00000000E+01 1.20000000E-01
5.40493430E-02 3.79423759E-01 1.00000000E+01 1.20000000E-01
5.86223905E-02 3.58831456E-01 1.00000000E+01 1.20000000E-01
6.35823579E-02 3.36108203E-01 1.00000000E+01 1.20000000E-01
6.89619818E-02 3.12267691E-01 1.00000000E+01 1.20000000E-01
7.47967691E-02 2.88942383E-01 1.00000000E+01 1.20000000E-01
8.11252304E-02 2.65554198E-01 1.00000000E+01 1.20000000E-01
8.79891350E-02 2.41607316E-01 1.00000000E+01 1.20000000E-01
9.54337859E-02 2.16743244E-01 1.00000000E+01 1.20000000E-01
1.03508319E-01 1.85827815E-01 1.00000000E+01 1.20000000E-01
1.12266029E-01 5.44670594E-03 1.00000000E+01 1.20000000E-01
1.12266029E-01 1.54230889E-01 1.00000000E+01 1.20000000E-01
1.21764718E-01 5.74178478E-03 1.00000000E+01 1.20000000E-01
1.21764718E-01 1.32900403E-01 1.00000000E+01 1.20000000E-01
1.32067079E-01 6.03725293E-03 1.00000000E+01 1.20000000E-01
1.32067079E-01 1.14827481E-01 1.00000000E+01 1.20000000E-01
1.43241110E-01 6.37273633E-03 1.00000000E+01 1.20000000E-01
1.43241110E-01 9.93720025E-02 1.00000000E+01 1.20000000E-01
1.55360561E-01 6.68918857E-03 1.00000000E+01 1.20000000E-01
1.55360561E-01 8.52515672E-02 1.00000000E+01 1.20000000E-01
1.68505425E-01 7.05346869E-03 1.00000000E+01 1.20000000E-01
1.68505425E-01 7.29778666E-02 1.00000000E+01 1.20000000E-01
1.82762458E-01 7.44267435E-03 1.00000000E+01 1.20000000E-01
1.82762458E-01 6.18369402E-02 1.00000000E+01 1.20000000E-01
1.98225762E-01 7.93100361E-03 1.00000000E+01 1.20000000E-01
1.98225762E-01 5.16385055E-02 1.00000000E+01 1.20000000E-01
2.14997396E-01 8.63552337E-03 1.00000000E+01 1.20000000E-01
2.14997396E-01 4.21787341E-02 1.00000000E+01 1.20000000E-01
2.33188058E-01 9.94980358E-03 1.00000000E+01 1.20000000E-01
2.33188058E-01 3.30814915E-02 1.00000000E+01 1.20000000E-01
2.52917808E-01 1.40691661E-02 1.00000000E+01 1.20000000E-01
2.52917808E-01 2.27539517E-02 1.00000000E+01 1.20000000E-01
5.69784273E-01 1.37947262E-05 1.00000000E+01 1.20000000E-01
6.17993009E-01 1.75111156E-04 1.00000000E+01 1.20000000E-01
6.70280627E-01 4.53046600E-04 1.00000000E+01 1.20000000E-01
7.26992234E-01 7.40603688E-04 1.00000000E+01 1.20000000E-01
7.88502140E-01 9.16940807E-04 1.00000000E+01 1.20000000E-01
8.55216323E-01 9.73697356E-04 1.00000000E+01 1.20000000E-01
9.27575109E-01 9.50607386E-04 1.00000000E+01 1.20000000E-01
1.00605608E+00 8.54776485E-04 1.00000000E+01 1.20000000E-01
1.09117723E+00 6.52076622E-04 1.00000000E+01 1.20000000E-01
1.18350038E+00 4.39834389E-04 1.00000000E+01 1.20000000E-01
1.28363487E+00 3.25494026E-04 1.00000000E+01 1.20000000E-01
1.39224161E+00 2.37921207E-04 1.00000000E+01 1.20000000E-01
1.51003744E+00 1.58239071E-04 1.00000000E+01 1.20000000E-01
1.63779982E+00 1.06518540E-04 1.00000000E+01 1.20000000E-01
1.77637202E+00 7.05953242E-05 1.00000000E+01 1.20000000E-01
1.92666864E+00 4.63672644E-05 1.00000000E+01 1.20000000E-01
2.08968167E+00 3.06041102E-05 1.00000000E+01 1.20000000E-01
2.26648703E+00 2.03992478E-05 1.00000000E+01 1.20000000E-01
2.45825167E+00 1.36076536E-05 1.00000000E+01 1.20000000E-01
2.66624128E+00 9.09894408E-06 1.00000000E+01 1.20000000E-01
2.89182863E+00 6.19014663E-06 1.00000000E+01 1.20000000E-01
3.13650264E+00 4.27178527E-06 1.00000000E+01 1.20000000E-01
3.40187821E+00 2.98185010E-06 1.00000000E+01 1.20000000E-01
3.68970689E+00 2.11566500E-06 1.00000000E+01 1.20000000E-01
4.00188838E+00 1.51427851E-06 1.00000000E+01 1.20000000E-01
4.34048317E+00 1.09250438E-06 1.00000000E+01 1.20000000E-01
4.70772603E+00 7.83448269E-07 1.00000000E+01 1.20000000E-01
5.10604086E+00 5.50011211E-04 1.00000000E+01 1.20000000E-01
5.53805661E+00 8.63469982E-04 1.00000000E+01 1.20000000E-01
6.00662467E+00 1.06164911E-03 1.00000000E+01 1.20000000E-01
6.51483769E+00 1.22085546E-03 1.00000000E+01 1.20000000E-01
7.06604998E+00 1.36147319E-03 1.00000000E+01 1.20000000E-01
7.66389965E+00 1.47974448E-03 1.00000000E+01 1.20000000E-01
8.31233264E+00 1.56494446E-03 1.00000000E+01 1.20000000E-01
9.01562874E+00 1.57426607E-03 1.00000000E+01 1.20000000E-01
9.77842984E+00 1.41600024E-03 1.00000000E+01 1.20000000E-01
1.06057706E+01 1.48806954E-03 1.00000000E+01 1.20000000E-01
1.15031116E+01 1.59575624E-03 1.00000000E+01 1.20000000E-01
1.24763755E+01 1.69193694E-03 1.00000000E+01 1.20000000E-01
1.35319861E+01 1.77381960E-03 1.00000000E+01 1.20000000E-01
1.46769106E+01 1.85694356E-03 1.00000000E+01 1.20000000E-01
1.59187057E+01 1.93335927E-03 1.00000000E+01 1.20000000E-01
1.72655675E+01 2.01887917E-03 1.00000000E+01 1.20000000E-01
1.87263856E+01 2.09282811E-03 1.00000000E+01 1.20000000E-01
2.03108017E+01 2.18460464E-03 1.00000000E+01 1.20000000E-01
2.20292733E+01 2.26655529E-03 1.00000000E+01 1.20000000E-01
2.38931427E+01 2.35579325E-03 1.00000000E+01 1.20000000E-01
2.59147117E+01 2.44770206E-03 1.00000000E+01 1.20000000E-01
2.81073231E+01 2.53162591E-03 1.00000000E+01 1.20000000E-01
3.04854486E+01 2.63664870E-03 1.00000000E+01 1.20000000E-01
3.30647844E+01 2.72969839E-03 1.00000000E+01 1.20000000E-01
3.58623546E+01 2.83274508E-03 1.00000000E+01 1.20000000E-01
3.88966236E+01 2.93999265E-03 1.00000000E+01 1.20000000E-01
4.21876184E+01 3.03567912E-03 1.00000000E+01 1.20000000E-01
4.57570602E+01 3.15903808E-03 1.00000000E+01 1.20000000E-01
4.96285080E+01 3.27043555E-03 1.00000000E+01 1.20000000E-01
5.38275141E+01 3.38581131E-03 1.00000000E+01 1.20000000E-01
5.83817930E+01 3.51556689E-03 1.00000000E+01 1.20000000E-01
6.33214036E+01 3.63069349E-03 1.00000000E+01 1.20000000E-01
6.86789486E+01 3.76942203E-03 1.00000000E+01 1.20000000E-01
7.44897888E+01 3.90432976E-03 1.00000000E+01 1.20000000E-01
8.07922769E+01 4.02952857E-03 1.00000000E+01 1.20000000E-01
8.76280106E+01 4.18756647E-03 1.00000000E+01 1.20000000E-01
9.50421073E+01 4.32834437E-03 1.00000000E+01 1.20000000E-01
1.03083501E+02 4.47749275E-03 1.00000000E+01 1.20000000E-01
1.11805268E+02 4.64295990E-03 1.00000000E+01 1.20000000E-01
1.21264972E+02 4.79006659E-03 1.00000000E+01 1.20000000E-01
1.31525050E+02 4.96542849E-03 1.00000000E+01 1.20000000E-01
1.42653221E+02 5.13877669E-03 1.00000000E+01 1.20000000E-01
1.54722932E+02 5.29443174E-03 1.00000000E+01 1.20000000E-01
1.67813846E+02 5.49612168E-03 1.00000000E+01 1.20000000E-01
1.82012366E+02 5.68043934E-03 1.00000000E+01 1.20000000E-01
1.97412205E+02 5.85824390E-03 1.00000000E+01 1.20000000E-01
2.14115006E+02 6.07741953E-03 1.00000000E+01 1.20000000E-01
2.32231009E+02 6.27296824E-03 1.00000000E+01 1.20000000E-01
2.51879785E+02 6.48122990E-03 1.00000000E+01 1.20000000E-01
2.73191019E+02 6.71479819E-03 1.00000000E+01 1.20000000E-01
2.96305371E+02 6.92508159E-03 1.00000000E+01 1.20000000E-01
3.21375399E+02 7.16650243E-03 1.00000000E+01 1.20000000E-01
3.48566570E+02 7.41763457E-03 1.00000000E+01 1.20000000E-01
3.78058353E+02 7.64286735E-03 1.00000000E+01 1.20000000E-01
4.10045398E+02 7.92412495E-03 1.00000000E+01 1.20000000E-01
4.44738828E+02 8.19365805E-03 1.00000000E+01 1.20000000E-01
4.82367626E+02 8.43690289E-03 1.00000000E+01 1.20000000E-01
5.23180149E+02 8.76078883E-03 1.00000000E+01 1.20000000E-01
5.67445768E+02 9.05068842E-03 1.00000000E+01 1.20000000E-01
6.15456647E+02 9.33972505E-03 1.00000000E+01 1.20000000E-01
6.67529666E+02 9.68637910E-03 1.00000000E+01 1.20000000E-01
7.24008518E+02 9.99730918E-03 1.00000000E+01 1.20000000E-01
7.85265976E+02 1.03383039E-02 1.00000000E+01 1.20000000E-01
8.51706350E+02 1.07117668E-02 1.00000000E+01 1.20000000E-01
9.23768162E+02 1.10453396E-02 1.00000000E+01 1.20000000E-01
1.00192703E+03 1.14443968E-02 1.00000000E+01 1.20000000E-01
1.08669883E+03 1.18422698E-02 1.00000000E+01 1.20000000E-01
1.17864306E+03 1.21977265E-02 1.00000000E+01 1.20000000E-01
1.27836658E+03 1.26638671E-02 1.00000000E+01 1.20000000E-01
1.38652758E+03 1.30895004E-02 1.00000000E+01 1.20000000E-01
1.50383995E+03 1.34978930E-02 1.00000000E+01 1.20000000E-01
1.63107798E+03 1.40080808E-02 1.00000000E+01 1.20000000E-01
1.76908145E+03 1.44628496E-02 1.00000000E+01 1.20000000E-01
1.91876122E+03 1.49480355E-02 1.00000000E+01 1.20000000E-01
2.08110522E+03 1.54918261E-02 1.00000000E+01 1.20000000E-01
2.25718493E+03 1.59777316E-02 1.00000000E+01 1.20000000E-01
2.44816253E+03 1.65474392E-02 1.00000000E+01 1.20000000E-01
2.65529851E+03 1.71292401E-02 1.00000000E+01 1.20000000E-01
2.87996001E+03 1.76453547E-02 1.00000000E+01 1.20000000E-01
3.12362983E+03 1.83096578E-02 1.00000000E+01 1.20000000E-01
3.38791625E+03 1.89310739E-02 1.00000000E+01 1.20000000E-01
3.67456362E+03 1.95107879E-02 1.00000000E+01 1.20000000E-01
3.98546386E+03 2.02550403E-02 1.00000000E+01 1.20000000E-01
4.32266899E+03 2.09168101E-02 1.00000000E+01 1.20000000E-01
4.68840462E+03 2.16060731E-02 1.00000000E+01 1.20000000E-01
5.08508469E+03 2.24007402E-02 1.00000000E+01 1.20000000E-01
5.51532736E+03 2.31081765E-02 1.00000000E+01 1.20000000E-01
5.98197233E+03 2.39155080E-02 1.00000000E+01 1.20000000E-01
6.48809954E+03 2.47662484E-02 1.00000000E+01 1.20000000E-01
7.03704955E+03 2.55201571E-02 1.00000000E+01 1.20000000E-01
7.63244553E+03 2.64646380E-02 1.00000000E+01 1.20000000E-01
8.27821723E+03 2.73738408E-02 1.00000000E+01 1.20000000E-01
8.97862686E+03 2.81911554E-02 1.00000000E+01 1.20000000E-01
9.73829728E+03 2.92790834E-02 1.00000000E+01 1.20000000E-01
1.05622425E+04 3.02508336E-02 1.00000000E+01 1.20000000E-01
