9.85213366E-04 2.91063982E-01 1.00000000E+00 1.20000000E-01
1.01635965E-03 2.85856106E-01 1.00000000E+00 1.20000000E-01
1.04849059E-03 2.81989233E-01 1.00000000E+00 1.20000000E-01
1.08163731E-03 2.77870455E-01 1.00000000E+00 1.20000000E-01
1.11583192E-03 2.73499893E-01 1.00000000E+00 1.20000000E-01
1.15110755E-03 2.68822201E-01 1.00000000E+00 1.20000000E-01
1.18749838E-03 2.63839122E-01 1.00000000E+00 1.20000000E-01
1.22503966E-03 2.59413737E-01 1.00000000E+00 1.20000000E-01
1.26376775E-03 2.55723721E-01 1.00000000E+00 1.20000000E-01
1.30372019E-03 2.51765481E-01 1.00000000E+00 1.20000000E-01
1.34493567E-03 2.47551362E-01 1.00000000E+00 1.20000000E-01
1.38745413E-03 2.43066238E-01 1.00000000E+00 1.20000000E-01
1.43131676E-03 2.38292930E-01 1.00000000E+00 1.20000000E-01
1.47656605E-03 2.34838692E-01 1.00000000E+00 1.20000000E-01
1.52324584E-03 2.31297135E-01 1.00000000E+00 1.20000000E-01
1.57140135E-03 2.27527363E-01 1.00000000E+00 1.20000000E-01
1.62107924E-03 2.23530586E-01 1.00000000E+00 1.20000000E-01
1.67232763E-03 2.19271335E-01 1.00000000E+00 1.20000000E-01
1.72519617E-03 2.15477638E-01 1.00000000E+00 1.20000000E-01
1.77973609E-03 2.12320625E-01 1.00000000E+00 1.20000000E-01
1.83600022E-03 2.08972955E-01 1.00000000E+00 1.20000000E-01
1.89404307E-03 2.05423895E-01 1.00000000E+00 1.20000000E-01
1.95392088E-03 2.01661477E-01 1.00000000E+00 1.20000000E-01
2.01569164E-03 1.97709907E-01 1.00000000E+00 1.20000000E-01
2.07941521E-03 1.94921158E-01 1.00000000E+00 1.20000000E-01
2.14515332E-03 1.91987005E-01 1.00000000E+00 1.20000000E-01
2.21296966E-03 1.88882936E-01 1.00000000E+00 1.20000000E-01
2.28292993E-03 1.85599104E-01 1.00000000E+00 1.20000000E-01
2.35510190E-03 1.82125991E-01 1.00000000E+00 1.20000000E-01
2.42955550E-03 1.79036857E-01 1.00000000E+00 1.20000000E-01
2.50636286E-03 1.76509699E-01 1.00000000E+00 1.20000000E-01
2.58559839E-03 1.73820113E-01 1.00000000E+00 1.20000000E-01
2.66733885E-03 1.70979243E-01 1.00000000E+00 1.20000000E-01
2.75166343E-03 1.67978413E-01 1.00000000E+00 1.20000000E-01
2.83865383E-03 1.64807753E-01 1.00000000E+00 1.20000000E-01
2.92839432E-03 1.62418837E-01 1.00000000E+00 1.20000000E-01
3.02097184E-03 1.60105329E-01 1.00000000E+00 1.20000000E-01
3.11647609E-03 1.57663752E-01 1.00000000E+00 1.20000000E-01
3.21499958E-03 1.55086366E-01 1.00000000E+00 1.20000000E-01
3.31663777E-03 1.52387574E-01 1.00000000E+00 1.20000000E-01
3.42148913E-03 1.49561752E-01 1.00000000E+00 1.20000000E-01
3.52965523E-03 1.47580757E-01 1.00000000E+00 1.20000000E-01
3.64124086E-03 1.45499218E-01 1.00000000E+00 1.20000000E-01
3.75635414E-03 1.43299743E-01 1.00000000E+00 1.20000000E-01
3.87510658E-03 1.40985025E-01 1.00000000E+00 1.20000000E-01
3.99761322E-03 1.38534733E-01 1.00000000E+00 1.20000000E-01
4.12399276E-03 1.36112830E-01 1.00000000E+00 1.20000000E-01
4.25436764E-03 1.34331594E-01 1.00000000E+00 1.20000000E-01
4.38886415E-03 1.32453878E-01 1.00000000E+00 1.20000000E-01
4.52761260E-03 1.30483861E-01 1.00000000E+00 1.20000000E-01
4.67074741E-03 1.28398975E-01 1.00000000E+00 1.20000000E-01
4.81840725E-03 1.26201988E-01 1.00000000E+00 1.20000000E-01
4.97073516E-03 1.24023508E-01 1.00000000E+00 1.20000000E-01
5.12787874E-03 1.22438823E-01 1.00000000E+00 1.20000000E-01
5.28999021E-03 1.20759718E-01 1.00000000E+00 1.20000000E-01
5.45722664E-03 1.18986160E-01 1.00000000E+00 1.20000000E-01
5.62975003E-03 1.17120343E-01 1.00000000E+00 1.20000000E-01
5.80772754E-03 1.15145075E-01 1.00000000E+00 1.20000000E-01
5.99133158E-03 1.13149355E-01 1.00000000E+00 1.20000000E-01
6.18074003E-03 1.11716963E-01 1.00000000E+00 1.20000000E-01
6.37613640E-03 1.10211781E-01 1.00000000E+00 1.20000000E-01
6.57770997E-03 1.08634917E-01 1.00000000E+00 1.20000000E-01
6.78565605E-03 1.06962512E-01 1.00000000E+00 1.20000000E-01
7.00017608E-03 1.05205755E-01 1.00000000E+00 1.20000000E-01
7.22147789E-03 1.03341129E-01 1.00000000E+00 1.20000000E-01
7.44977588E-03 1.02025242E-01 1.00000000E+00 1.20000000E-01
7.68529123E-03 1.00682110E-01 1.00000000E+00 1.20000000E-01
7.92825209E-03 9.92673128E-02 1.00000000E+00 1.20000000E-01
8.17889387E-03 9.77718480E-02 1.00000000E+00 1.20000000E-01
8.43745937E-03 9.61872079E-02 1.00000000E+00 1.20000000E-01
8.70419909E-03 9.45158464E-02 1.00000000E+00 1.20000000E-01
8.97937146E-03 9.32290709E-02 1.00000000E+00 1.20000000E-01
9.26324306E-03 9.20304995E-02 1.00000000E+00 1.20000000E-01
9.55608890E-03 9.07539835E-02 1.00000000E+00 1.20000000E-01
9.85819270E-03 8.94116911E-02 1.00000000E+00 1.20000000E-01
1.01698471E-02 8.80009671E-02 1.00000000E+00 1.20000000E-01
1.04913541E-02 8.65134608E-02 1.00000000E+00 1.20000000E-01
1.08230252E-02 8.52201780E-02 1.00000000E+00 1.20000000E-01
1.11651816E-02 8.41449712E-02 1.00000000E+00 1.20000000E-01
1.15181548E-02 8.30005455E-02 1.00000000E+00 1.20000000E-01
1.18822869E-02 8.18080664E-02 1.00000000E+00 1.20000000E-01
1.22579305E-02 8.05415581E-02 1.00000000E+00 1.20000000E-01
1.26454497E-02 7.91978197E-02 1.00000000E+00 1.20000000E-01
1.30452197E-02 7.79115763E-02 1.00000000E+00 1.20000000E-01
1.34576280E-02 7.69543750E-02 1.00000000E+00 1.20000000E-01
1.38830741E-02 7.59301773E-02 1.00000000E+00 1.20000000E-01
1.43219701E-02 7.48472432E-02 1.00000000E+00 1.20000000E-01
1.47747413E-02 7.37150993E-02 1.00000000E+00 1.20000000E-01
1.52418263E-02 7.25234674E-02 1.00000000E+00 1.20000000E-01
1.57236775E-02 7.12720343E-02 1.00000000E+00 1.20000000E-01
1.62207619E-02 7.03894196E-02 1.00000000E+00 1.20000000E-01
1.67335610E-02 6.94672607E-02 1.00000000E+00 1.20000000E-01
1.72625717E-02 6.85126829E-02 1.00000000E+00 1.20000000E-01
1.78083063E-02 6.74907168E-02 1.00000000E+00 1.20000000E-01
1.83712936E-02 6.64153277E-02 1.00000000E+00 1.20000000E-01
1.89520791E-02 6.52727713E-02 1.00000000E+00 1.20000000E-01
1.95512253E-02 6.43736326E-02 1.00000000E+00 1.20000000E-01
2.01693129E-02 6.35460310E-02 1.00000000E+00 1.20000000E-01
2.08069405E-02 6.26763455E-02 1.00000000E+00 1.20000000E-01
2.14647259E-02 6.17685393E-02 1.00000000E+00 1.20000000E-01
2.21433063E-02 6.07938552E-02 1.00000000E+00 1.20000000E-01
2.28433393E-02 5.97635040E-02 1.00000000E+00 1.20000000E-01
2.35655029E-02 5.88546381E-02 1.00000000E+00 1.20000000E-01
2.43104968E-02 5.81062251E-02 1.00000000E+00 1.20000000E-01
2.50790427E-02 5.73184274E-02 1.00000000E+00 1.20000000E-01
2.58718853E-02 5.64833459E-02 1.00000000E+00 1.20000000E-01
2.66897926E-02 5.55948850E-02 1.00000000E+00 1.20000000E-01
2.75335570E-02 5.46534913E-02 1.00000000E+00 1.20000000E-01
2.84039959E-02 5.37550565E-02 1.00000000E+00 1.20000000E-01
2.93019527E-02 5.30642332E-02 1.00000000E+00 1.20000000E-01
3.02282973E-02 5.23334078E-02 1.00000000E+00 1.20000000E-01
3.11839271E-02 5.15540304E-02 1.00000000E+00 1.20000000E-01
3.21697680E-02 5.07198082E-02 1.00000000E+00 1.20000000E-01
3.31867750E-02 4.98400274E-02 1.00000000E+00 1.20000000E-01
3.42359333E-02 4.89763628E-02 1.00000000E+00 1.20000000E-01
3.53182596E-02 4.83113776E-02 1.00000000E+00 1.20000000E-01
3.64348022E-02 4.75969599E-02 1.00000000E+00 1.20000000E-01
3.75866429E-02 4.68284371E-02 1.00000000E+00 1.20000000E-01
3.87748976E-02 4.60003343E-02 1.00000000E+00 1.20000000E-01
4.00007174E-02 4.51171406E-02 1.00000000E+00 1.20000000E-01
4.12652901E-02 4.43710725E-02 1.00000000E+00 1.20000000E-01
4.25698406E-02 4.36830809E-02 1.00000000E+00 1.20000000E-01
4.39156329E-02 4.29283281E-02 1.00000000E+00 1.20000000E-01
4.53039707E-02 4.21044907E-02 1.00000000E+00 1.20000000E-01
4.67361991E-02 4.12142312E-02 1.00000000E+00 1.20000000E-01
4.82137055E-02 4.04333512E-02 1.00000000E+00 1.20000000E-01
4.97379215E-02 3.97250993E-02 1.00000000E+00 1.20000000E-01
5.13103237E-02 3.89453500E-02 1.00000000E+00 1.20000000E-01
5.29324354E-02 3.80826815E-02 1.00000000E+00 1.20000000E-01
5.46058282E-02 3.71507203E-02 1.00000000E+00 1.20000000E-01
5.63321231E-02 3.64515299E-02 1.00000000E+00 1.20000000E-01
5.81129927E-02 3.56604657E-02 1.00000000E+00 1.20000000E-01
5.99501623E-02 3.47755271E-02 1.00000000E+00 1.20000000E-01
6.18454117E-02 3.38243705E-02 1.00000000E+00 1.20000000E-01
6.38005771E-02 3.30807723E-02 1.00000000E+00 1.20000000E-01
6.58175525E-02 3.22325437E-02 1.00000000E+00 1.20000000E-01
6.78982921E-02 3.12734399E-02 1.00000000E+00 1.20000000E-01
7.00448117E-02 3.04186890E-02 1.00000000E+00 1.20000000E-01
7.22591908E-02 2.95786949E-02 1.00000000E+00 1.20000000E-01
7.45435747E-02 2.86201166E-02 1.00000000E+00 1.20000000E-01
7.69001766E-02 2.77263715E-02 1.00000000E+00 1.20000000E-01
7.93312795E-02 2.68624504E-02 1.00000000E+00 1.20000000E-01
8.18392387E-02 2.58717216E-02 1.00000000E+00 1.20000000E-01
8.44264838E-02 2.50200951E-02 1.00000000E+00 1.20000000E-01
8.70955215E-02 2.41094754E-02 1.00000000E+00 1.20000000E-01
8.98489375E-02 2.31518601E-02 1.00000000E+00 1.20000000E-01
9.26893993E-02 2.22771602E-02 1.00000000E+00 1.20000000E-01
9.56196587E-02 2.12456757E-02 1.00000000E+00 1.20000000E-01
9.86425546E-02 2.02791914E-02 1.00000000E+00 1.20000000E-01
1.01761016E-01 1.90385471E-02 1.00000000E+00 1.20000000E-01
1.04978063E-01 1.75062940E-02 1.00000000E+00 1.20000000E-01
1.08296813E-01 1.62597766E-02 1.00000000E+00 1.20000000E-01
1.11720481E-01 1.53489754E-02 1.00000000E+00 1.20000000E-01
1.15252385E-01 1.44865197E-02 1.00000000E+00 1.20000000E-01
1.18895945E-01 1.37350029E-02 1.00000000E+00 1.20000000E-01
1.22654691E-01 1.30494053E-02 1.00000000E+00 1.20000000E-01
1.26532266E-01 1.23946122E-02 1.00000000E+00 1.20000000E-01
1.30532425E-01 1.18305673E-02 1.00000000E+00 1.20000000E-01
1.34659044E-01 1.12663661E-02 1.00000000E+00 1.20000000E-01
1.38916122E-01 1.07931669E-02 1.00000000E+00 1.20000000E-01
1.43307781E-01 1.03159988E-02 1.00000000E+00 1.20000000E-01
1.47838277E-01 9.90498212E-03 1.00000000E+00 1.20000000E-01
1.52512000E-01 9.51471316E-03 1.00000000E+00 1.20000000E-01
1.57333476E-01 9.14191694E-03 1.00000000E+00 1.20000000E-01
1.62307377E-01 8.82610979E-03 1.00000000E+00 1.20000000E-01
1.67438521E-01 8.48315988E-03 1.00000000E+00 1.20000000E-01
1.72731881E-01 8.21351769E-03 1.00000000E+00 1.20000000E-01
1.78192583E-01 7.93800313E-03 1.00000000E+00 1.20000000E-01
1.83825919E-01 7.65259205E-03 1.00000000E+00 1.20000000E-01
1.89637345E-01 7.42932782E-03 1.00000000E+00 1.20000000E-01
1.95632493E-01 7.18548940E-03 1.00000000E+00 1.20000000E-01
2.01817169E-01 6.94427018E-03 1.00000000E+00 1.20000000E-01
2.08197367E-01 6.74286258E-03 1.00000000E+00 1.20000000E-01
2.14779266E-01 6.52027807E-03 1.00000000E+00 1.20000000E-01
2.21569244E-01 6.30795139E-03 1.00000000E+00 1.20000000E-01
2.28573879E-01 6.12002361E-03 1.00000000E+00 1.20000000E-01
2.35799956E-01 5.90988876E-03 1.00000000E+00 1.20000000E-01
2.43254476E-01 5.71766015E-03 1.00000000E+00 1.20000000E-01
2.50944663E-01 5.53246800E-03 1.00000000E+00 1.20000000E-01
2.58877964E-01 5.31002189E-03 1.00000000E+00 1.20000000E-01
2.67062067E-01 5.11309728E-03 1.00000000E+00 1.20000000E-01
2.75504900E-01 4.82701996E-03 1.00000000E+00 1.20000000E-01
2.84214643E-01 4.49258067E-03 1.00000000E+00 1.20000000E-01
2.93199734E-01 3.99622129E-03 1.00000000E+00 1.20000000E-01
3.02468877E-01 3.22033055E-03 1.00000000E+00 1.20000000E-01
3.12031052E-01 2.06911544E-03 1.00000000E+00 1.20000000E-01
3.21895523E-01 1.13363550E-03 1.00000000E+00 1.20000000E-01
3.32071848E-01 6.06988979E-04 1.00000000E+00 1.20000000E-01
3.42569884E-01 3.29482430E-04 1.00000000E+00 1.20000000E-01
3.53399802E-01 1.82442758E-04 1.00000000E+00 1.20000000E-01
3.64572095E-01 1.02627136E-04 1.00000000E+00 1.20000000E-01
3.76097586E-01 5.86673074E-05 1.00000000E+00 1.20000000E-01
3.87987440E-01 3.40364669E-05 1.00000000E+00 1.20000000E-01
4.00253178E-01 2.00087348E-05 1.00000000E+00 1.20000000E-01
4.12906681E-01 1.19371820E-05 1.00000000E+00 1.20000000E-01
4.25960210E-01 7.19640303E-06 1.00000000E+00 1.20000000E-01
4.39426409E-01 4.38846469E-06 1.00000000E+00 1.20000000E-01
4.53318325E-01 2.69112533E-06 1.00000000E+00 1.20000000E-01
4.67649417E-01 1.65424938E-06 1.00000000E+00 1.20000000E-01
4.82433569E-01 1.02117468E-06 1.00000000E+00 1.20000000E-01
