9.85213366E-04 2.91057117E-01 1.00000000E+00 1.20000000E-01
1.01635965E-03 2.85855208E-01 1.00000000E+00 1.20000000E-01
1.04849059E-03 2.81980254E-01 1.00000000E+00 1.20000000E-01
1.08163731E-03 2.77869483E-01 1.00000000E+00 1.20000000E-01
1.11583192E-03 2.73499049E-01 1.00000000E+00 1.20000000E-01
1.15110755E-03 2.68820886E-01 1.00000000E+00 1.20000000E-01
1.18749838E-03 2.63838432E-01 1.00000000E+00 1.20000000E-01
1.22503966E-03 2.59413076E-01 1.00000000E+00 1.20000000E-01
1.26376775E-03 2.55700083E-01 1.00000000E+00 1.20000000E-01
1.30372019E-03 2.51764595E-01 1.00000000E+00 1.20000000E-01
1.34493567E-03 2.47550639E-01 1.00000000E+00 1.20000000E-01
1.38745413E-03 2.43065276E-01 1.00000000E+00 1.20000000E-01
1.43131676E-03 2.38292317E-01 1.00000000E+00 1.20000000E-01
1.47656605E-03 2.34838390E-01 1.00000000E+00 1.20000000E-01
1.52324584E-03 2.31296602E-01 1.00000000E+00 1.20000000E-01
1.57140135E-03 2.27526911E-01 1.00000000E+00 1.20000000E-01
1.62107924E-03 2.23521737E-01 1.00000000E+00 1.20000000E-01
1.67232763E-03 2.19270646E-01 1.00000000E+00 1.20000000E-01
1.72519617E-03 2.15477251E-01 1.00000000E+00 1.20000000E-01
1.77973609E-03 2.12320310E-01 1.00000000E+00 1.20000000E-01
1.83600022E-03 2.08972424E-01 1.00000000E+00 1.20000000E-01
1.89404307E-03 2.05422665E-01 1.00000000E+00 1.20000000E-01
1.95392088E-03 2.01661129E-01 1.00000000E+00 1.20000000E-01
2.01569164E-03 1.97675617E-01 1.00000000E+00 1.20000000E-01
2.07941521E-03 1.94920610E-01 1.00000000E+00 1.20000000E-01
2.14515332E-03 1.91986775E-01 1.00000000E+00 1.20000000E-01
2.21296966E-03 1.88882363E-01 1.00000000E+00 1.20000000E-01
2.28292993E-03 1.85598746E-01 1.00000000E+00 1.20000000E-01
2.35510190E-03 1.82125587E-01 1.00000000E+00 1.20000000E-01
2.42955550E-03 1.79036585E-01 1.00000000E+00 1.20000000E-01
2.50636286E-03 1.76493884E-01 1.00000000E+00 1.20000000E-01
2.58559839E-03 1.73820053E-01 1.00000000E+00 1.20000000E-01
2.66733885E-03 1.70979103E-01 1.00000000E+00 1.20000000E-01
2.75166343E-03 1.67978208E-01 1.00000000E+00 1.20000000E-01
2.83865383E-03 1.64808049E-01 1.00000000E+00 1.20000000E-01
2.92839432E-03 1.62402785E-01 1.00000000E+00 1.20000000E-01
3.02097184E-03 1.60105274E-01 1.00000000E+00 1.20000000E-01
3.11647609E-03 1.57663221E-01 1.00000000E+00 1.20000000E-01
3.21499958E-03 1.55086443E-01 1.00000000E+00 1.20000000E-01
3.31663777E-03 1.52387485E-01 1.00000000E+00 1.20000000E-01
3.42148913E-03 1.49561857E-01 1.00000000E+00 1.20000000E-01
3.52965523E-03 1.47580923E-01 1.00000000E+00 1.20000000E-01
3.64124086E-03 1.45499131E-01 1.00000000E+00 1.20000000E-01
3.75635414E-03 1.43299878E-01 1.00000000E+00 1.20000000E-01
3.87510658E-03 1.40984997E-01 1.00000000E+00 1.20000000E-01
3.99761322E-03 1.38534400E-01 1.00000000E+00 1.20000000E-01
4.12399276E-03 1.36098034E-01 1.00000000E+00 1.20000000E-01
4.25436764E-03 1.34331371E-01 1.00000000E+00 1.20000000E-01
4.38886415E-03 1.32453564E-01 1.00000000E+00 1.20000000E-01
4.52761260E-03 1.30483569E-01 1.00000000E+00 1.20000000E-01
4.67074741E-03 1.28398317E-01 1.00000000E+00 1.20000000E-01
4.81840725E-03 1.26201731E-01 1.00000000E+00 1.20000000E-01
4.97073516E-03 1.24023389E-01 1.00000000E+00 1.20000000E-01
5.12787874E-03 1.22438830E-01 1.00000000E+00 1.20000000E-01
5.28999021E-03 1.20753518E-01 1.00000000E+00 1.20000000E-01
5.45722664E-03 1.18986039E-01 1.00000000E+00 1.20000000E-01
5.62975003E-03 1.17115604E-01 1.00000000E+00 1.20000000E-01
5.80772754E-03 1.15144969E-01 1.00000000E+00 1.20000000E-01
5.99133158E-03 1.13149149E-01 1.00000000E+00 1.20000000E-01
6.18074003E-03 1.11716829E-01 1.00000000E+00 1.20000000E-01
6.37613640E-03 1.10224265E-01 1.00000000E+00 1.20000000E-01
6.57770997E-03 1.08634665E-01 1.00000000E+00 1.20000000E-01
6.78565605E-03 1.06962307E-01 1.00000000E+00 1.20000000E-01
7.00017608E-03 1.05205613E-01 1.00000000E+00 1.20000000E-01
7.22147789E-03 1.03340866E-01 1.00000000E+00 1.20000000E-01
7.44977588E-03 1.02025144E-01 1.00000000E+00 1.20000000E-01
7.68529123E-03 1.00673983E-01 1.00000000E+00 1.20000000E-01
7.92825209E-03 9.92667411E-02 1.00000000E+00 1.20000000E-01
8.17889387E-03 9.77716417E-02 1.00000000E+00 1.20000000E-01
8.43745937E-03 9.61871664E-02 1.00000000E+00 1.20000000E-01
8.70419909E-03 9.45157142E-02 1.00000000E+00 1.20000000E-01
8.97937146E-03 9.32388409E-02 1.00000000E+00 1.20000000E-01
9.26324306E-03 9.20303998E-02 1.00000000E+00 1.20000000E-01
9.55608890E-03 9.07538578E-02 1.00000000E+00 1.20000000E-01
9.85819270E-03 8.94064971E-02 1.00000000E+00 1.20000000E-01
1.01698471E-02 8.80008286E-02 1.00000000E+00 1.20000000E-01
1.04913541E-02 8.65133122E-02 1.00000000E+00 1.20000000E-01
1.08230252E-02 8.52200050E-02 1.00000000E+00 1.20000000E-01
1.11651816E-02 8.41445509E-02 1.00000000E+00 1.20000000E-01
1.15181548E-02 8.30004511E-02 1.00000000E+00 1.20000000E-01
1.18822869E-02 8.18078953E-02 1.00000000E+00 1.20000000E-01
1.22579305E-02 8.05414523E-02 1.00000000E+00 1.20000000E-01
1.26454497E-02 7.91977288E-02 1.00000000E+00 1.20000000E-01
1.30452197E-02 7.79200851E-02 1.00000000E+00 1.20000000E-01
1.34576280E-02 7.69471116E-02 1.00000000E+00 1.20000000E-01
1.38830741E-02 7.59262023E-02 1.00000000E+00 1.20000000E-01
1.43219701E-02 7.48470396E-02 1.00000000E+00 1.20000000E-01
1.47747413E-02 7.37148989E-02 1.00000000E+00 1.20000000E-01
1.52418263E-02 7.25102978E-02 1.00000000E+00 1.20000000E-01
1.57236775E-02 7.12474606E-02 1.00000000E+00 1.20000000E-01
1.62207619E-02 7.03891392E-02 1.00000000E+00 1.20000000E-01
1.67335610E-02 6.94670689E-02 1.00000000E+00 1.20000000E-01
1.72625717E-02 6.85123551E-02 1.00000000E+00 1.20000000E-01
1.78083063E-02 6.74903341E-02 1.00000000E+00 1.20000000E-01
1.83712936E-02 6.64150279E-02 1.00000000E+00 1.20000000E-01
1.89520791E-02 6.52724658E-02 1.00000000E+00 1.20000000E-01
1.95512253E-02 6.43739778E-02 1.00000000E+00 1.20000000E-01
2.01693129E-02 6.35519740E-02 1.00000000E+00 1.20000000E-01
2.08069405E-02 6.26808081E-02 1.00000000E+00 1.20000000E-01
2.14647259E-02 6.17626203E-02 1.00000000E+00 1.20000000E-01
2.21433063E-02 6.07935963E-02 1.00000000E+00 1.20000000E-01
2.28433393E-02 5.97632759E-02 1.00000000E+00 1.20000000E-01
2.35655029E-02 5.88465502E-02 1.00000000E+00 1.20000000E-01
2.43104968E-02 5.81030581E-02 1.00000000E+00 1.20000000E-01
2.50790427E-02 5.73225718E-02 1.00000000E+00 1.20000000E-01
2.58718853E-02 5.64842861E-02 1.00000000E+00 1.20000000E-01
2.66897926E-02 5.55981592E-02 1.00000000E+00 1.20000000E-01
2.75335570E-02 5.46630430E-02 1.00000000E+00 1.20000000E-01
2.84039959E-02 5.37548797E-02 1.00000000E+00 1.20000000E-01
2.93019527E-02 5.30643149E-02 1.00000000E+00 1.20000000E-01
3.02282973E-02 5.23297913E-02 1.00000000E+00 1.20000000E-01
3.11839271E-02 5.15606940E-02 1.00000000E+00 1.20000000E-01
3.21697680E-02 5.07317796E-02 1.00000000E+00 1.20000000E-01
3.31867750E-02 4.98422205E-02 1.00000000E+00 1.20000000E-01
3.42359333E-02 4.89786711E-02 1.00000000E+00 1.20000000E-01
3.53182596E-02 4.83131310E-02 1.00000000E+00 1.20000000E-01
3.64348022E-02 4.76076316E-02 1.00000000E+00 1.20000000E-01
3.75866429E-02 4.68440138E-02 1.00000000E+00 1.20000000E-01
3.87748976E-02 4.60185700E-02 1.00000000E+00 1.20000000E-01
4.00007174E-02 4.51279912E-02 1.00000000E+00 1.20000000E-01
4.12652901E-02 4.43805517E-02 1.00000000E+00 1.20000000E-01
4.25698406E-02 4.36917814E-02 1.00000000E+00 1.20000000E-01
4.39156329E-02 4.29450182E-02 1.00000000E+00 1.20000000E-01
4.53039707E-02 4.21319836E-02 1.00000000E+00 1.20000000E-01
4.67361991E-02 4.12432199E-02 1.00000000E+00 1.20000000E-01
4.82137055E-02 4.04624996E-02 1.00000000E+00 1.20000000E-01
4.97379215E-02 3.97595920E-02 1.00000000E+00 1.20000000E-01
5.13103237E-02 3.89878299E-02 1.00000000E+00 1.20000000E-01
5.29324354E-02 3.81392693E-02 1.00000000E+00 1.20000000E-01
5.46058282E-02 3.71986337E-02 1.00000000E+00 1.20000000E-01
5.63321231E-02 3.65095823E-02 1.00000000E+00 1.20000000E-01
5.81129927E-02 3.57387840E-02 1.00000000E+00 1.20000000E-01
5.99501623E-02 3.48861499E-02 1.00000000E+00 1.20000000E-01
6.18454117E-02 3.39356026E-02 1.00000000E+00 1.20000000E-01
6.38005771E-02 3.32122684E-02 1.00000000E+00 1.20000000E-01
6.58175525E-02 3.24138910E-02 1.00000000E+00 1.20000000E-01
6.78982921E-02 3.15145581E-02 1.00000000E+00 1.20000000E-01
7.00448117E-02 3.06406343E-02 1.00000000E+00 1.20000000E-01
7.22591908E-02 2.98790238E-02 1.00000000E+00 1.20000000E-01
7.45435747E-02 2.90230029E-02 1.00000000E+00 1.20000000E-01
7.69001766E-02 2.80945616E-02 1.00000000E+00 1.20000000E-01
7.93312795E-02 2.73714578E-02 1.00000000E+00 1.20000000E-01
8.18392387E-02 2.65589070E-02 1.00000000E+00 1.20000000E-01
8.44264838E-02 2.56594042E-02 1.00000000E+00 1.20000000E-01
8.70955215E-02 2.49770584E-02 1.00000000E+00 1.20000000E-01
8.98489375E-02 2.42144751E-02 1.00000000E+00 1.20000000E-01
9.26893993E-02 2.33702112E-02 1.00000000E+00 1.20000000E-01
9.56196587E-02 2.26931293E-02 1.00000000E+00 1.20000000E-01
9.86425546E-02 2.18387522E-02 1.00000000E+00 1.20000000E-01
1.01761016E-01 2.08214463E-02 1.00000000E+00 1.20000000E-01
1.04978063E-01 1.93831220E-02 1.00000000E+00 1.20000000E-01
1.08296813E-01 1.83459323E-02 1.00000000E+00 1.20000000E-01
1.11720481E-01 1.75183394E-02 1.00000000E+00 1.20000000E-01
1.15252385E-01 1.68924549E-02 1.00000000E+00 1.20000000E-01
1.18895945E-01 1.62440894E-02 1.00000000E+00 1.20000000E-01
1.22654691E-01 1.57538065E-02 1.00000000E+00 1.20000000E-01
1.26532266E-01 1.52718239E-02 1.00000000E+00 1.20000000E-01
1.30532425E-01 1.47582983E-02 1.00000000E+00 1.20000000E-01
1.34659044E-01 1.43770057E-02 1.00000000E+00 1.20000000E-01
1.38916122E-01 1.39869488E-02 1.00000000E+00 1.20000000E-01
1.43307781E-01 1.35661233E-02 1.00000000E+00 1.20000000E-01
1.47838277E-01 1.32134297E-02 1.00000000E+00 1.20000000E-01
1.52512000E-01 1.28889944E-02 1.00000000E+00 1.20000000E-01
1.57333476E-01 1.25378203E-02 1.00000000E+00 1.20000000E-01
1.62307377E-01 1.21793377E-02 1.00000000E+00 1.20000000E-01
1.67438521E-01 1.19049563E-02 1.00000000E+00 1.20000000E-01
1.72731881E-01 1.16054857E-02 1.00000000E+00 1.20000000E-01
1.78192583E-01 1.12776426E-02 1.00000000E+00 1.20000000E-01
1.83825919E-01 1.09929489E-02 1.00000000E+00 1.20000000E-01
1.89637345E-01 1.07320025E-02 1.00000000E+00 1.20000000E-01
1.95632493E-01 1.04442403E-02 1.00000000E+00 1.20000000E-01
2.01817169E-01 1.01333384E-02 1.00000000E+00 1.20000000E-01
2.08197367E-01 9.90024661E-03 1.00000000E+00 1.20000000E-01
2.14779266E-01 9.63871884E-03 1.00000000E+00 1.20000000E-01
2.21569244E-01 9.34726961E-03 1.00000000E+00 1.20000000E-01
2.28573879E-01 9.09744266E-03 1.00000000E+00 1.20000000E-01
2.35799956E-01 8.85234801E-03 1.00000000E+00 1.20000000E-01
2.43254476E-01 8.57429551E-03 1.00000000E+00 1.20000000E-01
2.50944663E-01 8.31658923E-03 1.00000000E+00 1.20000000E-01
2.58877964E-01 8.07612842E-03 1.00000000E+00 1.20000000E-01
2.67062067E-01 7.79779890E-03 1.00000000E+00 1.20000000E-01
2.75504900E-01 7.54362147E-03 1.00000000E+00 1.20000000E-01
2.84214643E-01 7.28484503E-03 1.00000000E+00 1.20000000E-01
2.93199734E-01 6.97353106E-03 1.00000000E+00 1.20000000E-01
3.02468877E-01 6.66456023E-03 1.00000000E+00 1.20000000E-01
3.12031052E-01 6.20100988E-03 1.00000000E+00 1.20000000E-01
3.21895523E-01 5.53020313E-03 1.00000000E+00 1.20000000E-01
3.32071848E-01 4.36076294E-03 1.00000000E+00 1.20000000E-01
3.42569884E-01 2.65366768E-03 1.00000000E+00 1.20000000E-01
3.53399802E-01 1.34150094E-03 1.00000000E+00 1.20000000E-01
3.64572095E-01 6.70286148E-04 1.00000000E+00 1.20000000E-01
3.76097586E-01 3.40192240E-04 1.00000000E+00 1.20000000E-01
3.87987440E-01 1.75709292E-04 1.00000000E+00 1.20000000E-01
4.00253178E-01 9.22995999E-05 1.00000000E+00 1.20000000E-01
4.12906681E-01 4.92627389E-05 1.00000000E+00 1.20000000E-01
4.25960210E-01 2.66125681E-05 1.00000000E+00 1.20000000E-01
4.39426409E-01 1.46088086E-05 1.00000000E+00 1.20000000E-01
4.53318325E-01 8.06002046E-06 1.00000000E+00 1.20000000E-01
4.67649417E-01 4.48018116E-06 1.00000000E+00 1.20000000E-01
4.82433569E-01 2.47067342E-06 1.00000000E+00 1.20000000E-01
