1.77637202E+00 8.47506483E-01 1.00000000E+03 1.20000000E-01
1.92666864E+00 7.41843906E-01 1.00000000E+03 1.20000000E-01
2.08968167E+00 6.75421338E-01 1.00000000E+03 1.20000000E-01
2.26648703E+00 6.25896186E-01 1.00000000E+03 1.20000000E-01
2.45825167E+00 5.84358759E-01 1.00000000E+03 1.20000000E-01
2.66624128E+00 5.46903833E-01 1.00000000E+03 1.20000000E-01
2.89182863E+00 5.17353148E-01 1.00000000E+03 1.20000000E-01
3.13650264E+00 4.88818268E-01 1.00000000E+03 1.20000000E-01
3.40187821E+00 4.62631155E-01 1.00000000E+03 1.20000000E-01
3.68970689E+00 4.39814101E-01 1.00000000E+03 1.20000000E-01
4.00188838E+00 4.16051747E-01 1.00000000E+03 1.20000000E-01
4.34048317E+00 3.97097957E-01 1.00000000E+03 1.20000000E-01
4.70772603E+00 3.76399389E-01 1.00000000E+03 1.20000000E-01
5.10604086E+00 3.59248843E-01 1.00000000E+03 1.20000000E-01
5.53805661E+00 3.41064181E-01 1.00000000E+03 1.20000000E-01
6.00662467E+00 3.25345367E-01 1.00000000E+03 1.20000000E-01
6.51483769E+00 3.09379858E-01 1.00000000E+03 1.20000000E-01
7.06604998E+00 2.95005638E-01 1.00000000E+03 1.20000000E-01
7.66389965E+00 2.80941005E-01 1.00000000E+03 1.20000000E-01
8.31233264E+00 2.67689467E-01 1.00000000E+03 1.20000000E-01
9.01562874E+00 2.55095566E-01 1.00000000E+03 1.20000000E-01
9.77842984E+00 2.42828749E-01 1.00000000E+03 1.20000000E-01
1.06057706E+01 2.31602157E-01 1.00000000E+03 1.20000000E-01
1.15031116E+01 2.20456740E-01 1.00000000E+03 1.20000000E-01
1.24763755E+01 2.10540207E-01 1.00000000E+03 1.20000000E-01
1.35319861E+01 2.00437376E-01 1.00000000E+03 1.20000000E-01
1.46769106E+01 1.91496754E-01 1.00000000E+03 1.20000000E-01
1.59187057E+01 1.82084355E-01 1.00000000E+03 1.20000000E-01
1.72655675E+01 1.74081214E-01 1.00000000E+03 1.20000000E-01
1.87263856E+01 1.65434493E-01 1.00000000E+03 1.20000000E-01
2.03108017E+01 1.58240135E-01 1.00000000E+03 1.20000000E-01
2.20292733E+01 1.50299199E-01 1.00000000E+03 1.20000000E-01
2.38931427E+01 1.43836769E-01 1.00000000E+03 1.20000000E-01
2.59147117E+01 1.36552942E-01 1.00000000E+03 1.20000000E-01
2.81073231E+01 1.30760265E-01 1.00000000E+03 1.20000000E-01
3.04854486E+01 1.24143207E-01 1.00000000E+03 1.20000000E-01
3.30647844E+01 1.18871590E-01 1.00000000E+03 1.20000000E-01
3.58623546E+01 1.12884905E-01 1.00000000E+03 1.20000000E-01
3.88966236E+01 1.08045177E-01 1.00000000E+03 1.20000000E-01
4.21876184E+01 1.02637651E-01 1.00000000E+03 1.20000000E-01
4.57570602E+01 9.81688788E-02 1.00000000E+03 1.20000000E-01
4.96285080E+01 9.32937508E-02 1.00000000E+03 1.20000000E-01
5.38275141E+01 8.91522081E-02 1.00000000E+03 1.20000000E-01
5.83817930E+01 8.47559805E-02 1.00000000E+03 1.20000000E-01
6.33214036E+01 8.09042537E-02 1.00000000E+03 1.20000000E-01
6.86789486E+01 7.69478417E-02 1.00000000E+03 1.20000000E-01
7.44897888E+01 7.33342460E-02 1.00000000E+03 1.20000000E-01
8.07922769E+01 6.97799627E-02 1.00000000E+03 1.20000000E-01
8.76280106E+01 6.63690214E-02 1.00000000E+03 1.20000000E-01
9.50421073E+01 6.31783853E-02 1.00000000E+03 1.20000000E-01
1.03083501E+02 5.99186825E-02 1.00000000E+03 1.20000000E-01
1.11805268E+02 5.70656122E-02 1.00000000E+03 1.20000000E-01
1.21264972E+02 5.39050066E-02 1.00000000E+03 1.20000000E-01
1.31525050E+02 5.13401061E-02 1.00000000E+03 1.20000000E-01
1.42653221E+02 4.85076883E-02 1.00000000E+03 1.20000000E-01
1.54722932E+02 4.59089688E-02 1.00000000E+03 1.20000000E-01
1.67813846E+02 4.33698397E-02 1.00000000E+03 1.20000000E-01
1.82012366E+02 4.06889049E-02 1.00000000E+03 1.20000000E-01
1.97412205E+02 3.83383159E-02 1.00000000E+03 1.20000000E-01
2.14115006E+02 3.59070976E-02 1.00000000E+03 1.20000000E-01
2.32231009E+02 3.34041226E-02 1.00000000E+03 1.20000000E-01
2.51879785E+02 3.08823947E-02 1.00000000E+03 1.20000000E-01
2.73191019E+02 2.84629350E-02 1.00000000E+03 1.20000000E-01
2.96305371E+02 2.59117962E-02 1.00000000E+03 1.20000000E-01
3.21375399E+02 2.30849557E-02 1.00000000E+03 1.20000000E-01
3.48566570E+02 1.87296549E-02 1.00000000E+03 1.20000000E-01
3.78058353E+02 8.83210128E-03 1.00000000E+03 1.20000000E-01
4.10045398E+02 2.18748458E-03 1.00000000E+03 1.20000000E-01
4.44738828E+02 5.60220289E-04 1.00000000E+03 1.20000000E-01
4.82367626E+02 1.48711720E-04 1.00000000E+03 1.20000000E-01
5.23180149E+02 9.36350162E-03 1.00000000E+03 1.20000000E-01
5.67445768E+02 1.38383704E-02 1.00000000E+03 1.20000000E-01
6.15456647E+02 1.70494314E-02 1.00000000E+03 1.20000000E-01
6.67529666E+02 1.96410575E-02 1.00000000E+03 1.20000000E-01
7.24008518E+02 2.20184080E-02 1.00000000E+03 1.20000000E-01
7.85265976E+02 2.41357510E-02 1.00000000E+03 1.20000000E-01
8.51706350E+02 2.60314806E-02 1.00000000E+03 1.20000000E-01
9.23768162E+02 2.70537396E-02 1.00000000E+03 1.20000000E-01
1.00192703E+03 1.96331902E-02 1.00000000E+03 1.20000000E-01
1.08669883E+03 2.27583931E-02 1.00000000E+03 1.20000000E-01
1.17864306E+03 2.45188540E-02 1.00000000E+03 1.20000000E-01
1.27836658E+03 2.58441243E-02 1.00000000E+03 1.20000000E-01
1.38652758E+03 2.72304529E-02 1.00000000E+03 1.20000000E-01
1.50383995E+03 2.83798827E-02 1.00000000E+03 1.20000000E-01
1.63107798E+03 2.97170008E-02 1.00000000E+03 1.20000000E-01
1.76908145E+03 3.08290865E-02 1.00000000E+03 1.20000000E-01
1.91876122E+03 3.22373090E-02 1.00000000E+03 1.20000000E-01
2.08110522E+03 3.34680899E-02 1.00000000E+03 1.20000000E-01
2.25718493E+03 3.48641778E-02 1.00000000E+03 1.20000000E-01
2.44816253E+03 3.62628233E-02 1.00000000E+03 1.20000000E-01
2.65529851E+03 3.76128993E-02 1.00000000E+03 1.20000000E-01
2.87996001E+03 3.92210962E-02 1.00000000E+03 1.20000000E-01
3.12362983E+03 4.06133919E-02 1.00000000E+03 1.20000000E-01
3.38791625E+03 4.23580797E-02 1.00000000E+03 1.20000000E-01
3.67456362E+03 4.39721047E-02 1.00000000E+03 1.20000000E-01
3.98546386E+03 4.56914850E-02 1.00000000E+03 1.20000000E-01
4.32266899E+03 4.75807027E-02 1.00000000E+03 1.20000000E-01
4.68840462E+03 4.92466635E-02 1.00000000E+03 1.20000000E-01
5.08508469E+03 5.14330118E-02 1.00000000E+03 1.20000000E-01
5.51532736E+03 5.33313287E-02 1.00000000E+03 1.20000000E-01
5.98197233E+03 5.55541639E-02 1.00000000E+03 1.20000000E-01
6.48809954E+03 5.77614571E-02 1.00000000E+03 1.20000000E-01
7.03704955E+03 5.99528092E-02 1.00000000E+03 1.20000000E-01
7.63244553E+03 6.25234396E-02 1.00000000E+03 1.20000000E-01
8.27821723E+03 6.47526231E-02 1.00000000E+03 1.20000000E-01
8.97862686E+03 6.76490360E-02 1.00000000E+03 1.20000000E-01
9.73829728E+03 7.02366188E-02 1.00000000E+03 1.20000000E-01
1.05622425E+04 7.31803776E-02 1.00000000E+03 1.20000000E-01
