1.25277920E-02 1.03049995E+00 1.00000000E+01 1.20000000E-01
1.35877528E-02 9.36686782E-01 1.00000000E+01 1.20000000E-01
1.47373957E-02 8.64201229E-01 1.00000000E+01 1.20000000E-01
1.59843083E-02 8.07633226E-01 1.00000000E+01 1.20000000E-01
1.73367207E-02 7.61260559E-01 1.00000000E+01 1.20000000E-01
1.88035590E-02 7.17070321E-01 1.00000000E+01 1.20000000E-01
2.03945047E-02 6.81439483E-01 1.00000000E+01 1.20000000E-01
2.21200583E-02 6.47403515E-01 1.00000000E+01 1.20000000E-01
2.39916088E-02 6.16897823E-01 1.00000000E+01 1.20000000E-01
2.60215089E-02 5.88675162E-01 1.00000000E+01 1.20000000E-01
2.82231563E-02 5.62113155E-01 1.00000000E+01 1.20000000E-01
3.06110824E-02 5.37125400E-01 1.00000000E+01 1.20000000E-01
3.32010479E-02 5.13464602E-01 1.00000000E+01 1.20000000E-01
3.60101471E-02 4.90393326E-01 1.00000000E+01 1.20000000E-01
3.90569208E-02 4.68312948E-01 1.00000000E+01 1.20000000E-01
4.23614781E-02 4.46243005E-01 1.00000000E+01 1.20000000E-01
4.59456299E-02 4.24316504E-01 1.00000000E+01 1.20000000E-01
4.98330323E-02 4.03047241E-01 1.00000000E+01 1.20000000E-01
5.40493430E-02 3.79726141E-01 1.00000000E+01 1.20000000E-01
5.86223905E-02 3.59122969E-01 1.00000000E+01 1.20000000E-01
6.35823579E-02 3.36288482E-01 1.00000000E+01 1.20000000E-01
6.89619818E-02 3.12442262E-01 1.00000000E+01 1.20000000E-01
7.47967691E-02 2.89109088E-01 1.00000000E+01 1.20000000E-01
8.11252304E-02 2.65715506E-01 1.00000000E+01 1.20000000E-01
8.79891350E-02 2.41769562E-01 1.00000000E+01 1.20000000E-01
9.54337859E-02 2.16801345E-01 1.00000000E+01 1.20000000E-01
1.03508319E-01 1.85931563E-01 1.00000000E+01 1.20000000E-01
1.12266029E-01 1.54411061E-01 1.00000000E+01 1.20000000E-01
1.21764718E-01 1.33069783E-01 1.00000000E+01 1.20000000E-01
1.32067079E-01 1.15245815E-01 1.00000000E+01 1.20000000E-01
1.43241110E-01 1.00015337E-01 1.00000000E+01 1.20000000E-01
1.55360561E-01 8.65723298E-02 1.00000000E+01 1.20000000E-01
1.68505425E-01 7.55433871E-02 1.00000000E+01 1.20000000E-01
1.82762458E-01 6.63577666E-02 1.00000000E+01 1.20000000E-01
1.98225762E-01 5.90651515E-02 1.00000000E+01 1.20000000E-01
2.14997396E-01 5.35524521E-02 1.00000000E+01 1.20000000E-01
2.33188058E-01 4.90912156E-02 1.00000000E+01 1.20000000E-01
2.52917808E-01 4.55721178E-02 1.00000000E+01 1.20000000E-01
2.74316869E-01 4.25851822E-02 1.00000000E+01 1.20000000E-01
2.97526477E-01 3.98796336E-02 1.00000000E+01 1.20000000E-01
3.22699821E-01 3.74094650E-02 1.00000000E+01 1.20000000E-01
3.50003050E-01 3.54016891E-02 1.00000000E+01 1.20000000E-01
3.79616371E-01 3.33877186E-02 1.00000000E+01 1.20000000E-01
4.11735239E-01 3.16019698E-02 1.00000000E+01 1.20000000E-01
4.46571644E-01 2.99680275E-02 1.00000000E+01 1.20000000E-01
4.84355514E-01 2.83201453E-02 1.00000000E+01 1.20000000E-01
5.25336230E-01 2.69662421E-02 1.00000000E+01 1.20000000E-01
5.69784273E-01 2.55119549E-02 1.00000000E+01 1.20000000E-01
6.17993009E-01 2.42967698E-02 1.00000000E+01 1.20000000E-01
6.70280627E-01 2.30356204E-02 1.00000000E+01 1.20000000E-01
7.26992234E-01 2.18916568E-02 1.00000000E+01 1.20000000E-01
7.88502140E-01 2.07902881E-02 1.00000000E+01 1.20000000E-01
8.55216323E-01 1.96977625E-02 1.00000000E+01 1.20000000E-01
9.27575109E-01 1.87322747E-02 1.00000000E+01 1.20000000E-01
1.00605608E+00 1.76791213E-02 1.00000000E+01 1.20000000E-01
1.09117723E+00 1.67931503E-02 1.00000000E+01 1.20000000E-01
1.18350038E+00 1.58318212E-02 1.00000000E+01 1.20000000E-01
1.28363487E+00 1.48789477E-02 1.00000000E+01 1.20000000E-01
1.39224161E+00 1.39921518E-02 1.00000000E+01 1.20000000E-01
1.51003744E+00 1.30507627E-02 1.00000000E+01 1.20000000E-01
1.63779982E+00 1.20527740E-02 1.00000000E+01 1.20000000E-01
1.77637202E+00 1.08128801E-02 1.00000000E+01 1.20000000E-01
1.92666864E+00 9.79191122E-03 1.00000000E+01 1.20000000E-01
2.08968167E+00 8.94359582E-03 1.00000000E+01 1.20000000E-01
2.26648703E+00 8.16432005E-03 1.00000000E+01 1.20000000E-01
2.45825167E+00 7.43847943E-03 1.00000000E+01 1.20000000E-01
2.66624128E+00 6.73336954E-03 1.00000000E+01 1.20000000E-01
2.89182863E+00 5.85760922E-03 1.00000000E+01 1.20000000E-01
3.13650264E+00 4.17348854E-03 1.00000000E+01 1.20000000E-01
3.40187821E+00 1.37076031E-03 1.00000000E+01 1.20000000E-01
3.68970689E+00 3.59665613E-04 1.00000000E+01 1.20000000E-01
4.00188838E+00 1.03404662E-04 1.00000000E+01 1.20000000E-01
4.34048317E+00 3.19117544E-05 1.00000000E+01 1.20000000E-01
4.70772603E+00 1.03836328E-05 1.00000000E+01 1.20000000E-01
5.10604086E+00 1.70919619E-03 1.00000000E+01 1.20000000E-01
5.53805661E+00 2.89595178E-03 1.00000000E+01 1.20000000E-01
6.00662467E+00 3.64129991E-03 1.00000000E+01 1.20000000E-01
6.51483769E+00 4.26139296E-03 1.00000000E+01 1.20000000E-01
7.06604998E+00 4.77362837E-03 1.00000000E+01 1.20000000E-01
7.66389965E+00 5.23993697E-03 1.00000000E+01 1.20000000E-01
8.31233264E+00 5.67252051E-03 1.00000000E+01 1.20000000E-01
9.01562874E+00 5.95063313E-03 1.00000000E+01 1.20000000E-01
9.77842984E+00 4.93301584E-03 1.00000000E+01 1.20000000E-01
1.06057706E+01 4.92368722E-03 1.00000000E+01 1.20000000E-01
1.15031116E+01 5.31443120E-03 1.00000000E+01 1.20000000E-01
1.24763755E+01 5.64373514E-03 1.00000000E+01 1.20000000E-01
1.35319861E+01 5.90167998E-03 1.00000000E+01 1.20000000E-01
1.46769106E+01 6.17313084E-03 1.00000000E+01 1.20000000E-01
1.59187057E+01 6.39775616E-03 1.00000000E+01 1.20000000E-01
1.72655675E+01 6.67763011E-03 1.00000000E+01 1.20000000E-01
1.87263856E+01 6.91476864E-03 1.00000000E+01 1.20000000E-01
2.03108017E+01 7.17896186E-03 1.00000000E+01 1.20000000E-01
2.20292733E+01 7.44864860E-03 1.00000000E+01 1.20000000E-01
2.38931427E+01 7.68327710E-03 1.00000000E+01 1.20000000E-01
2.59147117E+01 7.99479238E-03 1.00000000E+01 1.20000000E-01
2.81073231E+01 8.27045974E-03 1.00000000E+01 1.20000000E-01
3.04854486E+01 8.55425600E-03 1.00000000E+01 1.20000000E-01
3.30647844E+01 8.87916617E-03 1.00000000E+01 1.20000000E-01
3.58623546E+01 9.16495739E-03 1.00000000E+01 1.20000000E-01
3.88966236E+01 9.50796474E-03 1.00000000E+01 1.20000000E-01
4.21876184E+01 9.84877992E-03 1.00000000E+01 1.20000000E-01
4.57570602E+01 1.01500443E-02 1.00000000E+01 1.20000000E-01
4.96285080E+01 1.05575490E-02 1.00000000E+01 1.20000000E-01
5.38275141E+01 1.09191403E-02 1.00000000E+01 1.20000000E-01
5.83817930E+01 1.12909581E-02 1.00000000E+01 1.20000000E-01
6.33214036E+01 1.17219859E-02 1.00000000E+01 1.20000000E-01
6.86789486E+01 1.21028931E-02 1.00000000E+01 1.20000000E-01
7.44897888E+01 1.25568076E-02 1.00000000E+01 1.20000000E-01
8.07922769E+01 1.30129098E-02 1.00000000E+01 1.20000000E-01
8.76280106E+01 1.34227889E-02 1.00000000E+01 1.20000000E-01
9.50421073E+01 1.39685109E-02 1.00000000E+01 1.20000000E-01
1.03083501E+02 1.44497056E-02 1.00000000E+01 1.20000000E-01
1.11805268E+02 1.49628415E-02 1.00000000E+01 1.20000000E-01
1.21264972E+02 1.55372612E-02 1.00000000E+01 1.20000000E-01
1.31525050E+02 1.60438216E-02 1.00000000E+01 1.20000000E-01
1.42653221E+02 1.66793154E-02 1.00000000E+01 1.20000000E-01
1.54722932E+02 1.72863088E-02 1.00000000E+01 1.20000000E-01
1.67813846E+02 1.78756851E-02 1.00000000E+01 1.20000000E-01
1.82012366E+02 1.85944822E-02 1.00000000E+01 1.20000000E-01
1.97412205E+02 1.92260823E-02 1.00000000E+01 1.20000000E-01
2.14115006E+02 1.99685062E-02 1.00000000E+01 1.20000000E-01
2.32231009E+02 2.07168707E-02 1.00000000E+01 1.20000000E-01
2.51879785E+02 2.14008504E-02 1.00000000E+01 1.20000000E-01
2.73191019E+02 2.22894592E-02 1.00000000E+01 1.20000000E-01
2.96305371E+02 2.30690306E-02 1.00000000E+01 1.20000000E-01
3.21375399E+02 2.39463492E-02 1.00000000E+01 1.20000000E-01
3.48566570E+02 2.48690028E-02 1.00000000E+01 1.20000000E-01
3.78058353E+02 2.56822682E-02 1.00000000E+01 1.20000000E-01
4.10045398E+02 2.67779835E-02 1.00000000E+01 1.20000000E-01
4.44738828E+02 2.77383630E-02 1.00000000E+01 1.20000000E-01
4.82367626E+02 2.88049093E-02 1.00000000E+01 1.20000000E-01
5.23180149E+02 2.99382198E-02 1.00000000E+01 1.20000000E-01
5.67445768E+02 3.09504283E-02 1.00000000E+01 1.20000000E-01
6.15456647E+02 3.22952672E-02 1.00000000E+01 1.20000000E-01
6.67529666E+02 3.34698532E-02 1.00000000E+01 1.20000000E-01
7.24008518E+02 3.48135515E-02 1.00000000E+01 1.20000000E-01
7.85265976E+02 3.61969265E-02 1.00000000E+01 1.20000000E-01
8.51706350E+02 3.75120196E-02 1.00000000E+01 1.20000000E-01
9.23768162E+02 3.91369070E-02 1.00000000E+01 1.20000000E-01
1.00192703E+03 4.05499279E-02 1.00000000E+01 1.20000000E-01
1.08669883E+03 4.22964373E-02 1.00000000E+01 1.20000000E-01
1.17864306E+03 4.39477617E-02 1.00000000E+01 1.20000000E-01
1.27836658E+03 4.57157564E-02 1.00000000E+01 1.20000000E-01
1.38652758E+03 4.76361445E-02 1.00000000E+01 1.20000000E-01
1.50383995E+03 4.93754105E-02 1.00000000E+01 1.20000000E-01
1.63107798E+03 5.16105323E-02 1.00000000E+01 1.20000000E-01
1.76908145E+03 5.35443704E-02 1.00000000E+01 1.20000000E-01
1.91876122E+03 5.59137822E-02 1.00000000E+01 1.20000000E-01
2.08110522E+03 5.81393942E-02 1.00000000E+01 1.20000000E-01
2.25718493E+03 6.05429288E-02 1.00000000E+01 1.20000000E-01
2.44816253E+03 6.31086270E-02 1.00000000E+01 1.20000000E-01
2.65529851E+03 6.55640217E-02 1.00000000E+01 1.20000000E-01
2.87996001E+03 6.85148379E-02 1.00000000E+01 1.20000000E-01
3.12362983E+03 7.10541905E-02 1.00000000E+01 1.20000000E-01
3.38791625E+03 7.43415983E-02 1.00000000E+01 1.20000000E-01
3.67456362E+03 7.72502429E-02 1.00000000E+01 1.20000000E-01
3.98546386E+03 8.06374607E-02 1.00000000E+01 1.20000000E-01
4.32266899E+03 8.39768860E-02 1.00000000E+01 1.20000000E-01
4.68840462E+03 8.74456148E-02 1.00000000E+01 1.20000000E-01
5.08508469E+03 9.12618585E-02 1.00000000E+01 1.20000000E-01
5.51532736E+03 9.48167405E-02 1.00000000E+01 1.20000000E-01
5.98197233E+03 9.91797969E-02 1.00000000E+01 1.20000000E-01
6.48809954E+03 1.02921733E-01 1.00000000E+01 1.20000000E-01
7.03704955E+03 1.07727072E-01 1.00000000E+01 1.20000000E-01
7.63244553E+03 1.11996927E-01 1.00000000E+01 1.20000000E-01
8.27821723E+03 1.16954077E-01 1.00000000E+01 1.20000000E-01
8.97862686E+03 1.21825215E-01 1.00000000E+01 1.20000000E-01
9.73829728E+03 1.26940949E-01 1.00000000E+01 1.20000000E-01
1.05622425E+04 1.32491569E-01 1.00000000E+01 1.20000000E-01
