1.01020215E-03 2.87438884E-02 1.00000000E-01 1.20000000E-01
1.09567409E-03 2.75708109E-02 1.00000000E-01 1.20000000E-01
1.18837771E-03 2.64248634E-02 1.00000000E-01 1.20000000E-01
1.28892486E-03 2.52745761E-02 1.00000000E-01 1.20000000E-01
1.39797919E-03 2.42272745E-02 1.00000000E-01 1.20000000E-01
1.51626046E-03 2.31295820E-02 1.00000000E-01 1.20000000E-01
1.64454937E-03 2.21754907E-02 1.00000000E-01 1.20000000E-01
1.78369264E-03 2.11514426E-02 1.00000000E-01 1.20000000E-01
1.93460865E-03 2.02948381E-02 1.00000000E-01 1.20000000E-01
2.09829347E-03 1.93441307E-02 1.00000000E-01 1.20000000E-01
2.27582746E-03 1.85862352E-02 1.00000000E-01 1.20000000E-01
2.46838239E-03 1.77072637E-02 1.00000000E-01 1.20000000E-01
2.67722914E-03 1.70398865E-02 1.00000000E-01 1.20000000E-01
2.90374616E-03 1.62689498E-02 1.00000000E-01 1.20000000E-01
3.14942850E-03 1.56429217E-02 1.00000000E-01 1.20000000E-01
3.41589772E-03 1.49694872E-02 1.00000000E-01 1.20000000E-01
3.70491256E-03 1.43734849E-02 1.00000000E-01 1.20000000E-01
4.01838059E-03 1.37893279E-02 1.00000000E-01 1.20000000E-01
4.35837076E-03 1.32165839E-02 1.00000000E-01 1.20000000E-01
4.72712707E-03 1.27077085E-02 1.00000000E-01 1.20000000E-01
5.12708340E-03 1.21540296E-02 1.00000000E-01 1.20000000E-01
5.56087953E-03 1.17113283E-02 1.00000000E-01 1.20000000E-01
6.03137861E-03 1.11968868E-02 1.00000000E-01 1.20000000E-01
6.54168603E-03 1.07893971E-02 1.00000000E-01 1.20000000E-01
7.09516992E-03 1.03389764E-02 1.00000000E-01 1.20000000E-01
7.69548340E-03 9.93012783E-03 1.00000000E-01 1.20000000E-01
8.34658865E-03 9.53217615E-03 1.00000000E-01 1.20000000E-01
9.05278310E-03 9.13033092E-03 1.00000000E-01 1.20000000E-01
9.81872778E-03 8.77164223E-03 1.00000000E-01 1.20000000E-01
1.06494781E-02 8.37860421E-03 1.00000000E-01 1.20000000E-01
1.15505171E-02 8.05249550E-03 1.00000000E-01 1.20000000E-01
1.25277920E-02 7.67127129E-03 1.00000000E-01 1.20000000E-01
1.35877528E-02 7.36805075E-03 1.00000000E-01 1.20000000E-01
1.47373957E-02 7.00148211E-03 1.00000000E-01 1.20000000E-01
1.59843083E-02 6.70900193E-03 1.00000000E-01 1.20000000E-01
1.73367207E-02 6.36018575E-03 1.00000000E-01 1.20000000E-01
1.88035590E-02 6.06315087E-03 1.00000000E-01 1.20000000E-01
2.03945047E-02 5.73087690E-03 1.00000000E-01 1.20000000E-01
2.21200583E-02 5.40947525E-03 1.00000000E-01 1.20000000E-01
2.39916088E-02 5.09016161E-03 1.00000000E-01 1.20000000E-01
2.60215089E-02 4.74560657E-03 1.00000000E-01 1.20000000E-01
2.82231563E-02 4.38488051E-03 1.00000000E-01 1.20000000E-01
3.06110824E-02 3.99611982E-03 1.00000000E-01 1.20000000E-01
3.32010479E-02 3.34534700E-03 1.00000000E-01 1.20000000E-01
3.60101471E-02 1.31728135E-03 1.00000000E-01 1.20000000E-01
3.90569208E-02 2.15073249E-04 1.00000000E-01 1.20000000E-01
4.23614781E-02 3.80314114E-05 1.00000000E-01 1.20000000E-01
4.59456299E-02 7.21137699E-06 1.00000000E-01 1.20000000E-01
4.98330323E-02 4.80856021E-04 1.00000000E-01 1.20000000E-01
5.40493430E-02 1.81455613E-03 1.00000000E-01 1.20000000E-01
5.86223905E-02 2.41201965E-03 1.00000000E-01 1.20000000E-01
6.35823579E-02 2.84534151E-03 1.00000000E-01 1.20000000E-01
6.89619818E-02 3.18700676E-03 1.00000000E-01 1.20000000E-01
7.47967691E-02 3.45250328E-03 1.00000000E-01 1.20000000E-01
8.11252304E-02 3.64945119E-03 1.00000000E-01 1.20000000E-01
8.79891350E-02 3.83414408E-03 1.00000000E-01 1.20000000E-01
9.54337859E-02 3.96104664E-03 1.00000000E-01 1.20000000E-01
1.03508319E-01 3.93694311E-03 1.00000000E-01 1.20000000E-01
1.12266029E-01 3.78160087E-03 1.00000000E-01 1.20000000E-01
1.21764718E-01 3.81642515E-03 1.00000000E-01 1.20000000E-01
1.32067079E-01 3.89308215E-03 1.00000000E-01 1.20000000E-01
1.43241110E-01 3.98284916E-03 1.00000000E-01 1.20000000E-01
1.55360561E-01 4.10621575E-03 1.00000000E-01 1.20000000E-01
1.68505425E-01 4.24037074E-03 1.00000000E-01 1.20000000E-01
1.82762458E-01 4.36544810E-03 1.00000000E-01 1.20000000E-01
1.98225762E-01 4.51952537E-03 1.00000000E-01 1.20000000E-01
2.14997396E-01 4.67651700E-03 1.00000000E-01 1.20000000E-01
2.33188058E-01 4.81675169E-03 1.00000000E-01 1.20000000E-01
2.52917808E-01 4.99896103E-03 1.00000000E-01 1.20000000E-01
2.74316869E-01 5.16773077E-03 1.00000000E-01 1.20000000E-01
2.97526477E-01 5.32451391E-03 1.00000000E-01 1.20000000E-01
3.22699821E-01 5.52633353E-03 1.00000000E-01 1.20000000E-01
3.50003050E-01 5.70404822E-03 1.00000000E-01 1.20000000E-01
3.79616371E-01 5.88615466E-03 1.00000000E-01 1.20000000E-01
4.11735239E-01 6.09969833E-03 1.00000000E-01 1.20000000E-01
4.46571644E-01 6.28964791E-03 1.00000000E-01 1.20000000E-01
4.84355514E-01 6.49801848E-03 1.00000000E-01 1.20000000E-01
5.25336230E-01 6.72832281E-03 1.00000000E-01 1.20000000E-01
5.69784273E-01 6.93512795E-03 1.00000000E-01 1.20000000E-01
6.17993009E-01 7.17838852E-03 1.00000000E-01 1.20000000E-01
6.70280627E-01 7.42775605E-03 1.00000000E-01 1.20000000E-01
7.26992234E-01 7.64859421E-03 1.00000000E-01 1.20000000E-01
7.88502140E-01 7.89222519E-03 1.00000000E-01 1.20000000E-01
8.55216323E-01 7.59841630E-03 1.00000000E-01 1.20000000E-01
9.27575109E-01 7.23534082E-03 1.00000000E-01 1.20000000E-01
1.00605608E+00 7.06609684E-03 1.00000000E-01 1.20000000E-01
1.09117723E+00 7.02495473E-03 1.00000000E-01 1.20000000E-01
1.18350038E+00 7.06861938E-03 1.00000000E-01 1.20000000E-01
1.28363487E+00 7.16603591E-03 1.00000000E-01 1.20000000E-01
1.39224161E+00 7.29424186E-03 1.00000000E-01 1.20000000E-01
1.51003744E+00 7.43930873E-03 1.00000000E-01 1.20000000E-01
1.63779982E+00 7.58340037E-03 1.00000000E-01 1.20000000E-01
1.77637202E+00 7.67021778E-03 1.00000000E-01 1.20000000E-01
1.92666864E+00 7.80076651E-03 1.00000000E-01 1.20000000E-01
2.08968167E+00 7.96857307E-03 1.00000000E-01 1.20000000E-01
2.26648703E+00 8.13346275E-03 1.00000000E-01 1.20000000E-01
2.45825167E+00 8.29125289E-03 1.00000000E-01 1.20000000E-01
2.66624128E+00 8.46765530E-03 1.00000000E-01 1.20000000E-01
2.89182863E+00 8.70683119E-03 1.00000000E-01 1.20000000E-01
3.13650264E+00 8.91974321E-03 1.00000000E-01 1.20000000E-01
3.40187821E+00 9.11623133E-03 1.00000000E-01 1.20000000E-01
3.68970689E+00 9.34020934E-03 1.00000000E-01 1.20000000E-01
4.00188838E+00 9.64134967E-03 1.00000000E-01 1.20000000E-01
4.34048317E+00 9.93399113E-03 1.00000000E-01 1.20000000E-01
4.70772603E+00 1.02360768E-02 1.00000000E-01 1.20000000E-01
5.10604086E+00 1.06214506E-02 1.00000000E-01 1.20000000E-01
5.53805661E+00 1.09716037E-02 1.00000000E-01 1.20000000E-01
6.00662467E+00 1.13698355E-02 1.00000000E-01 1.20000000E-01
6.51483769E+00 1.18057373E-02 1.00000000E-01 1.20000000E-01
7.06604998E+00 1.21923320E-02 1.00000000E-01 1.20000000E-01
7.66389965E+00 1.27088283E-02 1.00000000E-01 1.20000000E-01
8.31233264E+00 1.31786071E-02 1.00000000E-01 1.20000000E-01
9.01562874E+00 1.36851348E-02 1.00000000E-01 1.20000000E-01
9.77842984E+00 1.42387573E-02 1.00000000E-01 1.20000000E-01
1.06057706E+01 1.47305917E-02 1.00000000E-01 1.20000000E-01
1.15031116E+01 1.53832830E-02 1.00000000E-01 1.20000000E-01
1.24763755E+01 1.59552574E-02 1.00000000E-01 1.20000000E-01
1.35319861E+01 1.66262579E-02 1.00000000E-01 1.20000000E-01
1.46769106E+01 1.73042247E-02 1.00000000E-01 1.20000000E-01
1.59187057E+01 1.79758645E-02 1.00000000E-01 1.20000000E-01
1.72655675E+01 1.87482016E-02 1.00000000E-01 1.20000000E-01
1.87263856E+01 1.94200545E-02 1.00000000E-01 1.20000000E-01
2.03108017E+01 2.03146432E-02 1.00000000E-01 1.20000000E-01
2.20292733E+01 2.11027501E-02 1.00000000E-01 1.20000000E-01
2.38931427E+01 2.20234594E-02 1.00000000E-01 1.20000000E-01
2.59147117E+01 2.29247544E-02 1.00000000E-01 1.20000000E-01
2.81073231E+01 2.38649261E-02 1.00000000E-01 1.20000000E-01
3.04854486E+01 2.48931447E-02 1.00000000E-01 1.20000000E-01
3.30647844E+01 2.58462605E-02 1.00000000E-01 1.20000000E-01
3.58623546E+01 2.70260845E-02 1.00000000E-01 1.20000000E-01
3.88966236E+01 2.80442362E-02 1.00000000E-01 1.20000000E-01
4.21876184E+01 2.93384647E-02 1.00000000E-01 1.20000000E-01
4.57570602E+01 3.05020254E-02 1.00000000E-01 1.20000000E-01
4.96285080E+01 3.18331325E-02 1.00000000E-01 1.20000000E-01
5.38275141E+01 3.31655300E-02 1.00000000E-01 1.20000000E-01
5.83817930E+01 3.45399176E-02 1.00000000E-01 1.20000000E-01
6.33214036E+01 3.60622972E-02 1.00000000E-01 1.20000000E-01
6.86789486E+01 3.74559218E-02 1.00000000E-01 1.20000000E-01
7.44897888E+01 3.91926466E-02 1.00000000E-01 1.20000000E-01
8.07922769E+01 4.06762777E-02 1.00000000E-01 1.20000000E-01
8.76280106E+01 4.25773387E-02 1.00000000E-01 1.20000000E-01
9.50421073E+01 4.42863631E-02 1.00000000E-01 1.20000000E-01
1.03083501E+02 4.62611447E-02 1.00000000E-01 1.20000000E-01
1.11805268E+02 4.81846284E-02 1.00000000E-01 1.20000000E-01
1.21264972E+02 5.02181414E-02 1.00000000E-01 1.20000000E-01
1.31525050E+02 5.24155974E-02 1.00000000E-01 1.20000000E-01
1.42653221E+02 5.45010966E-02 1.00000000E-01 1.20000000E-01
1.54722932E+02 5.69934182E-02 1.00000000E-01 1.20000000E-01
1.67813846E+02 5.91312115E-02 1.00000000E-01 1.20000000E-01
1.82012366E+02 6.19522150E-02 1.00000000E-01 1.20000000E-01
1.97412205E+02 6.43982124E-02 1.00000000E-01 1.20000000E-01
2.14115006E+02 6.73292286E-02 1.00000000E-01 1.20000000E-01
2.32231009E+02 7.00778650E-02 1.00000000E-01 1.20000000E-01
2.51879785E+02 7.30977333E-02 1.00000000E-01 1.20000000E-01
2.73191019E+02 7.62232594E-02 1.00000000E-01 1.20000000E-01
2.96305371E+02 7.92894057E-02 1.00000000E-01 1.20000000E-01
3.21375399E+02 8.28403882E-02 1.00000000E-01 1.20000000E-01
3.48566570E+02 8.59404027E-02 1.00000000E-01 1.20000000E-01
3.78058353E+02 8.99628560E-02 1.00000000E-01 1.20000000E-01
4.10045398E+02 9.34136091E-02 1.00000000E-01 1.20000000E-01
4.44738828E+02 9.76279320E-02 1.00000000E-01 1.20000000E-01
4.82367626E+02 1.01548145E-01 1.00000000E-01 1.20000000E-01
5.23180149E+02 1.05848677E-01 1.00000000E-01 1.20000000E-01
5.67445768E+02 1.10339651E-01 1.00000000E-01 1.20000000E-01
6.15456647E+02 1.14675766E-01 1.00000000E-01 1.20000000E-01
6.67529666E+02 1.19812760E-01 1.00000000E-01 1.20000000E-01
7.24008518E+02 1.24204910E-01 1.00000000E-01 1.20000000E-01
7.85265976E+02 1.30039063E-01 1.00000000E-01 1.20000000E-01
8.51706350E+02 1.35084623E-01 1.00000000E-01 1.20000000E-01
9.23768162E+02 1.41079284E-01 1.00000000E-01 1.20000000E-01
1.00192703E+03 1.46857941E-01 1.00000000E-01 1.20000000E-01
1.08669883E+03 1.53023802E-01 1.00000000E-01 1.20000000E-01
1.17864306E+03 1.59615206E-01 1.00000000E-01 1.20000000E-01
1.27836658E+03 1.65895341E-01 1.00000000E-01 1.20000000E-01
1.38652758E+03 1.73456720E-01 1.00000000E-01 1.20000000E-01
1.50383995E+03 1.79912838E-01 1.00000000E-01 1.20000000E-01
1.63107798E+03 1.88421323E-01 1.00000000E-01 1.20000000E-01
1.76908145E+03 1.95879761E-01 1.00000000E-01 1.20000000E-01
1.91876122E+03 2.04719340E-01 1.00000000E-01 1.20000000E-01
2.08110522E+03 2.13122337E-01 1.00000000E-01 1.20000000E-01
2.25718493E+03 2.22248678E-01 1.00000000E-01 1.20000000E-01
2.44816253E+03 2.31846760E-01 1.00000000E-01 1.20000000E-01
2.65529851E+03 2.41177405E-01 1.00000000E-01 1.20000000E-01
2.87996001E+03 2.52111069E-01 1.00000000E-01 1.20000000E-01
3.12362983E+03 2.61649943E-01 1.00000000E-01 1.20000000E-01
3.38791625E+03 2.74204151E-01 1.00000000E-01 1.20000000E-01
3.67456362E+03 2.84783609E-01 1.00000000E-01 1.20000000E-01
3.98546386E+03 2.97967001E-01 1.00000000E-01 1.20000000E-01
4.32266899E+03 3.10039040E-01 1.00000000E-01 1.20000000E-01
4.68840462E+03 3.23693414E-01 1.00000000E-01 1.20000000E-01
5.08508469E+03 3.37385773E-01 1.00000000E-01 1.20000000E-01
5.51532736E+03 3.51458916E-01 1.00000000E-01 1.20000000E-01
5.98197233E+03 3.67061658E-01 1.00000000E-01 1.20000000E-01
6.48809954E+03 3.81405693E-01 1.00000000E-01 1.20000000E-01
7.03704955E+03 3.99144709E-01 1.00000000E-01 1.20000000E-01
7.63244553E+03 4.14286502E-01 1.00000000E-01 1.20000000E-01
8.27821723E+03 4.33913740E-01 1.00000000E-01 1.20000000E-01
8.97862686E+03 4.51072026E-01 1.00000000E-01 1.20000000E-01
9.73829728E+03 4.71437729E-01 1.00000000E-01 1.20000000E-01
1.05622425E+04 4.90993360E-01 1.00000000E-01 1.20000000E-01
