1.87190540E-03 3.92797146E-01 1.90000000E+00 1.20000000E-01
1.93108334E-03 3.85609459E-01 1.90000000E+00 1.20000000E-01
1.99213213E-03 3.78118389E-01 1.90000000E+00 1.20000000E-01
2.05511089E-03 3.72781654E-01 1.90000000E+00 1.20000000E-01
2.12008065E-03 3.67133278E-01 1.90000000E+00 1.20000000E-01
2.18710435E-03 3.61156009E-01 1.90000000E+00 1.20000000E-01
2.25624692E-03 3.54832907E-01 1.90000000E+00 1.20000000E-01
2.32757534E-03 3.48143431E-01 1.90000000E+00 1.20000000E-01
2.40115873E-03 3.42426558E-01 1.90000000E+00 1.20000000E-01
2.47706836E-03 3.37521087E-01 1.90000000E+00 1.20000000E-01
2.55537778E-03 3.32339453E-01 1.90000000E+00 1.20000000E-01
2.63616285E-03 3.26865254E-01 1.90000000E+00 1.20000000E-01
2.71950184E-03 3.21082700E-01 1.90000000E+00 1.20000000E-01
2.80547549E-03 3.15024910E-01 1.90000000E+00 1.20000000E-01
2.89416709E-03 3.10564425E-01 1.90000000E+00 1.20000000E-01
2.98566256E-03 3.06105564E-01 1.90000000E+00 1.20000000E-01
3.08005055E-03 3.01399132E-01 1.90000000E+00 1.20000000E-01
3.17742249E-03 2.96461764E-01 1.90000000E+00 1.20000000E-01
3.27787273E-03 2.91228822E-01 1.90000000E+00 1.20000000E-01
3.38149858E-03 2.85975402E-01 1.90000000E+00 1.20000000E-01
3.48840042E-03 2.82155945E-01 1.90000000E+00 1.20000000E-01
3.59868184E-03 2.78142999E-01 1.90000000E+00 1.20000000E-01
3.71244967E-03 2.73902640E-01 1.90000000E+00 1.20000000E-01
3.82981412E-03 2.69438338E-01 1.90000000E+00 1.20000000E-01
3.95088890E-03 2.64713679E-01 1.90000000E+00 1.20000000E-01
4.07579131E-03 2.60233966E-01 1.90000000E+00 1.20000000E-01
4.20464236E-03 2.56799994E-01 1.90000000E+00 1.20000000E-01
4.33756687E-03 2.53191860E-01 1.90000000E+00 1.20000000E-01
4.47469362E-03 2.49380195E-01 1.90000000E+00 1.20000000E-01
4.61615546E-03 2.45369114E-01 1.90000000E+00 1.20000000E-01
4.76208944E-03 2.41122537E-01 1.90000000E+00 1.20000000E-01
4.91263694E-03 2.37129795E-01 1.90000000E+00 1.20000000E-01
5.06794381E-03 2.34048565E-01 1.90000000E+00 1.20000000E-01
5.22816052E-03 2.30810948E-01 1.90000000E+00 1.20000000E-01
5.39344227E-03 2.27391234E-01 1.90000000E+00 1.20000000E-01
5.56394921E-03 2.23792900E-01 1.90000000E+00 1.20000000E-01
5.73984650E-03 2.19983848E-01 1.90000000E+00 1.20000000E-01
5.92130457E-03 2.16307466E-01 1.90000000E+00 1.20000000E-01
6.10849921E-03 2.13545587E-01 1.90000000E+00 1.20000000E-01
6.30161177E-03 2.10643893E-01 1.90000000E+00 1.20000000E-01
6.50082934E-03 2.07590151E-01 1.90000000E+00 1.20000000E-01
6.70634493E-03 2.04379688E-01 1.90000000E+00 1.20000000E-01
6.91835764E-03 2.00992393E-01 1.90000000E+00 1.20000000E-01
7.13707286E-03 1.97489913E-01 1.90000000E+00 1.20000000E-01
7.36270249E-03 1.95020082E-01 1.90000000E+00 1.20000000E-01
7.59546512E-03 1.92430403E-01 1.90000000E+00 1.20000000E-01
7.83558625E-03 1.89679830E-01 1.90000000E+00 1.20000000E-01
8.08329851E-03 1.86821016E-01 1.90000000E+00 1.20000000E-01
8.33884188E-03 1.83766922E-01 1.90000000E+00 1.20000000E-01
8.60246394E-03 1.80545023E-01 1.90000000E+00 1.20000000E-01
8.87442008E-03 1.78210489E-01 1.90000000E+00 1.20000000E-01
9.15497377E-03 1.75901291E-01 1.90000000E+00 1.20000000E-01
9.44439681E-03 1.73441431E-01 1.90000000E+00 1.20000000E-01
9.74296961E-03 1.70854653E-01 1.90000000E+00 1.20000000E-01
1.00509814E-02 1.68133234E-01 1.90000000E+00 1.20000000E-01
1.03687306E-02 1.65271371E-01 1.90000000E+00 1.20000000E-01
1.06965251E-02 1.62910357E-01 1.90000000E+00 1.20000000E-01
1.10346823E-02 1.60819922E-01 1.90000000E+00 1.20000000E-01
1.13835300E-02 1.58635088E-01 1.90000000E+00 1.20000000E-01
1.17434061E-02 1.56317847E-01 1.90000000E+00 1.20000000E-01
1.21146592E-02 1.53900179E-01 1.90000000E+00 1.20000000E-01
1.24976490E-02 1.51312790E-01 1.90000000E+00 1.20000000E-01
1.28927465E-02 1.48950992E-01 1.90000000E+00 1.20000000E-01
1.33003345E-02 1.47108352E-01 1.90000000E+00 1.20000000E-01
1.37208080E-02 1.45137551E-01 1.90000000E+00 1.20000000E-01
1.41545742E-02 1.43053452E-01 1.90000000E+00 1.20000000E-01
1.46020533E-02 1.40875426E-01 1.90000000E+00 1.20000000E-01
1.50636790E-02 1.38582632E-01 1.90000000E+00 1.20000000E-01
1.55398983E-02 1.36245972E-01 1.90000000E+00 1.20000000E-01
1.60311728E-02 1.34575663E-01 1.90000000E+00 1.20000000E-01
1.65379783E-02 1.32803184E-01 1.90000000E+00 1.20000000E-01
1.70608058E-02 1.30928922E-01 1.90000000E+00 1.20000000E-01
1.76001618E-02 1.29004805E-01 1.90000000E+00 1.20000000E-01
1.81565689E-02 1.26939237E-01 1.90000000E+00 1.20000000E-01
1.87305661E-02 1.24744751E-01 1.90000000E+00 1.20000000E-01
1.93227095E-02 1.23097448E-01 1.90000000E+00 1.20000000E-01
1.99335728E-02 1.21508958E-01 1.90000000E+00 1.20000000E-01
2.05637478E-02 1.19839912E-01 1.90000000E+00 1.20000000E-01
2.12138450E-02 1.18077578E-01 1.90000000E+00 1.20000000E-01
2.18844942E-02 1.16230544E-01 1.90000000E+00 1.20000000E-01
2.25763451E-02 1.14255965E-01 1.90000000E+00 1.20000000E-01
2.32900680E-02 1.12556256E-01 1.90000000E+00 1.20000000E-01
2.40263543E-02 1.11140618E-01 1.90000000E+00 1.20000000E-01
2.47859175E-02 1.09633494E-01 1.90000000E+00 1.20000000E-01
2.55694933E-02 1.08037316E-01 1.90000000E+00 1.20000000E-01
2.63778408E-02 1.06340235E-01 1.90000000E+00 1.20000000E-01
2.72117433E-02 1.04562539E-01 1.90000000E+00 1.20000000E-01
2.80720085E-02 1.02861162E-01 1.90000000E+00 1.20000000E-01
2.89594699E-02 1.01545197E-01 1.90000000E+00 1.20000000E-01
2.98749873E-02 1.00154420E-01 1.90000000E+00 1.20000000E-01
3.08194477E-02 9.86729477E-02 1.90000000E+00 1.20000000E-01
3.17937660E-02 9.70891702E-02 1.90000000E+00 1.20000000E-01
3.27988861E-02 9.54181033E-02 1.90000000E+00 1.20000000E-01
3.38357819E-02 9.37807483E-02 1.90000000E+00 1.20000000E-01
3.49054578E-02 9.25234522E-02 1.90000000E+00 1.20000000E-01
3.60089502E-02 9.11748201E-02 1.90000000E+00 1.20000000E-01
3.71473281E-02 8.97261207E-02 1.90000000E+00 1.20000000E-01
3.83216944E-02 8.81848405E-02 1.90000000E+00 1.20000000E-01
3.95331869E-02 8.65063512E-02 1.90000000E+00 1.20000000E-01
4.07829791E-02 8.50594120E-02 1.90000000E+00 1.20000000E-01
4.20722820E-02 8.37649994E-02 1.90000000E+00 1.20000000E-01
4.34023446E-02 8.23626331E-02 1.90000000E+00 1.20000000E-01
4.47744554E-02 8.08270858E-02 1.90000000E+00 1.20000000E-01
4.61899438E-02 7.91709819E-02 1.90000000E+00 1.20000000E-01
4.76501811E-02 7.76320235E-02 1.90000000E+00 1.20000000E-01
4.91565820E-02 7.63160412E-02 1.90000000E+00 1.20000000E-01
5.07106059E-02 7.48722952E-02 1.90000000E+00 1.20000000E-01
5.23137582E-02 7.32845785E-02 1.90000000E+00 1.20000000E-01
5.39675923E-02 7.15177191E-02 1.90000000E+00 1.20000000E-01
5.56737102E-02 7.01402335E-02 1.90000000E+00 1.20000000E-01
5.74337649E-02 6.86934683E-02 1.90000000E+00 1.20000000E-01
5.92494616E-02 6.70896623E-02 1.90000000E+00 1.20000000E-01
6.11225592E-02 6.52730180E-02 1.90000000E+00 1.20000000E-01
6.30548724E-02 6.38073770E-02 1.90000000E+00 1.20000000E-01
6.50482734E-02 6.22781283E-02 1.90000000E+00 1.20000000E-01
6.71046932E-02 6.05427062E-02 1.90000000E+00 1.20000000E-01
6.92261241E-02 5.87794318E-02 1.90000000E+00 1.20000000E-01
7.14146214E-02 5.72690714E-02 1.90000000E+00 1.20000000E-01
7.36723054E-02 5.55564670E-02 1.90000000E+00 1.20000000E-01
7.60013632E-02 5.36942593E-02 1.90000000E+00 1.20000000E-01
7.84040512E-02 5.21538446E-02 1.90000000E+00 1.20000000E-01
8.08826972E-02 5.03922231E-02 1.90000000E+00 1.20000000E-01
8.34397025E-02 4.86061116E-02 1.90000000E+00 1.20000000E-01
8.60775443E-02 4.69842273E-02 1.90000000E+00 1.20000000E-01
8.87987782E-02 4.51074011E-02 1.90000000E+00 1.20000000E-01
9.16060405E-02 4.34731621E-02 1.90000000E+00 1.20000000E-01
9.45020509E-02 4.16186543E-02 1.90000000E+00 1.20000000E-01
9.74896151E-02 3.97461073E-02 1.90000000E+00 1.20000000E-01
1.00571627E-01 3.74668176E-02 1.90000000E+00 1.20000000E-01
1.03751074E-01 3.48505395E-02 1.90000000E+00 1.20000000E-01
1.07031034E-01 3.20911476E-02 1.90000000E+00 1.20000000E-01
1.10414686E-01 3.00679099E-02 1.90000000E+00 1.20000000E-01
1.13905308E-01 2.82408996E-02 1.90000000E+00 1.20000000E-01
1.17506282E-01 2.67421398E-02 1.90000000E+00 1.20000000E-01
1.21221096E-01 2.52421976E-02 1.90000000E+00 1.20000000E-01
1.25053350E-01 2.38826181E-02 1.90000000E+00 1.20000000E-01
1.29006755E-01 2.26219702E-02 1.90000000E+00 1.20000000E-01
1.33085142E-01 2.13304441E-02 1.90000000E+00 1.20000000E-01
1.37292462E-01 2.02469155E-02 1.90000000E+00 1.20000000E-01
1.41632792E-01 1.91282565E-02 1.90000000E+00 1.20000000E-01
1.46110336E-01 1.81018554E-02 1.90000000E+00 1.20000000E-01
1.50729431E-01 1.71411877E-02 1.90000000E+00 1.20000000E-01
1.55494553E-01 1.61691929E-02 1.90000000E+00 1.20000000E-01
1.60410319E-01 1.53593614E-02 1.90000000E+00 1.20000000E-01
1.65481491E-01 1.45261694E-02 1.90000000E+00 1.20000000E-01
1.70712981E-01 1.37937685E-02 1.90000000E+00 1.20000000E-01
1.76109859E-01 1.31001069E-02 1.90000000E+00 1.20000000E-01
1.81677352E-01 1.24641633E-02 1.90000000E+00 1.20000000E-01
1.87420854E-01 1.18983089E-02 1.90000000E+00 1.20000000E-01
1.93345930E-01 1.13637807E-02 1.90000000E+00 1.20000000E-01
1.99458319E-01 1.08919970E-02 1.90000000E+00 1.20000000E-01
2.05763945E-01 1.04597201E-02 1.90000000E+00 1.20000000E-01
2.12268914E-01 1.00448386E-02 1.90000000E+00 1.20000000E-01
2.18979531E-01 9.70391706E-03 1.90000000E+00 1.20000000E-01
2.25902295E-01 9.34070035E-03 1.90000000E+00 1.20000000E-01
2.33043913E-01 9.04635889E-03 1.90000000E+00 1.20000000E-01
2.40411305E-01 8.76438104E-03 1.90000000E+00 1.20000000E-01
2.48011608E-01 8.46163256E-03 1.90000000E+00 1.20000000E-01
2.55852184E-01 8.23063973E-03 1.90000000E+00 1.20000000E-01
2.63940631E-01 7.99426269E-03 1.90000000E+00 1.20000000E-01
2.72284784E-01 7.74099079E-03 1.90000000E+00 1.20000000E-01
2.80892727E-01 7.53636228E-03 1.90000000E+00 1.20000000E-01
2.89772799E-01 7.33624007E-03 1.90000000E+00 1.20000000E-01
2.98933604E-01 7.11912180E-03 1.90000000E+00 1.20000000E-01
3.08384016E-01 6.92259113E-03 1.90000000E+00 1.20000000E-01
3.18133191E-01 6.74980405E-03 1.90000000E+00 1.20000000E-01
3.28190574E-01 6.56181732E-03 1.90000000E+00 1.20000000E-01
3.38565908E-01 6.36495373E-03 1.90000000E+00 1.20000000E-01
3.49269246E-01 6.21281259E-03 1.90000000E+00 1.20000000E-01
3.60310956E-01 6.04615728E-03 1.90000000E+00 1.20000000E-01
3.71701736E-01 5.86291731E-03 1.90000000E+00 1.20000000E-01
3.83452622E-01 5.71065045E-03 1.90000000E+00 1.20000000E-01
3.95574997E-01 5.55844730E-03 1.90000000E+00 1.20000000E-01
4.08080606E-01 5.38964188E-03 1.90000000E+00 1.20000000E-01
4.20981564E-01 5.23166751E-03 1.90000000E+00 1.20000000E-01
4.34290369E-01 5.07491311E-03 1.90000000E+00 1.20000000E-01
4.48019916E-01 4.88870029E-03 1.90000000E+00 1.20000000E-01
4.62183505E-01 4.70228541E-03 1.90000000E+00 1.20000000E-01
4.76794859E-01 4.46934487E-03 1.90000000E+00 1.20000000E-01
4.91868132E-01 4.17432654E-03 1.90000000E+00 1.20000000E-01
5.07417928E-01 3.77347016E-03 1.90000000E+00 1.20000000E-01
5.23459311E-01 3.16359333E-03 1.90000000E+00 1.20000000E-01
5.40007822E-01 2.29216231E-03 1.90000000E+00 1.20000000E-01
5.57079494E-01 1.40217646E-03 1.90000000E+00 1.20000000E-01
5.74690865E-01 8.08821741E-04 1.90000000E+00 1.20000000E-01
5.92858998E-01 4.68237627E-04 1.90000000E+00 1.20000000E-01
6.11601494E-01 2.74978803E-04 1.90000000E+00 1.20000000E-01
6.30936510E-01 1.64092266E-04 1.90000000E+00 1.20000000E-01
6.50882779E-01 9.90872564E-05 1.90000000E+00 1.20000000E-01
6.71459624E-01 6.07896852E-05 1.90000000E+00 1.20000000E-01
6.92686980E-01 3.77667404E-05 1.90000000E+00 1.20000000E-01
7.14585412E-01 2.37470679E-05 1.90000000E+00 1.20000000E-01
7.37176137E-01 1.50897328E-05 1.90000000E+00 1.20000000E-01
7.60481038E-01 9.69184383E-06 1.90000000E+00 1.20000000E-01
7.84522695E-01 6.29963087E-06 1.90000000E+00 1.20000000E-01
8.09324399E-01 4.11831632E-06 1.90000000E+00 1.20000000E-01
8.34910177E-01 2.71561604E-06 1.90000000E+00 1.20000000E-01
8.61304818E-01 1.79562625E-06 1.90000000E+00 1.20000000E-01
8.88533893E-01 1.19185442E-06 1.90000000E+00 1.20000000E-01
9.16623780E-01 7.85265443E-07 1.90000000E+00 1.20000000E-01
