1.01020215E-03 2.87440998E-02 1.00000000E-01 1.20000000E-01
1.09567409E-03 2.75719961E-02 1.00000000E-01 1.20000000E-01
1.18837771E-03 2.64250149E-02 1.00000000E-01 1.20000000E-01
1.28892486E-03 2.52753899E-02 1.00000000E-01 1.20000000E-01
1.39797919E-03 2.42274143E-02 1.00000000E-01 1.20000000E-01
1.51626046E-03 2.31296852E-02 1.00000000E-01 1.20000000E-01
1.64454937E-03 2.21755985E-02 1.00000000E-01 1.20000000E-01
1.78369264E-03 2.11515328E-02 1.00000000E-01 1.20000000E-01
1.93460865E-03 2.02949290E-02 1.00000000E-01 1.20000000E-01
2.09829347E-03 1.93443497E-02 1.00000000E-01 1.20000000E-01
2.27582746E-03 1.85863217E-02 1.00000000E-01 1.20000000E-01
2.46838239E-03 1.77073258E-02 1.00000000E-01 1.20000000E-01
2.67722914E-03 1.70410663E-02 1.00000000E-01 1.20000000E-01
2.90374616E-03 1.62689808E-02 1.00000000E-01 1.20000000E-01
3.14942850E-03 1.56429539E-02 1.00000000E-01 1.20000000E-01
3.41589772E-03 1.49715437E-02 1.00000000E-01 1.20000000E-01
3.70491256E-03 1.43740905E-02 1.00000000E-01 1.20000000E-01
4.01838059E-03 1.37893615E-02 1.00000000E-01 1.20000000E-01
4.35837076E-03 1.32166104E-02 1.00000000E-01 1.20000000E-01
4.72712707E-03 1.27077454E-02 1.00000000E-01 1.20000000E-01
5.12708340E-03 1.21553064E-02 1.00000000E-01 1.20000000E-01
5.56087953E-03 1.17113509E-02 1.00000000E-01 1.20000000E-01
6.03137861E-03 1.11986881E-02 1.00000000E-01 1.20000000E-01
6.54168603E-03 1.07894331E-02 1.00000000E-01 1.20000000E-01
7.09516992E-03 1.03390181E-02 1.00000000E-01 1.20000000E-01
7.69548340E-03 9.93015759E-03 1.00000000E-01 1.20000000E-01
8.34658865E-03 9.53221423E-03 1.00000000E-01 1.20000000E-01
9.05278310E-03 9.13036130E-03 1.00000000E-01 1.20000000E-01
9.81872778E-03 8.77214572E-03 1.00000000E-01 1.20000000E-01
1.06494781E-02 8.37863435E-03 1.00000000E-01 1.20000000E-01
1.15505171E-02 8.05302877E-03 1.00000000E-01 1.20000000E-01
1.25277920E-02 7.67129662E-03 1.00000000E-01 1.20000000E-01
1.35877528E-02 7.36808345E-03 1.00000000E-01 1.20000000E-01
1.47373957E-02 7.00150770E-03 1.00000000E-01 1.20000000E-01
1.59843083E-02 6.70903866E-03 1.00000000E-01 1.20000000E-01
1.73367207E-02 6.36021939E-03 1.00000000E-01 1.20000000E-01
1.88035590E-02 6.06318611E-03 1.00000000E-01 1.20000000E-01
2.03945047E-02 5.73085621E-03 1.00000000E-01 1.20000000E-01
2.21200583E-02 5.40950758E-03 1.00000000E-01 1.20000000E-01
2.39916088E-02 5.09060292E-03 1.00000000E-01 1.20000000E-01
2.60215089E-02 4.74510658E-03 1.00000000E-01 1.20000000E-01
2.82231563E-02 4.38494288E-03 1.00000000E-01 1.20000000E-01
3.06110824E-02 3.99548160E-03 1.00000000E-01 1.20000000E-01
3.32010479E-02 3.34526933E-03 1.00000000E-01 1.20000000E-01
3.60101471E-02 1.31643608E-03 1.00000000E-01 1.20000000E-01
3.90569208E-02 2.14907225E-04 1.00000000E-01 1.20000000E-01
4.23614781E-02 3.79876929E-05 1.00000000E-01 1.20000000E-01
4.59456299E-02 7.20059961E-06 1.00000000E-01 1.20000000E-01
4.98330323E-02 4.80494472E-04 1.00000000E-01 1.20000000E-01
5.40493430E-02 1.81180174E-03 1.00000000E-01 1.20000000E-01
5.86223905E-02 2.40705441E-03 1.00000000E-01 1.20000000E-01
6.35823579E-02 2.83187459E-03 1.00000000E-01 1.20000000E-01
6.89619818E-02 3.16291950E-03 1.00000000E-01 1.20000000E-01
7.47967691E-02 3.40427433E-03 1.00000000E-01 1.20000000E-01
8.11252304E-02 3.58026781E-03 1.00000000E-01 1.20000000E-01
8.79891350E-02 3.67899330E-03 1.00000000E-01 1.20000000E-01
9.54337859E-02 3.72214640E-03 1.00000000E-01 1.20000000E-01
1.03508319E-01 3.56331614E-03 1.00000000E-01 1.20000000E-01
1.12266029E-01 3.26718775E-03 1.00000000E-01 1.20000000E-01
1.21764718E-01 3.11099553E-03 1.00000000E-01 1.20000000E-01
1.32067079E-01 2.97073910E-03 1.00000000E-01 1.20000000E-01
1.43241110E-01 2.82893563E-03 1.00000000E-01 1.20000000E-01
1.55360561E-01 2.69427660E-03 1.00000000E-01 1.20000000E-01
1.68505425E-01 2.56720420E-03 1.00000000E-01 1.20000000E-01
1.82762458E-01 2.47116630E-03 1.00000000E-01 1.20000000E-01
1.98225762E-01 2.41155004E-03 1.00000000E-01 1.20000000E-01
2.14997396E-01 2.38262196E-03 1.00000000E-01 1.20000000E-01
2.33188058E-01 2.38176547E-03 1.00000000E-01 1.20000000E-01
2.52917808E-01 2.40235232E-03 1.00000000E-01 1.20000000E-01
2.74316869E-01 2.43686107E-03 1.00000000E-01 1.20000000E-01
2.97526477E-01 2.47912918E-03 1.00000000E-01 1.20000000E-01
3.22699821E-01 2.52619406E-03 1.00000000E-01 1.20000000E-01
3.50003050E-01 2.59653297E-03 1.00000000E-01 1.20000000E-01
3.79616371E-01 2.66608759E-03 1.00000000E-01 1.20000000E-01
4.11735239E-01 2.73321466E-03 1.00000000E-01 1.20000000E-01
4.46571644E-01 2.81063949E-03 1.00000000E-01 1.20000000E-01
4.84355514E-01 2.89969594E-03 1.00000000E-01 1.20000000E-01
5.25336230E-01 2.98271977E-03 1.00000000E-01 1.20000000E-01
5.69784273E-01 3.06899402E-03 1.00000000E-01 1.20000000E-01
6.17993009E-01 3.17386660E-03 1.00000000E-01 1.20000000E-01
6.70280627E-01 3.26826497E-03 1.00000000E-01 1.20000000E-01
7.26992234E-01 3.35849304E-03 1.00000000E-01 1.20000000E-01
7.88502140E-01 3.43800274E-03 1.00000000E-01 1.20000000E-01
8.55216323E-01 3.30777922E-03 1.00000000E-01 1.20000000E-01
9.27575109E-01 3.18022706E-03 1.00000000E-01 1.20000000E-01
1.00605608E+00 3.11770276E-03 1.00000000E-01 1.20000000E-01
1.09117723E+00 3.09677853E-03 1.00000000E-01 1.20000000E-01
1.18350038E+00 3.10263087E-03 1.00000000E-01 1.20000000E-01
1.28363487E+00 3.12196851E-03 1.00000000E-01 1.20000000E-01
1.39224161E+00 3.14897874E-03 1.00000000E-01 1.20000000E-01
1.51003744E+00 3.17891870E-03 1.00000000E-01 1.20000000E-01
1.63779982E+00 3.21009101E-03 1.00000000E-01 1.20000000E-01
1.77637202E+00 3.21837633E-03 1.00000000E-01 1.20000000E-01
1.92666864E+00 3.23955493E-03 1.00000000E-01 1.20000000E-01
2.08968167E+00 3.27288920E-03 1.00000000E-01 1.20000000E-01
2.26648703E+00 3.31049434E-03 1.00000000E-01 1.20000000E-01
2.45825167E+00 3.36341000E-03 1.00000000E-01 1.20000000E-01
2.66624128E+00 3.43714987E-03 1.00000000E-01 1.20000000E-01
2.89182863E+00 3.51684406E-03 1.00000000E-01 1.20000000E-01
3.13650264E+00 3.59726104E-03 1.00000000E-01 1.20000000E-01
3.40187821E+00 3.68435624E-03 1.00000000E-01 1.20000000E-01
3.68970689E+00 3.79695788E-03 1.00000000E-01 1.20000000E-01
4.00188838E+00 3.90367506E-03 1.00000000E-01 1.20000000E-01
4.34048317E+00 4.00252763E-03 1.00000000E-01 1.20000000E-01
4.70772603E+00 4.13563398E-03 1.00000000E-01 1.20000000E-01
5.10604086E+00 4.26355346E-03 1.00000000E-01 1.20000000E-01
5.53805661E+00 4.38003232E-03 1.00000000E-01 1.20000000E-01
6.00662467E+00 4.52839603E-03 1.00000000E-01 1.20000000E-01
6.51483769E+00 4.67325297E-03 1.00000000E-01 1.20000000E-01
7.06604998E+00 4.80341437E-03 1.00000000E-01 1.20000000E-01
7.66389965E+00 4.96813432E-03 1.00000000E-01 1.20000000E-01
8.31233264E+00 5.12980995E-03 1.00000000E-01 1.20000000E-01
9.01562874E+00 5.27640814E-03 1.00000000E-01 1.20000000E-01
9.77842984E+00 5.46430627E-03 1.00000000E-01 1.20000000E-01
1.06057706E+01 5.64294523E-03 1.00000000E-01 1.20000000E-01
1.15031116E+01 5.80317976E-03 1.00000000E-01 1.20000000E-01
1.24763755E+01 6.01346932E-03 1.00000000E-01 1.20000000E-01
1.35319861E+01 6.20907485E-03 1.00000000E-01 1.20000000E-01
1.46769106E+01 6.39081376E-03 1.00000000E-01 1.20000000E-01
1.59187057E+01 6.63342080E-03 1.00000000E-01 1.20000000E-01
1.72655675E+01 6.84958614E-03 1.00000000E-01 1.20000000E-01
1.87263856E+01 7.06289070E-03 1.00000000E-01 1.20000000E-01
2.03108017E+01 7.32385342E-03 1.00000000E-01 1.20000000E-01
2.20292733E+01 7.55687195E-03 1.00000000E-01 1.20000000E-01
2.38931427E+01 7.80726857E-03 1.00000000E-01 1.20000000E-01
2.59147117E+01 8.08845075E-03 1.00000000E-01 1.20000000E-01
2.81073231E+01 8.34094884E-03 1.00000000E-01 1.20000000E-01
3.04854486E+01 8.63535303E-03 1.00000000E-01 1.20000000E-01
3.30647844E+01 8.94025268E-03 1.00000000E-01 1.20000000E-01
3.58623546E+01 9.21090955E-03 1.00000000E-01 1.20000000E-01
3.88966236E+01 9.56091657E-03 1.00000000E-01 1.20000000E-01
4.21876184E+01 9.88858315E-03 1.00000000E-01 1.20000000E-01
4.57570602E+01 1.01959493E-02 1.00000000E-01 1.20000000E-01
4.96285080E+01 1.05920228E-02 1.00000000E-01 1.20000000E-01
5.38275141E+01 1.09450399E-02 1.00000000E-01 1.20000000E-01
5.83817930E+01 1.13207687E-02 1.00000000E-01 1.20000000E-01
6.33214036E+01 1.17443675E-02 1.00000000E-01 1.20000000E-01
6.86789486E+01 1.21196895E-02 1.00000000E-01 1.20000000E-01
7.44897888E+01 1.25761250E-02 1.00000000E-01 1.20000000E-01
8.07922769E+01 1.30273889E-02 1.00000000E-01 1.20000000E-01
8.76280106E+01 1.34394278E-02 1.00000000E-01 1.20000000E-01
9.50421073E+01 1.39809669E-02 1.00000000E-01 1.20000000E-01
1.03083501E+02 1.44590426E-02 1.00000000E-01 1.20000000E-01
1.11805268E+02 1.49735473E-02 1.00000000E-01 1.20000000E-01
1.21264972E+02 1.55452769E-02 1.00000000E-01 1.20000000E-01
1.31525050E+02 1.60498013E-02 1.00000000E-01 1.20000000E-01
1.42653221E+02 1.66861861E-02 1.00000000E-01 1.20000000E-01
1.54722932E+02 1.72914256E-02 1.00000000E-01 1.20000000E-01
1.67813846E+02 1.78815556E-02 1.00000000E-01 1.20000000E-01
1.82012366E+02 1.85988585E-02 1.00000000E-01 1.20000000E-01
1.97412205E+02 1.92293437E-02 1.00000000E-01 1.20000000E-01
2.14115006E+02 1.99722454E-02 1.00000000E-01 1.20000000E-01
2.32231009E+02 2.07196602E-02 1.00000000E-01 1.20000000E-01
2.51879785E+02 2.14040485E-02 1.00000000E-01 1.20000000E-01
2.73191019E+02 2.22918358E-02 1.00000000E-01 1.20000000E-01
2.96305371E+02 2.30707984E-02 1.00000000E-01 1.20000000E-01
3.21375399E+02 2.39483744E-02 1.00000000E-01 1.20000000E-01
3.48566570E+02 2.48705105E-02 1.00000000E-01 1.20000000E-01
3.78058353E+02 2.56839949E-02 1.00000000E-01 1.20000000E-01
4.10045398E+02 2.67792634E-02 1.00000000E-01 1.20000000E-01
4.44738828E+02 2.77393123E-02 1.00000000E-01 1.20000000E-01
4.82367626E+02 2.88059950E-02 1.00000000E-01 1.20000000E-01
5.23180149E+02 2.99390244E-02 1.00000000E-01 1.20000000E-01
5.67445768E+02 3.09513476E-02 1.00000000E-01 1.20000000E-01
6.15456647E+02 3.22959469E-02 1.00000000E-01 1.20000000E-01
6.67529666E+02 3.34703563E-02 1.00000000E-01 1.20000000E-01
7.24008518E+02 3.48141253E-02 1.00000000E-01 1.20000000E-01
7.85265976E+02 3.61973492E-02 1.00000000E-01 1.20000000E-01
8.51706350E+02 3.75125011E-02 1.00000000E-01 1.20000000E-01
9.23768162E+02 3.91372616E-02 1.00000000E-01 1.20000000E-01
1.00192703E+03 4.05501892E-02 1.00000000E-01 1.20000000E-01
1.08669883E+03 4.22967341E-02 1.00000000E-01 1.20000000E-01
1.17864306E+03 4.39479798E-02 1.00000000E-01 1.20000000E-01
1.27836658E+03 4.57160041E-02 1.00000000E-01 1.20000000E-01
1.38652758E+03 4.76363262E-02 1.00000000E-01 1.20000000E-01
1.50383995E+03 4.93756177E-02 1.00000000E-01 1.20000000E-01
1.63107798E+03 5.16106838E-02 1.00000000E-01 1.20000000E-01
1.76908145E+03 5.35444810E-02 1.00000000E-01 1.20000000E-01
1.91876122E+03 5.59139077E-02 1.00000000E-01 1.20000000E-01
2.08110522E+03 5.81394860E-02 1.00000000E-01 1.20000000E-01
2.25718493E+03 6.05430330E-02 1.00000000E-01 1.20000000E-01
2.44816253E+03 6.31087030E-02 1.00000000E-01 1.20000000E-01
2.65529851E+03 6.55641077E-02 1.00000000E-01 1.20000000E-01
2.87996001E+03 6.85149008E-02 1.00000000E-01 1.20000000E-01
3.12362983E+03 7.10542364E-02 1.00000000E-01 1.20000000E-01
3.38791625E+03 7.43416502E-02 1.00000000E-01 1.20000000E-01
3.67456362E+03 7.72502809E-02 1.00000000E-01 1.20000000E-01
3.98546386E+03 8.06375036E-02 1.00000000E-01 1.20000000E-01
4.32266899E+03 8.39769172E-02 1.00000000E-01 1.20000000E-01
4.68840462E+03 8.74456501E-02 1.00000000E-01 1.20000000E-01
5.08508469E+03 9.12618842E-02 1.00000000E-01 1.20000000E-01
5.51532736E+03 9.48167697E-02 1.00000000E-01 1.20000000E-01
5.98197233E+03 9.91798181E-02 1.00000000E-01 1.20000000E-01
6.48809954E+03 1.02921748E-01 1.00000000E-01 1.20000000E-01
7.03704955E+03 1.07727089E-01 1.00000000E-01 1.20000000E-01
7.63244553E+03 1.11996940E-01 1.00000000E-01 1.20000000E-01
8.27821723E+03 1.16954091E-01 1.00000000E-01 1.20000000E-01
8.97862686E+03 1.21825225E-01 1.00000000E-01 1.20000000E-01
9.73829728E+03 1.26940961E-01 1.00000000E-01 1.20000000E-01
1.05622425E+04 1.32491577E-01 1.00000000E-01 1.20000000E-01
