2.02040429E-04 5.68420276E-04 1.01020215E-03 1.20000000E-01
2.19134818E-04 5.95445815E-04 1.09567409E-03 1.20000000E-01
2.37675541E-04 6.20277916E-04 1.18837771E-03 1.20000000E-01
2.57784972E-04 6.48862806E-04 1.28892486E-03 1.20000000E-01
2.79595837E-04 6.76654158E-04 1.39797919E-03 1.20000000E-01
3.03252092E-04 7.06864756E-04 1.51626046E-03 1.20000000E-01
3.28909874E-04 7.38057312E-04 1.64454937E-03 1.20000000E-01
3.56738528E-04 7.69812426E-04 1.78369264E-03 1.20000000E-01
3.86921729E-04 8.04831881E-04 1.93460865E-03 1.20000000E-01
4.19658694E-04 8.38076012E-04 2.09829347E-03 1.20000000E-01
4.55165493E-04 8.77387822E-04 2.27582746E-03 1.20000000E-01
4.93676477E-04 9.11983265E-04 2.46838239E-03 1.20000000E-01
5.35445828E-04 9.56073256E-04 2.67722914E-03 1.20000000E-01
5.80749232E-04 9.93840732E-04 2.90374616E-03 1.20000000E-01
6.29885700E-04 1.04103489E-03 3.14942850E-03 1.20000000E-01
6.83179543E-04 1.08317349E-03 3.41589772E-03 1.20000000E-01
7.40982512E-04 1.13186187E-03 3.70491256E-03 1.20000000E-01
8.03676118E-04 1.17882234E-03 4.01838059E-03 1.20000000E-01
8.71674152E-04 1.22785936E-03 4.35837076E-03 1.20000000E-01
9.45425415E-04 1.27981446E-03 4.72712707E-03 1.20000000E-01
1.02541668E-03 1.32736612E-03 5.12708340E-03 1.20000000E-01
1.11217591E-03 1.38515172E-03 5.56087953E-03 1.20000000E-01
1.20627572E-03 1.43464570E-03 6.03137861E-03 1.20000000E-01
1.30833721E-03 1.49363815E-03 6.54168603E-03 1.20000000E-01
1.41903398E-03 1.55000932E-03 7.09516992E-03 1.20000000E-01
1.53909668E-03 1.60517062E-03 7.69548340E-03 1.20000000E-01
1.66931773E-03 1.67042931E-03 8.34658865E-03 1.20000000E-01
1.81055662E-03 1.72777720E-03 9.05278310E-03 1.20000000E-01
1.96374556E-03 1.79732293E-03 9.81872778E-03 1.20000000E-01
2.12989562E-03 1.86518984E-03 1.06494781E-02 1.20000000E-01
2.31010343E-03 1.93252543E-03 1.15505171E-02 1.20000000E-01
2.50555840E-03 2.01323138E-03 1.25277920E-02 1.20000000E-01
2.71755057E-03 2.08450280E-03 1.35877528E-02 1.20000000E-01
2.94747913E-03 2.17400422E-03 1.47373957E-02 1.20000000E-01
3.19686167E-03 2.25815581E-03 1.59843083E-02 1.20000000E-01
3.46734414E-03 2.34897315E-03 1.73367207E-02 1.20000000E-01
3.76071181E-03 2.44807110E-03 1.88035590E-02 1.20000000E-01
4.07890094E-03 2.54012576E-03 2.03945047E-02 1.20000000E-01
4.42401166E-03 2.65562147E-03 2.21200583E-02 1.20000000E-01
4.79832177E-03 2.75578149E-03 2.39916088E-02 1.20000000E-01
5.20430179E-03 2.88237305E-03 2.60215089E-02 1.20000000E-01
5.64463127E-03 2.99808073E-03 2.82231563E-02 1.20000000E-01
6.12221648E-03 3.12995389E-03 3.06110824E-02 1.20000000E-01
6.64020958E-03 3.26288035E-03 3.32010479E-02 1.20000000E-01
7.20202943E-03 3.40058520E-03 3.60101471E-02 1.20000000E-01
7.81138415E-03 3.55161986E-03 3.90569208E-02 1.20000000E-01
8.47229562E-03 3.69489925E-03 4.23614781E-02 1.20000000E-01
9.18912598E-03 3.86714843E-03 4.59456299E-02 1.20000000E-01
9.96660647E-03 4.01545623E-03 4.98330323E-02 1.20000000E-01
1.08098686E-02 4.21031125E-03 5.40493430E-02 1.20000000E-01
1.17244781E-02 4.37762199E-03 5.86223905E-02 1.20000000E-01
1.27164716E-02 4.58439255E-03 6.35823579E-02 1.20000000E-01
1.37923964E-02 4.77346087E-03 6.89619818E-02 1.20000000E-01
1.49593538E-02 4.99074103E-03 7.47967691E-02 1.20000000E-01
1.62250461E-02 5.20495755E-03 8.11252304E-02 1.20000000E-01
1.75978270E-02 5.43405725E-03 8.79891350E-02 1.20000000E-01
1.90867572E-02 5.67356307E-03 9.54337859E-02 1.20000000E-01
2.07016639E-02 5.91308537E-03 1.03508319E-01 1.20000000E-01
2.24532059E-02 6.18351397E-03 1.12266029E-01 1.20000000E-01
2.43529436E-02 6.43157834E-03 1.21764718E-01 1.20000000E-01
2.64134158E-02 6.73383311E-03 1.32067079E-01 1.20000000E-01
2.86482219E-02 6.99125874E-03 1.43241110E-01 1.20000000E-01
3.10721122E-02 7.32037916E-03 1.55360561E-01 1.20000000E-01
3.37010849E-02 7.60387462E-03 1.68505425E-01 1.20000000E-01
3.65524917E-02 7.92604450E-03 1.82762458E-01 1.20000000E-01
3.96451524E-02 8.23229146E-03 1.98225762E-01 1.20000000E-01
4.29994793E-02 8.51226511E-03 2.14997396E-01 1.20000000E-01
4.66376116E-02 8.83003015E-03 2.33188058E-01 1.20000000E-01
5.05835617E-02 9.08720981E-03 2.52917808E-01 1.20000000E-01
5.48633737E-02 9.31559354E-03 2.74316869E-01 1.20000000E-01
5.95052953E-02 9.54859143E-03 2.97526477E-01 1.20000000E-01
6.45399642E-02 9.71273729E-03 3.22699821E-01 1.20000000E-01
7.00006100E-02 9.80891748E-03 3.50003050E-01 1.20000000E-01
7.59232743E-02 9.83385637E-03 3.79616371E-01 1.20000000E-01
8.23470478E-02 9.78332958E-03 4.11735239E-01 1.20000000E-01
8.93143288E-02 9.63993493E-03 4.46571644E-01 1.20000000E-01
9.68711028E-02 9.32681037E-03 4.84355514E-01 1.20000000E-01
1.05067246E-01 8.46135850E-03 5.25336230E-01 1.20000000E-01
1.13956855E-01 7.73967277E-03 5.69784273E-01 1.20000000E-01
1.23598602E-01 7.26252332E-03 6.17993009E-01 1.20000000E-01
1.34056125E-01 6.81047650E-03 6.70280627E-01 1.20000000E-01
1.45398447E-01 6.35941071E-03 7.26992234E-01 1.20000000E-01
1.57700428E-01 5.93731771E-03 7.88502140E-01 1.20000000E-01
1.71043265E-01 5.50496205E-03 8.55216323E-01 1.20000000E-01
1.85515022E-01 5.06154359E-03 9.27575109E-01 1.20000000E-01
2.01211216E-01 4.61988148E-03 1.00605608E+00 1.20000000E-01
2.18235446E-01 4.21528656E-03 1.09117723E+00 1.20000000E-01
2.36700075E-01 3.90402011E-03 1.18350038E+00 1.20000000E-01
2.56726973E-01 3.71092061E-03 1.28363487E+00 1.20000000E-01
2.78448322E-01 3.61979015E-03 1.39224161E+00 1.20000000E-01
3.02007487E-01 3.59624405E-03 1.51003744E+00 1.20000000E-01
3.27559964E-01 3.61565079E-03 1.63779982E+00 1.20000000E-01
3.55274404E-01 3.66371688E-03 1.77637202E+00 1.20000000E-01
3.85333728E-01 3.74947871E-03 1.92666864E+00 1.20000000E-01
4.17936334E-01 3.84185572E-03 2.08968167E+00 1.20000000E-01
4.53297406E-01 3.94844265E-03 2.26648703E+00 1.20000000E-01
4.91650334E-01 4.06169925E-03 2.45825167E+00 1.20000000E-01
5.33248256E-01 4.19676972E-03 2.66624128E+00 1.20000000E-01
5.78365725E-01 4.32503481E-03 2.89182863E+00 1.20000000E-01
6.27300528E-01 4.46724681E-03 3.13650264E+00 1.20000000E-01
6.80375643E-01 4.62055118E-03 3.40187821E+00 1.20000000E-01
7.37941377E-01 4.76008355E-03 3.68970689E+00 1.20000000E-01
8.00377677E-01 4.91175388E-03 4.00188838E+00 1.20000000E-01
8.68096633E-01 5.06586799E-03 4.34048317E+00 1.20000000E-01
9.41545207E-01 5.20115786E-03 4.70772603E+00 1.20000000E-01
1.02120817E+00 5.32232565E-03 5.10604086E+00 1.20000000E-01
1.10761132E+00 5.45457093E-03 5.53805661E+00 1.20000000E-01
1.20132493E+00 5.57289917E-03 6.00662467E+00 1.20000000E-01
1.30296754E+00 5.68345672E-03 6.51483769E+00 1.20000000E-01
1.41321000E+00 5.78369649E-03 7.06604998E+00 1.20000000E-01
1.53277993E+00 5.87799210E-03 7.66389965E+00 1.20000000E-01
1.66246653E+00 5.90509042E-03 8.31233264E+00 1.20000000E-01
1.80312575E+00 5.79207443E-03 9.01562874E+00 1.20000000E-01
1.95568597E+00 5.81602567E-03 9.77842984E+00 1.20000000E-01
2.12115412E+00 5.92658400E-03 1.06057706E+01 1.20000000E-01
2.30062232E+00 6.06864987E-03 1.15031116E+01 1.20000000E-01
2.49527511E+00 6.22464661E-03 1.24763755E+01 1.20000000E-01
2.70639722E+00 6.38127983E-03 1.35319861E+01 1.20000000E-01
2.93538211E+00 6.59904284E-03 1.46769106E+01 1.20000000E-01
3.18374113E+00 6.80525660E-03 1.59187057E+01 1.20000000E-01
3.45311350E+00 7.00041230E-03 1.72655675E+01 1.20000000E-01
3.74527712E+00 7.26023966E-03 1.87263856E+01 1.20000000E-01
4.06216035E+00 7.49837460E-03 2.03108017E+01 1.20000000E-01
4.40585467E+00 7.72929371E-03 2.20292733E+01 1.20000000E-01
4.77862853E+00 8.01635483E-03 2.38931427E+01 1.20000000E-01
5.18294233E+00 8.27406440E-03 2.59147117E+01 1.20000000E-01
5.62146462E+00 8.54408147E-03 2.81073231E+01 1.20000000E-01
6.09708972E+00 8.85219912E-03 3.04854486E+01 1.20000000E-01
6.61295688E+00 9.13294826E-03 3.30647844E+01 1.20000000E-01
7.17247091E+00 9.45189089E-03 3.58623546E+01 1.20000000E-01
7.77932473E+00 9.78665169E-03 3.88966236E+01 1.20000000E-01
8.43752369E+00 1.00877678E-02 4.21876184E+01 1.20000000E-01
9.15141204E+00 1.04534786E-02 4.57570602E+01 1.20000000E-01
9.92570160E+00 1.08104967E-02 4.96285080E+01 1.20000000E-01
1.07655028E+01 1.11329158E-02 5.38275141E+01 1.20000000E-01
1.16763586E+01 1.15621426E-02 5.83817930E+01 1.20000000E-01
1.26642807E+01 1.19529902E-02 6.33214036E+01 1.20000000E-01
1.37357897E+01 1.23475744E-02 6.86789486E+01 1.20000000E-01
1.48979578E+01 1.28078447E-02 7.44897888E+01 1.20000000E-01
1.61584554E+01 1.32217548E-02 8.07922769E+01 1.20000000E-01
1.75256021E+01 1.36810957E-02 8.76280106E+01 1.20000000E-01
1.90084215E+01 1.41725611E-02 9.50421073E+01 1.20000000E-01
2.06167003E+01 1.46141693E-02 1.03083501E+02 1.20000000E-01
2.23610536E+01 1.51546025E-02 1.11805268E+02 1.20000000E-01
2.42529944E+01 1.56796781E-02 1.21264972E+02 1.20000000E-01
2.63050100E+01 1.61570053E-02 1.31525050E+02 1.20000000E-01
2.85306441E+01 1.67847616E-02 1.42653221E+02 1.20000000E-01
3.09445863E+01 1.73483154E-02 1.54722932E+02 1.20000000E-01
3.35627692E+01 1.79214186E-02 1.67813846E+02 1.20000000E-01
3.64024732E+01 1.85936115E-02 1.82012366E+02 1.20000000E-01
3.94824410E+01 1.91924765E-02 1.97412205E+02 1.20000000E-01
4.28230011E+01 1.98750055E-02 2.14115006E+02 1.20000000E-01
4.64462018E+01 2.05899812E-02 2.32231009E+02 1.20000000E-01
5.03759570E+01 2.12288180E-02 2.51879785E+02 1.20000000E-01
5.46382039E+01 2.20356228E-02 2.73191019E+02 1.20000000E-01
5.92610742E+01 2.27962969E-02 2.96305371E+02 1.20000000E-01
6.42750797E+01 2.35144376E-02 3.21375399E+02 1.20000000E-01
6.97133140E+01 2.44232868E-02 3.48566570E+02 1.20000000E-01
7.56116706E+01 2.52316806E-02 3.78058353E+02 1.20000000E-01
8.20090797E+01 2.60946150E-02 4.10045398E+02 1.20000000E-01
8.89477656E+01 2.70581082E-02 4.44738828E+02 1.20000000E-01
9.64735251E+01 2.79165585E-02 4.82367626E+02 1.20000000E-01
1.04636030E+02 2.89420539E-02 5.23180149E+02 1.20000000E-01
1.13489154E+02 2.99657946E-02 5.67445768E+02 1.20000000E-01
1.23091329E+02 3.08753344E-02 6.15456647E+02 1.20000000E-01
1.33505933E+02 3.20810858E-02 6.67529666E+02 1.20000000E-01
1.44801704E+02 3.31622179E-02 7.24008518E+02 1.20000000E-01
1.57053195E+02 3.42350948E-02 7.85265976E+02 1.20000000E-01
1.70341270E+02 3.55237119E-02 8.51706350E+02 1.20000000E-01
1.84753632E+02 3.66690662E-02 9.23768162E+02 1.20000000E-01
2.00385407E+02 3.79324171E-02 1.00192703E+03 1.20000000E-01
2.17339766E+02 3.92977412E-02 1.08669883E+03 1.20000000E-01
2.35728613E+02 4.05113604E-02 1.17864306E+03 1.20000000E-01
2.55673316E+02 4.19850784E-02 1.27836658E+03 1.20000000E-01
2.77305517E+02 4.34344836E-02 1.38652758E+03 1.20000000E-01
3.00767991E+02 4.47253026E-02 1.50383995E+03 1.20000000E-01
3.26215595E+02 4.64386752E-02 1.63107798E+03 1.20000000E-01
3.53816290E+02 4.79923151E-02 1.76908145E+03 1.20000000E-01
3.83752244E+02 4.95076601E-02 1.91876122E+03 1.20000000E-01
4.16221043E+02 5.13871535E-02 2.08110522E+03 1.20000000E-01
4.51436986E+02 5.30529590E-02 2.25718493E+03 1.20000000E-01
4.89632507E+02 5.48633326E-02 2.44816253E+03 1.20000000E-01
5.31059702E+02 5.68924432E-02 2.65529851E+03 1.20000000E-01
5.75992001E+02 5.86950860E-02 2.87996001E+03 1.20000000E-01
6.24725966E+02 6.08888811E-02 3.12362983E+03 1.20000000E-01
6.77583250E+02 6.30588329E-02 3.38791625E+03 1.20000000E-01
7.34912724E+02 6.50273402E-02 3.67456362E+03 1.20000000E-01
7.97092773E+02 6.76381299E-02 3.98546386E+03 1.20000000E-01
8.64533798E+02 6.99563116E-02 4.32266899E+03 1.20000000E-01
9.37680924E+02 7.24189917E-02 4.68840462E+03 1.20000000E-01
1.01701694E+03 7.52006127E-02 5.08508469E+03 1.20000000E-01
1.10306547E+03 7.76681919E-02 5.51532736E+03 1.20000000E-01
1.19639447E+03 8.07408628E-02 5.98197233E+03 1.20000000E-01
1.29761991E+03 8.36862465E-02 6.48809954E+03 1.20000000E-01
1.40740991E+03 8.65707454E-02 7.03704955E+03 1.20000000E-01
1.52648911E+03 9.00774820E-02 7.63244553E+03 1.20000000E-01
1.65564345E+03 9.31711220E-02 8.27821723E+03 1.20000000E-01
1.79572537E+03 9.68547137E-02 8.97862686E+03 1.20000000E-01
1.94765946E+03 1.00520085E-01 9.73829728E+03 1.20000000E-01
2.11244849E+03 1.04010502E-01 1.05622425E+04 1.20000000E-01
