1.01020215E-03 2.87210729E-02 1.00000000E-01 1.20000000E-01
1.09567409E-03 2.75545262E-02 1.00000000E-01 1.20000000E-01
1.18837771E-03 2.64048232E-02 1.00000000E-01 1.20000000E-01
1.28892486E-03 2.52600923E-02 1.00000000E-01 1.20000000E-01
1.39797919E-03 2.42097696E-02 1.00000000E-01 1.20000000E-01
1.51626046E-03 2.31163065E-02 1.00000000E-01 1.20000000E-01
1.64454937E-03 2.21602189E-02 1.00000000E-01 1.20000000E-01
1.78369264E-03 2.11398830E-02 1.00000000E-01 1.20000000E-01
1.93460865E-03 2.02815465E-02 1.00000000E-01 1.20000000E-01
2.09829347E-03 1.93342378E-02 1.00000000E-01 1.20000000E-01
2.27582746E-03 1.85746834E-02 1.00000000E-01 1.20000000E-01
2.46838239E-03 1.76985181E-02 1.00000000E-01 1.20000000E-01
2.67722914E-03 1.70309395E-02 1.00000000E-01 1.20000000E-01
2.90374616E-03 1.62572916E-02 1.00000000E-01 1.20000000E-01
3.14942850E-03 1.56341305E-02 1.00000000E-01 1.20000000E-01
3.41589772E-03 1.49613624E-02 1.00000000E-01 1.20000000E-01
3.70491256E-03 1.43664012E-02 1.00000000E-01 1.20000000E-01
4.01838059E-03 1.37804562E-02 1.00000000E-01 1.20000000E-01
4.35837076E-03 1.32098781E-02 1.00000000E-01 1.20000000E-01
4.72712707E-03 1.26999704E-02 1.00000000E-01 1.20000000E-01
5.12708340E-03 1.21494186E-02 1.00000000E-01 1.20000000E-01
5.56087953E-03 1.17058565E-02 1.00000000E-01 1.20000000E-01
6.03137861E-03 1.11923279E-02 1.00000000E-01 1.20000000E-01
6.54168603E-03 1.07833877E-02 1.00000000E-01 1.20000000E-01
7.09516992E-03 1.03320353E-02 1.00000000E-01 1.20000000E-01
7.69548340E-03 9.92491280E-03 1.00000000E-01 1.20000000E-01
8.34658865E-03 9.52603451E-03 1.00000000E-01 1.20000000E-01
9.05278310E-03 9.12471390E-03 1.00000000E-01 1.20000000E-01
9.81872778E-03 8.76663974E-03 1.00000000E-01 1.20000000E-01
1.06494781E-02 8.37437543E-03 1.00000000E-01 1.20000000E-01
1.15505171E-02 8.04800491E-03 1.00000000E-01 1.20000000E-01
1.25277920E-02 7.66738379E-03 1.00000000E-01 1.20000000E-01
1.35877528E-02 7.36336461E-03 1.00000000E-01 1.20000000E-01
1.47373957E-02 6.99776832E-03 1.00000000E-01 1.20000000E-01
1.59843083E-02 6.70371285E-03 1.00000000E-01 1.20000000E-01
1.73367207E-02 6.35508364E-03 1.00000000E-01 1.20000000E-01
1.88035590E-02 6.05697511E-03 1.00000000E-01 1.20000000E-01
2.03945047E-02 5.72582913E-03 1.00000000E-01 1.20000000E-01
2.21200583E-02 5.40307114E-03 1.00000000E-01 1.20000000E-01
2.39916088E-02 5.08523921E-03 1.00000000E-01 1.20000000E-01
2.60215089E-02 4.74126181E-03 1.00000000E-01 1.20000000E-01
2.82231563E-02 4.38105140E-03 1.00000000E-01 1.20000000E-01
3.06110824E-02 3.99247457E-03 1.00000000E-01 1.20000000E-01
3.32010479E-02 3.34298224E-03 1.00000000E-01 1.20000000E-01
3.60101471E-02 1.31644302E-03 1.00000000E-01 1.20000000E-01
3.90569208E-02 2.14907045E-04 1.00000000E-01 1.20000000E-01
4.23614781E-02 3.79876404E-05 1.00000000E-01 1.20000000E-01
4.59456299E-02 7.20058791E-06 1.00000000E-01 1.20000000E-01
4.98330323E-02 4.79572192E-04 1.00000000E-01 1.20000000E-01
5.40493430E-02 1.80974230E-03 1.00000000E-01 1.20000000E-01
5.86223905E-02 2.40408233E-03 1.00000000E-01 1.20000000E-01
6.35823579E-02 2.82978931E-03 1.00000000E-01 1.20000000E-01
6.89619818E-02 3.16080456E-03 1.00000000E-01 1.20000000E-01
7.47967691E-02 3.40267071E-03 1.00000000E-01 1.20000000E-01
8.11252304E-02 3.57835412E-03 1.00000000E-01 1.20000000E-01
8.79891350E-02 3.67759417E-03 1.00000000E-01 1.20000000E-01
9.54337859E-02 3.71876606E-03 1.00000000E-01 1.20000000E-01
1.03508319E-01 3.56188131E-03 1.00000000E-01 1.20000000E-01
1.12266029E-01 3.26477349E-03 1.00000000E-01 1.20000000E-01
1.21764718E-01 3.10618355E-03 1.00000000E-01 1.20000000E-01
1.32067079E-01 2.96234548E-03 1.00000000E-01 1.20000000E-01
1.43241110E-01 2.80858916E-03 1.00000000E-01 1.20000000E-01
1.55360561E-01 2.65556984E-03 1.00000000E-01 1.20000000E-01
1.68505425E-01 2.48372253E-03 1.00000000E-01 1.20000000E-01
1.82762458E-01 2.29893726E-03 1.00000000E-01 1.20000000E-01
1.98225762E-01 2.10327319E-03 1.00000000E-01 1.20000000E-01
2.14997396E-01 1.88633572E-03 1.00000000E-01 1.20000000E-01
2.33188058E-01 1.64013713E-03 1.00000000E-01 1.20000000E-01
2.52917808E-01 1.38230503E-03 1.00000000E-01 1.20000000E-01
2.74316869E-01 1.21204919E-03 1.00000000E-01 1.20000000E-01
2.97526477E-01 1.15074285E-03 1.00000000E-01 1.20000000E-01
3.22699821E-01 1.13634972E-03 1.00000000E-01 1.20000000E-01
3.50003050E-01 1.14017580E-03 1.00000000E-01 1.20000000E-01
3.79616371E-01 1.15603798E-03 1.00000000E-01 1.20000000E-01
4.11735239E-01 1.17830220E-03 1.00000000E-01 1.20000000E-01
4.46571644E-01 1.20242614E-03 1.00000000E-01 1.20000000E-01
4.84355514E-01 1.23545259E-03 1.00000000E-01 1.20000000E-01
5.25336230E-01 1.26682934E-03 1.00000000E-01 1.20000000E-01
5.69784273E-01 1.29585414E-03 1.00000000E-01 1.20000000E-01
6.17993009E-01 1.32243660E-03 1.00000000E-01 1.20000000E-01
6.70280627E-01 1.34902568E-03 1.00000000E-01 1.20000000E-01
7.26992234E-01 1.36561015E-03 1.00000000E-01 1.20000000E-01
7.88502140E-01 1.36195819E-03 1.00000000E-01 1.20000000E-01
8.55216323E-01 1.30935510E-03 1.00000000E-01 1.20000000E-01
9.27575109E-01 1.26750318E-03 1.00000000E-01 1.20000000E-01
1.00605608E+00 1.24362222E-03 1.00000000E-01 1.20000000E-01
1.09117723E+00 1.23360659E-03 1.00000000E-01 1.20000000E-01
1.18350038E+00 1.23438847E-03 1.00000000E-01 1.20000000E-01
1.28363487E+00 1.24370889E-03 1.00000000E-01 1.20000000E-01
1.39224161E+00 1.25913153E-03 1.00000000E-01 1.20000000E-01
1.51003744E+00 1.27790494E-03 1.00000000E-01 1.20000000E-01
1.63779982E+00 1.29652160E-03 1.00000000E-01 1.20000000E-01
1.77637202E+00 1.30978085E-03 1.00000000E-01 1.20000000E-01
1.92666864E+00 1.33508459E-03 1.00000000E-01 1.20000000E-01
2.08968167E+00 1.36989940E-03 1.00000000E-01 1.20000000E-01
2.26648703E+00 1.40577998E-03 1.00000000E-01 1.20000000E-01
2.45825167E+00 1.44112774E-03 1.00000000E-01 1.20000000E-01
2.66624128E+00 1.48765646E-03 1.00000000E-01 1.20000000E-01
2.89182863E+00 1.53385472E-03 1.00000000E-01 1.20000000E-01
3.13650264E+00 1.57699624E-03 1.00000000E-01 1.20000000E-01
3.40187821E+00 1.63024247E-03 1.00000000E-01 1.20000000E-01
3.68970689E+00 1.68344750E-03 1.00000000E-01 1.20000000E-01
4.00188838E+00 1.73245921E-03 1.00000000E-01 1.20000000E-01
4.34048317E+00 1.79426040E-03 1.00000000E-01 1.20000000E-01
4.70772603E+00 1.85435392E-03 1.00000000E-01 1.20000000E-01
5.10604086E+00 1.90881948E-03 1.00000000E-01 1.20000000E-01
5.53805661E+00 1.97997743E-03 1.00000000E-01 1.20000000E-01
6.00662467E+00 2.04513782E-03 1.00000000E-01 1.20000000E-01
6.51483769E+00 2.10805496E-03 1.00000000E-01 1.20000000E-01
7.06604998E+00 2.18653237E-03 1.00000000E-01 1.20000000E-01
7.66389965E+00 2.25765228E-03 1.00000000E-01 1.20000000E-01
8.31233264E+00 2.33246196E-03 1.00000000E-01 1.20000000E-01
9.01562874E+00 2.41781030E-03 1.00000000E-01 1.20000000E-01
9.77842984E+00 2.49462181E-03 1.00000000E-01 1.20000000E-01
1.06057706E+01 2.58303412E-03 1.00000000E-01 1.20000000E-01
1.15031116E+01 2.67457836E-03 1.00000000E-01 1.20000000E-01
1.24763755E+01 2.75724963E-03 1.00000000E-01 1.20000000E-01
1.35319861E+01 2.86049729E-03 1.00000000E-01 1.20000000E-01
1.46769106E+01 2.95854054E-03 1.00000000E-01 1.20000000E-01
1.59187057E+01 3.05044998E-03 1.00000000E-01 1.20000000E-01
1.72655675E+01 3.16707249E-03 1.00000000E-01 1.20000000E-01
1.87263856E+01 3.27208570E-03 1.00000000E-01 1.20000000E-01
2.03108017E+01 3.38127167E-03 1.00000000E-01 1.20000000E-01
2.20292733E+01 3.50642500E-03 1.00000000E-01 1.20000000E-01
2.38931427E+01 3.61809399E-03 1.00000000E-01 1.20000000E-01
2.59147117E+01 3.74798719E-03 1.00000000E-01 1.20000000E-01
2.81073231E+01 3.88105446E-03 1.00000000E-01 1.20000000E-01
3.04854486E+01 4.00024441E-03 1.00000000E-01 1.20000000E-01
3.30647844E+01 4.15263245E-03 1.00000000E-01 1.20000000E-01
3.58623546E+01 4.29455783E-03 1.00000000E-01 1.20000000E-01
3.88966236E+01 4.42960274E-03 1.00000000E-01 1.20000000E-01
4.21876184E+01 4.59907356E-03 1.00000000E-01 1.20000000E-01
4.57570602E+01 4.74984246E-03 1.00000000E-01 1.20000000E-01
4.96285080E+01 4.91134323E-03 1.00000000E-01 1.20000000E-01
5.38275141E+01 5.09141164E-03 1.00000000E-01 1.20000000E-01
5.83817930E+01 5.25191201E-03 1.00000000E-01 1.20000000E-01
6.33214036E+01 5.44141142E-03 1.00000000E-01 1.20000000E-01
6.86789486E+01 5.63281498E-03 1.00000000E-01 1.20000000E-01
7.44897888E+01 5.80359212E-03 1.00000000E-01 1.20000000E-01
8.07922769E+01 6.02651218E-03 1.00000000E-01 1.20000000E-01
8.76280106E+01 6.23058737E-03 1.00000000E-01 1.20000000E-01
9.50421073E+01 6.42513696E-03 1.00000000E-01 1.20000000E-01
1.03083501E+02 6.66745070E-03 1.00000000E-01 1.20000000E-01
1.11805268E+02 6.88411922E-03 1.00000000E-01 1.20000000E-01
1.21264972E+02 7.11400502E-03 1.00000000E-01 1.20000000E-01
1.31525050E+02 7.37141916E-03 1.00000000E-01 1.20000000E-01
1.42653221E+02 7.60021007E-03 1.00000000E-01 1.20000000E-01
1.54722932E+02 7.86512674E-03 1.00000000E-01 1.20000000E-01
1.67813846E+02 8.13858557E-03 1.00000000E-01 1.20000000E-01
1.82012366E+02 8.38113384E-03 1.00000000E-01 1.20000000E-01
1.97412205E+02 8.68328756E-03 1.00000000E-01 1.20000000E-01
2.14115006E+02 8.97515104E-03 1.00000000E-01 1.20000000E-01
2.32231009E+02 9.23445005E-03 1.00000000E-01 1.20000000E-01
2.51879785E+02 9.57706076E-03 1.00000000E-01 1.20000000E-01
2.73191019E+02 9.88903542E-03 1.00000000E-01 1.20000000E-01
2.96305371E+02 1.01791110E-02 1.00000000E-01 1.20000000E-01
3.21375399E+02 1.05574313E-02 1.00000000E-01 1.20000000E-01
3.48566570E+02 1.08943646E-02 1.00000000E-01 1.20000000E-01
3.78058353E+02 1.12281869E-02 1.00000000E-01 1.20000000E-01
4.10045398E+02 1.16371852E-02 1.00000000E-01 1.20000000E-01
4.44738828E+02 1.20028933E-02 1.00000000E-01 1.20000000E-01
4.82367626E+02 1.23883294E-02 1.00000000E-01 1.20000000E-01
5.23180149E+02 1.28307492E-02 1.00000000E-01 1.20000000E-01
5.67445768E+02 1.32283549E-02 1.00000000E-01 1.20000000E-01
6.15456647E+02 1.36743235E-02 1.00000000E-01 1.20000000E-01
6.67529666E+02 1.41541625E-02 1.00000000E-01 1.20000000E-01
7.24008518E+02 1.45845763E-02 1.00000000E-01 1.20000000E-01
7.85265976E+02 1.51018186E-02 1.00000000E-01 1.20000000E-01
8.51706350E+02 1.56208269E-02 1.00000000E-01 1.20000000E-01
9.23768162E+02 1.60856694E-02 1.00000000E-01 1.20000000E-01
1.00192703E+03 1.66879540E-02 1.00000000E-01 1.20000000E-01
1.08669883E+03 1.72477171E-02 1.00000000E-01 1.20000000E-01
1.17864306E+03 1.77677545E-02 1.00000000E-01 1.20000000E-01
1.27836658E+03 1.84450569E-02 1.00000000E-01 1.20000000E-01
1.38652758E+03 1.90475480E-02 1.00000000E-01 1.20000000E-01
1.50383995E+03 1.96650902E-02 1.00000000E-01 1.20000000E-01
1.63107798E+03 2.03930199E-02 1.00000000E-01 1.20000000E-01
1.76908145E+03 2.10401420E-02 1.00000000E-01 1.20000000E-01
1.91876122E+03 2.17712293E-02 1.00000000E-01 1.20000000E-01
2.08110522E+03 2.25520500E-02 1.00000000E-01 1.20000000E-01
2.25718493E+03 2.32458492E-02 1.00000000E-01 1.20000000E-01
2.44816253E+03 2.41125965E-02 1.00000000E-01 1.20000000E-01
2.65529851E+03 2.49483340E-02 1.00000000E-01 1.20000000E-01
2.87996001E+03 2.57014822E-02 1.00000000E-01 1.20000000E-01
3.12362983E+03 2.67080233E-02 1.00000000E-01 1.20000000E-01
3.38791625E+03 2.76014688E-02 1.00000000E-01 1.20000000E-01
3.67456362E+03 2.85152828E-02 1.00000000E-01 1.20000000E-01
3.98546386E+03 2.95904158E-02 1.00000000E-01 1.20000000E-01
4.32266899E+03 3.05439098E-02 1.00000000E-01 1.20000000E-01
4.68840462E+03 3.16465399E-02 1.00000000E-01 1.20000000E-01
5.08508469E+03 3.27978800E-02 1.00000000E-01 1.20000000E-01
5.51532736E+03 3.38128269E-02 1.00000000E-01 1.20000000E-01
5.98197233E+03 3.51391009E-02 1.00000000E-01 1.20000000E-01
6.48809954E+03 3.63581090E-02 1.00000000E-01 1.20000000E-01
7.03704955E+03 3.75604685E-02 1.00000000E-01 1.20000000E-01
7.63244553E+03 3.90233929E-02 1.00000000E-01 1.20000000E-01
8.27821723E+03 4.03162216E-02 1.00000000E-01 1.20000000E-01
8.97862686E+03 4.18016307E-02 1.00000000E-01 1.20000000E-01
9.73829728E+03 4.33490991E-02 1.00000000E-01 1.20000000E-01
1.05622425E+04 4.47205709E-02 1.00000000E-01 1.20000000E-01
