9.85213366E-03 8.95160151E-01 1.00000000E+01 1.20000000E-01
1.01635965E-02 8.80059073E-01 1.00000000E+01 1.20000000E-01
1.04849059E-02 8.66815145E-01 1.00000000E+01 1.20000000E-01
1.08163731E-02 8.55712867E-01 1.00000000E+01 1.20000000E-01
1.11583192E-02 8.44108603E-01 1.00000000E+01 1.20000000E-01
1.15110755E-02 8.31804138E-01 1.00000000E+01 1.20000000E-01
1.18749838E-02 8.18845613E-01 1.00000000E+01 1.20000000E-01
1.22503966E-02 8.05224440E-01 1.00000000E+01 1.20000000E-01
1.26376775E-02 7.92215559E-01 1.00000000E+01 1.20000000E-01
1.30372019E-02 7.82269396E-01 1.00000000E+01 1.20000000E-01
1.34493567E-02 7.71931760E-01 1.00000000E+01 1.20000000E-01
1.38745413E-02 7.60908368E-01 1.00000000E+01 1.20000000E-01
1.43131676E-02 7.49235231E-01 1.00000000E+01 1.20000000E-01
1.47656605E-02 7.37080569E-01 1.00000000E+01 1.20000000E-01
1.52324584E-02 7.24292525E-01 1.00000000E+01 1.20000000E-01
1.57140135E-02 7.15591635E-01 1.00000000E+01 1.20000000E-01
1.62107924E-02 7.06186392E-01 1.00000000E+01 1.20000000E-01
1.67232763E-02 6.96243252E-01 1.00000000E+01 1.20000000E-01
1.72519617E-02 6.85915959E-01 1.00000000E+01 1.20000000E-01
1.77973609E-02 6.75078124E-01 1.00000000E+01 1.20000000E-01
1.83600022E-02 6.63440124E-01 1.00000000E+01 1.20000000E-01
1.89404307E-02 6.54370919E-01 1.00000000E+01 1.20000000E-01
1.95392088E-02 6.46037325E-01 1.00000000E+01 1.20000000E-01
2.01569164E-02 6.37146608E-01 1.00000000E+01 1.20000000E-01
2.07941521E-02 6.27793271E-01 1.00000000E+01 1.20000000E-01
2.14515332E-02 6.18064528E-01 1.00000000E+01 1.20000000E-01
2.21296966E-02 6.07606406E-01 1.00000000E+01 1.20000000E-01
2.28292993E-02 5.98402582E-01 1.00000000E+01 1.20000000E-01
2.35510190E-02 5.90901166E-01 1.00000000E+01 1.20000000E-01
2.42955550E-02 5.82929117E-01 1.00000000E+01 1.20000000E-01
2.50636286E-02 5.74489061E-01 1.00000000E+01 1.20000000E-01
2.58559839E-02 5.65521141E-01 1.00000000E+01 1.20000000E-01
2.66733885E-02 5.56023463E-01 1.00000000E+01 1.20000000E-01
2.75166343E-02 5.46923602E-01 1.00000000E+01 1.20000000E-01
2.83865383E-02 5.39986778E-01 1.00000000E+01 1.20000000E-01
2.92839432E-02 5.32662068E-01 1.00000000E+01 1.20000000E-01
3.02097184E-02 5.24865279E-01 1.00000000E+01 1.20000000E-01
3.11647609E-02 5.16539954E-01 1.00000000E+01 1.20000000E-01
3.21499958E-02 5.07768118E-01 1.00000000E+01 1.20000000E-01
3.31663777E-02 4.98860759E-01 1.00000000E+01 1.20000000E-01
3.42148913E-02 4.92277381E-01 1.00000000E+01 1.20000000E-01
3.52965523E-02 4.85227037E-01 1.00000000E+01 1.20000000E-01
3.64124086E-02 4.77665792E-01 1.00000000E+01 1.20000000E-01
3.75635414E-02 4.69632773E-01 1.00000000E+01 1.20000000E-01
3.87510658E-02 4.60897573E-01 1.00000000E+01 1.20000000E-01
3.99761322E-02 4.52900775E-01 1.00000000E+01 1.20000000E-01
4.12399276E-02 4.46195721E-01 1.00000000E+01 1.20000000E-01
4.25436764E-02 4.38940245E-01 1.00000000E+01 1.20000000E-01
4.38886415E-02 4.31063428E-01 1.00000000E+01 1.20000000E-01
4.52761260E-02 4.22476447E-01 1.00000000E+01 1.20000000E-01
4.67074741E-02 4.13865484E-01 1.00000000E+01 1.20000000E-01
4.81840725E-02 4.07151848E-01 1.00000000E+01 1.20000000E-01
4.97073516E-02 3.99757103E-01 1.00000000E+01 1.20000000E-01
5.12787874E-02 3.91622945E-01 1.00000000E+01 1.20000000E-01
5.28999021E-02 3.82685993E-01 1.00000000E+01 1.20000000E-01
5.45722664E-02 3.74655498E-01 1.00000000E+01 1.20000000E-01
5.62975003E-02 3.67433258E-01 1.00000000E+01 1.20000000E-01
5.80772754E-02 3.59278114E-01 1.00000000E+01 1.20000000E-01
5.99133158E-02 3.50177150E-01 1.00000000E+01 1.20000000E-01
6.18074003E-02 3.41618420E-01 1.00000000E+01 1.20000000E-01
6.37613640E-02 3.34004492E-01 1.00000000E+01 1.20000000E-01
6.57770997E-02 3.25324143E-01 1.00000000E+01 1.20000000E-01
6.78565605E-02 3.15626024E-01 1.00000000E+01 1.20000000E-01
7.00017608E-02 3.07706953E-01 1.00000000E+01 1.20000000E-01
7.22147789E-02 2.99229643E-01 1.00000000E+01 1.20000000E-01
7.44977588E-02 2.89492314E-01 1.00000000E+01 1.20000000E-01
7.68529123E-02 2.80949484E-01 1.00000000E+01 1.20000000E-01
7.92825209E-02 2.72325370E-01 1.00000000E+01 1.20000000E-01
8.17889387E-02 2.62347629E-01 1.00000000E+01 1.20000000E-01
8.43745937E-02 2.54036652E-01 1.00000000E+01 1.20000000E-01
8.70419909E-02 2.44895441E-01 1.00000000E+01 1.20000000E-01
8.97937146E-02 2.35404160E-01 1.00000000E+01 1.20000000E-01
9.26324306E-02 2.26589302E-01 1.00000000E+01 1.20000000E-01
9.55608890E-02 2.16256946E-01 1.00000000E+01 1.20000000E-01
9.85819270E-02 2.06562026E-01 1.00000000E+01 1.20000000E-01
1.01698471E-01 1.93954062E-01 1.00000000E+01 1.20000000E-01
1.04913541E-01 1.78397702E-01 1.00000000E+01 1.20000000E-01
1.08230252E-01 1.65518903E-01 1.00000000E+01 1.20000000E-01
1.11651816E-01 1.55949341E-01 1.00000000E+01 1.20000000E-01
1.15181548E-01 1.46924364E-01 1.00000000E+01 1.20000000E-01
1.18822869E-01 1.38707615E-01 1.00000000E+01 1.20000000E-01
1.22579305E-01 1.31401316E-01 1.00000000E+01 1.20000000E-01
1.26454497E-01 1.23936598E-01 1.00000000E+01 1.20000000E-01
1.30452197E-01 1.17627220E-01 1.00000000E+01 1.20000000E-01
1.34576280E-01 1.11124022E-01 1.00000000E+01 1.20000000E-01
1.38830741E-01 1.05039658E-01 1.00000000E+01 1.20000000E-01
1.43219701E-01 9.94237342E-02 1.00000000E+01 1.20000000E-01
1.47747413E-01 9.36561784E-02 1.00000000E+01 1.20000000E-01
1.52418263E-01 8.86203314E-02 1.00000000E+01 1.20000000E-01
1.57236775E-01 8.35664360E-02 1.00000000E+01 1.20000000E-01
1.62207619E-01 7.85842513E-02 1.00000000E+01 1.20000000E-01
1.67335610E-01 7.41736408E-02 1.00000000E+01 1.20000000E-01
1.72625717E-01 6.97038993E-02 1.00000000E+01 1.20000000E-01
1.78083063E-01 6.53822587E-02 1.00000000E+01 1.20000000E-01
1.83712936E-01 6.14838524E-02 1.00000000E+01 1.20000000E-01
1.89520791E-01 5.76055728E-02 1.00000000E+01 1.20000000E-01
1.95512253E-01 5.38175641E-02 1.00000000E+01 1.20000000E-01
2.01693129E-01 5.04655978E-02 1.00000000E+01 1.20000000E-01
2.08069405E-01 4.72449695E-02 1.00000000E+01 1.20000000E-01
2.14647259E-01 4.41774090E-02 1.00000000E+01 1.20000000E-01
2.21433063E-01 4.14368042E-02 1.00000000E+01 1.20000000E-01
2.28433393E-01 3.90423644E-02 1.00000000E+01 1.20000000E-01
2.35655029E-01 3.68001653E-02 1.00000000E+01 1.20000000E-01
2.43104968E-01 3.49472909E-02 1.00000000E+01 1.20000000E-01
2.50790427E-01 3.32669693E-02 1.00000000E+01 1.20000000E-01
2.58718853E-01 3.18325190E-02 1.00000000E+01 1.20000000E-01
2.66897926E-01 3.05252948E-02 1.00000000E+01 1.20000000E-01
2.75335570E-01 2.94607563E-02 1.00000000E+01 1.20000000E-01
2.84039959E-01 2.83751826E-02 1.00000000E+01 1.20000000E-01
2.93019527E-01 2.75263573E-02 1.00000000E+01 1.20000000E-01
3.02282973E-01 2.67176594E-02 1.00000000E+01 1.20000000E-01
3.11839271E-01 2.58864717E-02 1.00000000E+01 1.20000000E-01
3.21697680E-01 2.52182918E-02 1.00000000E+01 1.20000000E-01
3.31867750E-01 2.45952378E-02 1.00000000E+01 1.20000000E-01
3.42359333E-01 2.39468230E-02 1.00000000E+01 1.20000000E-01
3.53182596E-01 2.33107755E-02 1.00000000E+01 1.20000000E-01
3.64348022E-01 2.28188607E-02 1.00000000E+01 1.20000000E-01
3.75866429E-01 2.23072067E-02 1.00000000E+01 1.20000000E-01
3.87748976E-01 2.17713445E-02 1.00000000E+01 1.20000000E-01
4.00007174E-01 2.12432582E-02 1.00000000E+01 1.20000000E-01
4.12652901E-01 2.08353742E-02 1.00000000E+01 1.20000000E-01
4.25698406E-01 2.04063869E-02 1.00000000E+01 1.20000000E-01
4.39156329E-01 1.99543728E-02 1.00000000E+01 1.20000000E-01
4.53039707E-01 1.94784664E-02 1.00000000E+01 1.20000000E-01
4.67361991E-01 1.91189162E-02 1.00000000E+01 1.20000000E-01
4.82137055E-01 1.87534088E-02 1.00000000E+01 1.20000000E-01
4.97379215E-01 1.83679213E-02 1.00000000E+01 1.20000000E-01
5.13103237E-01 1.79643841E-02 1.00000000E+01 1.20000000E-01
5.29324354E-01 1.75888362E-02 1.00000000E+01 1.20000000E-01
5.46058282E-01 1.72749126E-02 1.00000000E+01 1.20000000E-01
5.63321231E-01 1.69446719E-02 1.00000000E+01 1.20000000E-01
5.81129927E-01 1.65932218E-02 1.00000000E+01 1.20000000E-01
5.99501623E-01 1.62205501E-02 1.00000000E+01 1.20000000E-01
6.18454117E-01 1.59258720E-02 1.00000000E+01 1.20000000E-01
6.38005771E-01 1.56362806E-02 1.00000000E+01 1.20000000E-01
6.58175525E-01 1.53309190E-02 1.00000000E+01 1.20000000E-01
6.78982921E-01 1.50055290E-02 1.00000000E+01 1.20000000E-01
7.00448117E-01 1.46744731E-02 1.00000000E+01 1.20000000E-01
7.22591908E-01 1.44177439E-02 1.00000000E+01 1.20000000E-01
7.45435747E-01 1.41442862E-02 1.00000000E+01 1.20000000E-01
7.69001766E-01 1.38514928E-02 1.00000000E+01 1.20000000E-01
7.93312795E-01 1.35357415E-02 1.00000000E+01 1.20000000E-01
8.18392387E-01 1.32624555E-02 1.00000000E+01 1.20000000E-01
8.44264838E-01 1.30079056E-02 1.00000000E+01 1.20000000E-01
8.70955215E-01 1.27354015E-02 1.00000000E+01 1.20000000E-01
8.98489375E-01 1.24382661E-02 1.00000000E+01 1.20000000E-01
9.26893993E-01 1.21494473E-02 1.00000000E+01 1.20000000E-01
9.56196587E-01 1.19053507E-02 1.00000000E+01 1.20000000E-01
9.86425546E-01 1.16427048E-02 1.00000000E+01 1.20000000E-01
1.01761016E+00 1.13546269E-02 1.00000000E+01 1.20000000E-01
1.04978063E+00 1.10694318E-02 1.00000000E+01 1.20000000E-01
1.08296813E+00 1.08304655E-02 1.00000000E+01 1.20000000E-01
1.11720481E+00 1.05687922E-02 1.00000000E+01 1.20000000E-01
1.15252385E+00 1.02861391E-02 1.00000000E+01 1.20000000E-01
1.18895945E+00 1.00290253E-02 1.00000000E+01 1.20000000E-01
1.22654691E+00 9.79500086E-03 1.00000000E+01 1.20000000E-01
1.26532266E+00 9.54195414E-03 1.00000000E+01 1.20000000E-01
1.30532425E+00 9.26853539E-03 1.00000000E+01 1.20000000E-01
1.34659044E+00 9.05326677E-03 1.00000000E+01 1.20000000E-01
1.38916122E+00 8.82499629E-03 1.00000000E+01 1.20000000E-01
1.43307781E+00 8.57251833E-03 1.00000000E+01 1.20000000E-01
1.47838277E+00 8.33118634E-03 1.00000000E+01 1.20000000E-01
1.52512000E+00 8.10638684E-03 1.00000000E+01 1.20000000E-01
1.57333476E+00 7.84747838E-03 1.00000000E+01 1.20000000E-01
1.62307377E+00 7.58402906E-03 1.00000000E+01 1.20000000E-01
1.67438521E+00 7.32184493E-03 1.00000000E+01 1.20000000E-01
1.72731881E+00 6.99437681E-03 1.00000000E+01 1.20000000E-01
1.78192583E+00 6.70333327E-03 1.00000000E+01 1.20000000E-01
1.83825919E+00 6.42533464E-03 1.00000000E+01 1.20000000E-01
1.89637345E+00 6.21677962E-03 1.00000000E+01 1.20000000E-01
1.95632493E+00 6.00185888E-03 1.00000000E+01 1.20000000E-01
2.01817169E+00 5.79387211E-03 1.00000000E+01 1.20000000E-01
2.08197367E+00 5.58479057E-03 1.00000000E+01 1.20000000E-01
2.14779266E+00 5.36063767E-03 1.00000000E+01 1.20000000E-01
2.21569244E+00 5.13066747E-03 1.00000000E+01 1.20000000E-01
2.28573879E+00 4.83602624E-03 1.00000000E+01 1.20000000E-01
2.35799956E+00 4.50637815E-03 1.00000000E+01 1.20000000E-01
2.43254476E+00 4.06563756E-03 1.00000000E+01 1.20000000E-01
2.50944663E+00 3.46642613E-03 1.00000000E+01 1.20000000E-01
2.58877964E+00 2.63963934E-03 1.00000000E+01 1.20000000E-01
2.67062067E+00 1.75139706E-03 1.00000000E+01 1.20000000E-01
2.75504900E+00 1.09049974E-03 1.00000000E+01 1.20000000E-01
2.84214643E+00 6.76447727E-04 1.00000000E+01 1.20000000E-01
2.93199734E+00 4.24259362E-04 1.00000000E+01 1.20000000E-01
3.02468877E+00 2.69307176E-04 1.00000000E+01 1.20000000E-01
3.12031052E+00 1.73269902E-04 1.00000000E+01 1.20000000E-01
3.21895523E+00 1.13092561E-04 1.00000000E+01 1.20000000E-01
3.32071848E+00 7.43873145E-05 1.00000000E+01 1.20000000E-01
3.42569884E+00 4.96921848E-05 1.00000000E+01 1.20000000E-01
3.53399802E+00 3.34889537E-05 1.00000000E+01 1.20000000E-01
3.64572095E+00 2.27831274E-05 1.00000000E+01 1.20000000E-01
3.76097586E+00 1.56593787E-05 1.00000000E+01 1.20000000E-01
3.87987440E+00 1.08594625E-05 1.00000000E+01 1.20000000E-01
4.00253178E+00 7.59756448E-06 1.00000000E+01 1.20000000E-01
4.12906681E+00 5.35180451E-06 1.00000000E+01 1.20000000E-01
4.25960210E+00 3.78805717E-06 1.00000000E+01 1.20000000E-01
4.39426409E+00 2.70347068E-06 1.00000000E+01 1.20000000E-01
4.53318325E+00 1.93472470E-06 1.00000000E+01 1.20000000E-01
4.67649417E+00 1.38501053E-06 1.00000000E+01 1.20000000E-01
4.82433569E+00 1.04038885E-06 1.00000000E+01 1.20000000E-01
