9.85213366E-04 2.91064846E-01 1.00000000E+00 1.20000000E-01
1.01635965E-03 2.85856625E-01 1.00000000E+00 1.20000000E-01
1.04849059E-03 2.81989831E-01 1.00000000E+00 1.20000000E-01
1.08163731E-03 2.77871109E-01 1.00000000E+00 1.20000000E-01
1.11583192E-03 2.73500511E-01 1.00000000E+00 1.20000000E-01
1.15110755E-03 2.68822858E-01 1.00000000E+00 1.20000000E-01
1.18749838E-03 2.63839877E-01 1.00000000E+00 1.20000000E-01
1.22503966E-03 2.59414209E-01 1.00000000E+00 1.20000000E-01
1.26376775E-03 2.55724212E-01 1.00000000E+00 1.20000000E-01
1.30372019E-03 2.51766067E-01 1.00000000E+00 1.20000000E-01
1.34493567E-03 2.47551926E-01 1.00000000E+00 1.20000000E-01
1.38745413E-03 2.43066841E-01 1.00000000E+00 1.20000000E-01
1.43131676E-03 2.38293626E-01 1.00000000E+00 1.20000000E-01
1.47656605E-03 2.34839135E-01 1.00000000E+00 1.20000000E-01
1.52324584E-03 2.31297596E-01 1.00000000E+00 1.20000000E-01
1.57140135E-03 2.27527913E-01 1.00000000E+00 1.20000000E-01
1.62107924E-03 2.23531116E-01 1.00000000E+00 1.20000000E-01
1.67232763E-03 2.19271887E-01 1.00000000E+00 1.20000000E-01
1.72519617E-03 2.15478054E-01 1.00000000E+00 1.20000000E-01
1.77973609E-03 2.12321033E-01 1.00000000E+00 1.20000000E-01
1.83600022E-03 2.08973363E-01 1.00000000E+00 1.20000000E-01
1.89404307E-03 2.05424405E-01 1.00000000E+00 1.20000000E-01
1.95392088E-03 2.01661977E-01 1.00000000E+00 1.20000000E-01
2.01569164E-03 1.97710419E-01 1.00000000E+00 1.20000000E-01
2.07941521E-03 1.94921545E-01 1.00000000E+00 1.20000000E-01
2.14515332E-03 1.91987412E-01 1.00000000E+00 1.20000000E-01
2.21296966E-03 1.88883323E-01 1.00000000E+00 1.20000000E-01
2.28292993E-03 1.85599559E-01 1.00000000E+00 1.20000000E-01
2.35510190E-03 1.82126484E-01 1.00000000E+00 1.20000000E-01
2.42955550E-03 1.79037154E-01 1.00000000E+00 1.20000000E-01
2.50636286E-03 1.76510050E-01 1.00000000E+00 1.20000000E-01
2.58559839E-03 1.73820488E-01 1.00000000E+00 1.20000000E-01
2.66733885E-03 1.70979599E-01 1.00000000E+00 1.20000000E-01
2.75166343E-03 1.67978806E-01 1.00000000E+00 1.20000000E-01
2.83865383E-03 1.64808264E-01 1.00000000E+00 1.20000000E-01
2.92839432E-03 1.62419140E-01 1.00000000E+00 1.20000000E-01
3.02097184E-03 1.60105674E-01 1.00000000E+00 1.20000000E-01
3.11647609E-03 1.57664145E-01 1.00000000E+00 1.20000000E-01
3.21499958E-03 1.55086724E-01 1.00000000E+00 1.20000000E-01
3.31663777E-03 1.52387967E-01 1.00000000E+00 1.20000000E-01
3.42148913E-03 1.49562042E-01 1.00000000E+00 1.20000000E-01
3.52965523E-03 1.47581014E-01 1.00000000E+00 1.20000000E-01
3.64124086E-03 1.45499495E-01 1.00000000E+00 1.20000000E-01
3.75635414E-03 1.43300086E-01 1.00000000E+00 1.20000000E-01
3.87510658E-03 1.40985329E-01 1.00000000E+00 1.20000000E-01
3.99761322E-03 1.38535049E-01 1.00000000E+00 1.20000000E-01
4.12399276E-03 1.36113086E-01 1.00000000E+00 1.20000000E-01
4.25436764E-03 1.34331834E-01 1.00000000E+00 1.20000000E-01
4.38886415E-03 1.32460874E-01 1.00000000E+00 1.20000000E-01
4.52761260E-03 1.30484153E-01 1.00000000E+00 1.20000000E-01
4.67074741E-03 1.28399274E-01 1.00000000E+00 1.20000000E-01
4.81840725E-03 1.26202273E-01 1.00000000E+00 1.20000000E-01
4.97073516E-03 1.24023729E-01 1.00000000E+00 1.20000000E-01
5.12787874E-03 1.22439066E-01 1.00000000E+00 1.20000000E-01
5.28999021E-03 1.20759936E-01 1.00000000E+00 1.20000000E-01
5.45722664E-03 1.18986417E-01 1.00000000E+00 1.20000000E-01
5.62975003E-03 1.17120644E-01 1.00000000E+00 1.20000000E-01
5.80772754E-03 1.15145334E-01 1.00000000E+00 1.20000000E-01
5.99133158E-03 1.13149548E-01 1.00000000E+00 1.20000000E-01
6.18074003E-03 1.11717190E-01 1.00000000E+00 1.20000000E-01
6.37613640E-03 1.10211992E-01 1.00000000E+00 1.20000000E-01
6.57770997E-03 1.08635135E-01 1.00000000E+00 1.20000000E-01
6.78565605E-03 1.06962771E-01 1.00000000E+00 1.20000000E-01
7.00017608E-03 1.05206016E-01 1.00000000E+00 1.20000000E-01
7.22147789E-03 1.03341380E-01 1.00000000E+00 1.20000000E-01
7.44977588E-03 1.02025437E-01 1.00000000E+00 1.20000000E-01
7.68529123E-03 1.00682321E-01 1.00000000E+00 1.20000000E-01
7.92825209E-03 9.92675026E-02 1.00000000E+00 1.20000000E-01
8.17889387E-03 9.77720734E-02 1.00000000E+00 1.20000000E-01
8.43745937E-03 9.61874651E-02 1.00000000E+00 1.20000000E-01
8.70419909E-03 9.45160744E-02 1.00000000E+00 1.20000000E-01
8.97937146E-03 9.32292442E-02 1.00000000E+00 1.20000000E-01
9.26324306E-03 9.20307014E-02 1.00000000E+00 1.20000000E-01
9.55608890E-03 9.07541599E-02 1.00000000E+00 1.20000000E-01
9.85819270E-03 8.94118875E-02 1.00000000E+00 1.20000000E-01
1.01698471E-02 8.80012018E-02 1.00000000E+00 1.20000000E-01
1.04913541E-02 8.65136654E-02 1.00000000E+00 1.20000000E-01
1.08230252E-02 8.52203227E-02 1.00000000E+00 1.20000000E-01
1.11651816E-02 8.41451416E-02 1.00000000E+00 1.20000000E-01
1.15181548E-02 8.30006994E-02 1.00000000E+00 1.20000000E-01
1.18822869E-02 8.17972529E-02 1.00000000E+00 1.20000000E-01
1.22579305E-02 8.05417535E-02 1.00000000E+00 1.20000000E-01
1.26454497E-02 7.91980088E-02 1.00000000E+00 1.20000000E-01
1.30452197E-02 7.79116974E-02 1.00000000E+00 1.20000000E-01
1.34576280E-02 7.69545223E-02 1.00000000E+00 1.20000000E-01
1.38830741E-02 7.59303343E-02 1.00000000E+00 1.20000000E-01
1.43219701E-02 7.48473881E-02 1.00000000E+00 1.20000000E-01
1.47747413E-02 7.37152684E-02 1.00000000E+00 1.20000000E-01
1.52418263E-02 7.25236680E-02 1.00000000E+00 1.20000000E-01
1.57236775E-02 7.12722122E-02 1.00000000E+00 1.20000000E-01
1.62207619E-02 7.03895575E-02 1.00000000E+00 1.20000000E-01
1.67335610E-02 6.94674149E-02 1.00000000E+00 1.20000000E-01
1.72625717E-02 6.85128191E-02 1.00000000E+00 1.20000000E-01
1.78083063E-02 6.74908742E-02 1.00000000E+00 1.20000000E-01
1.83712936E-02 6.64155131E-02 1.00000000E+00 1.20000000E-01
1.89520791E-02 6.52729350E-02 1.00000000E+00 1.20000000E-01
1.95512253E-02 6.43737472E-02 1.00000000E+00 1.20000000E-01
2.01693129E-02 6.35461659E-02 1.00000000E+00 1.20000000E-01
2.08069405E-02 6.26764625E-02 1.00000000E+00 1.20000000E-01
2.14647259E-02 6.17686702E-02 1.00000000E+00 1.20000000E-01
2.21433063E-02 6.07940140E-02 1.00000000E+00 1.20000000E-01
2.28433393E-02 5.97636471E-02 1.00000000E+00 1.20000000E-01
2.35655029E-02 5.88547396E-02 1.00000000E+00 1.20000000E-01
2.43104968E-02 5.81063467E-02 1.00000000E+00 1.20000000E-01
2.50790427E-02 5.73185410E-02 1.00000000E+00 1.20000000E-01
2.58718853E-02 5.64834578E-02 1.00000000E+00 1.20000000E-01
2.66897926E-02 5.55950160E-02 1.00000000E+00 1.20000000E-01
2.75335570E-02 5.46636360E-02 1.00000000E+00 1.20000000E-01
2.84039959E-02 5.37551286E-02 1.00000000E+00 1.20000000E-01
2.93019527E-02 5.30643160E-02 1.00000000E+00 1.20000000E-01
3.02282973E-02 5.23334788E-02 1.00000000E+00 1.20000000E-01
3.11839271E-02 5.15540881E-02 1.00000000E+00 1.20000000E-01
3.21697680E-02 5.07233346E-02 1.00000000E+00 1.20000000E-01
3.31867750E-02 4.98384866E-02 1.00000000E+00 1.20000000E-01
3.42359333E-02 4.89763603E-02 1.00000000E+00 1.20000000E-01
3.53182596E-02 4.83113613E-02 1.00000000E+00 1.20000000E-01
3.64348022E-02 4.75969139E-02 1.00000000E+00 1.20000000E-01
3.75866429E-02 4.68326226E-02 1.00000000E+00 1.20000000E-01
3.87748976E-02 4.60034977E-02 1.00000000E+00 1.20000000E-01
4.00007174E-02 4.51083915E-02 1.00000000E+00 1.20000000E-01
4.12652901E-02 4.43685713E-02 1.00000000E+00 1.20000000E-01
4.25698406E-02 4.36780880E-02 1.00000000E+00 1.20000000E-01
4.39156329E-02 4.29244300E-02 1.00000000E+00 1.20000000E-01
4.53039707E-02 4.21039466E-02 1.00000000E+00 1.20000000E-01
4.67361991E-02 4.12135080E-02 1.00000000E+00 1.20000000E-01
4.82137055E-02 4.04327134E-02 1.00000000E+00 1.20000000E-01
4.97379215E-02 3.97242358E-02 1.00000000E+00 1.20000000E-01
5.13103237E-02 3.89442056E-02 1.00000000E+00 1.20000000E-01
5.29324354E-02 3.80811654E-02 1.00000000E+00 1.20000000E-01
5.46058282E-02 3.71493809E-02 1.00000000E+00 1.20000000E-01
5.63321231E-02 3.64497355E-02 1.00000000E+00 1.20000000E-01
5.81129927E-02 3.56580613E-02 1.00000000E+00 1.20000000E-01
5.99501623E-02 3.47723644E-02 1.00000000E+00 1.20000000E-01
6.18454117E-02 3.38217658E-02 1.00000000E+00 1.20000000E-01
6.38005771E-02 3.30753034E-02 1.00000000E+00 1.20000000E-01
6.58175525E-02 3.22271260E-02 1.00000000E+00 1.20000000E-01
6.78982921E-02 3.12660420E-02 1.00000000E+00 1.20000000E-01
7.00448117E-02 3.04117885E-02 1.00000000E+00 1.20000000E-01
7.22591908E-02 2.95691014E-02 1.00000000E+00 1.20000000E-01
7.45435747E-02 2.86106200E-02 1.00000000E+00 1.20000000E-01
7.69001766E-02 2.77141439E-02 1.00000000E+00 1.20000000E-01
7.93312795E-02 2.68451154E-02 1.00000000E+00 1.20000000E-01
8.18392387E-02 2.58471324E-02 1.00000000E+00 1.20000000E-01
8.44264838E-02 2.49950907E-02 1.00000000E+00 1.20000000E-01
8.70955215E-02 2.40713063E-02 1.00000000E+00 1.20000000E-01
8.98489375E-02 2.31136196E-02 1.00000000E+00 1.20000000E-01
9.26893993E-02 2.22183789E-02 1.00000000E+00 1.20000000E-01
9.56196587E-02 2.11898830E-02 1.00000000E+00 1.20000000E-01
9.86425546E-02 2.01933623E-02 1.00000000E+00 1.20000000E-01
1.01761016E-01 1.89423405E-02 1.00000000E+00 1.20000000E-01
1.04978063E-01 1.73971123E-02 1.00000000E+00 1.20000000E-01
1.08296813E-01 1.60993617E-02 1.00000000E+00 1.20000000E-01
1.11720481E-01 1.51511050E-02 1.00000000E+00 1.20000000E-01
1.15252385E-01 1.42683588E-02 1.00000000E+00 1.20000000E-01
1.18895945E-01 1.34045741E-02 1.00000000E+00 1.20000000E-01
1.22654691E-01 1.27037733E-02 1.00000000E+00 1.20000000E-01
1.26532266E-01 1.19864390E-02 1.00000000E+00 1.20000000E-01
1.30532425E-01 1.13138965E-02 1.00000000E+00 1.20000000E-01
1.34659044E-01 1.07001754E-02 1.00000000E+00 1.20000000E-01
1.38916122E-01 1.00749717E-02 1.00000000E+00 1.20000000E-01
1.43307781E-01 9.52795027E-03 1.00000000E+00 1.20000000E-01
1.47838277E-01 8.99254341E-03 1.00000000E+00 1.20000000E-01
1.52512000E-01 8.46294443E-03 1.00000000E+00 1.20000000E-01
1.57333476E-01 8.01091940E-03 1.00000000E+00 1.20000000E-01
1.62307377E-01 7.55308964E-03 1.00000000E+00 1.20000000E-01
1.67438521E-01 7.13404891E-03 1.00000000E+00 1.20000000E-01
1.72731881E-01 6.75452674E-03 1.00000000E+00 1.20000000E-01
1.78192583E-01 6.37393665E-03 1.00000000E+00 1.20000000E-01
1.83825919E-01 6.06784079E-03 1.00000000E+00 1.20000000E-01
1.89637345E-01 5.75410210E-03 1.00000000E+00 1.20000000E-01
1.95632493E-01 5.48764636E-03 1.00000000E+00 1.20000000E-01
2.01817169E-01 5.22614138E-03 1.00000000E+00 1.20000000E-01
2.08197367E-01 4.99940628E-03 1.00000000E+00 1.20000000E-01
2.14779266E-01 4.77485477E-03 1.00000000E+00 1.20000000E-01
2.21569244E-01 4.58145882E-03 1.00000000E+00 1.20000000E-01
2.28573879E-01 4.37216916E-03 1.00000000E+00 1.20000000E-01
2.35799956E-01 4.18479025E-03 1.00000000E+00 1.20000000E-01
2.43254476E-01 3.96168146E-03 1.00000000E+00 1.20000000E-01
2.50944663E-01 3.71906919E-03 1.00000000E+00 1.20000000E-01
2.58877964E-01 3.39130751E-03 1.00000000E+00 1.20000000E-01
2.67062067E-01 2.92461483E-03 1.00000000E+00 1.20000000E-01
2.75504900E-01 2.19520172E-03 1.00000000E+00 1.20000000E-01
2.84214643E-01 1.35018609E-03 1.00000000E+00 1.20000000E-01
2.93199734E-01 7.53509840E-04 1.00000000E+00 1.20000000E-01
3.02468877E-01 4.23024827E-04 1.00000000E+00 1.20000000E-01
3.12031052E-01 2.41905114E-04 1.00000000E+00 1.20000000E-01
3.21895523E-01 1.41107928E-04 1.00000000E+00 1.20000000E-01
3.32071848E-01 8.41246839E-05 1.00000000E+00 1.20000000E-01
3.42569884E-01 5.08969973E-05 1.00000000E+00 1.20000000E-01
3.53399802E-01 3.14054448E-05 1.00000000E+00 1.20000000E-01
3.64572095E-01 1.96636623E-05 1.00000000E+00 1.20000000E-01
3.76097586E-01 1.24731680E-05 1.00000000E+00 1.20000000E-01
3.87987440E-01 8.01249860E-06 1.00000000E+00 1.20000000E-01
4.00253178E-01 5.22760848E-06 1.00000000E+00 1.20000000E-01
4.12906681E-01 3.43866270E-06 1.00000000E+00 1.20000000E-01
4.25960210E-01 2.28847649E-06 1.00000000E+00 1.20000000E-01
4.39426409E-01 1.53281301E-06 1.00000000E+00 1.20000000E-01
4.53318325E-01 1.03333228E-06 1.00000000E+00 1.20000000E-01
4.67649417E-01 7.02045852E-07 1.00000000E+00 1.20000000E-01
4.82433569E-01 4.82767225E-07 1.00000000E+00 1.20000000E-01
