9.85213366E-03 8.94556933E-01 1.00000000E+01 1.20000000E-01
1.01635965E-02 8.79288118E-01 1.00000000E+01 1.20000000E-01
1.04849059E-02 8.66369797E-01 1.00000000E+01 1.20000000E-01
1.08163731E-02 8.55243330E-01 1.00000000E+01 1.20000000E-01
1.11583192E-02 8.43608964E-01 1.00000000E+01 1.20000000E-01
1.15110755E-02 8.31276038E-01 1.00000000E+01 1.20000000E-01
1.18749838E-02 8.18288175E-01 1.00000000E+01 1.20000000E-01
1.22503966E-02 8.04624243E-01 1.00000000E+01 1.20000000E-01
1.26376775E-02 7.91803554E-01 1.00000000E+01 1.20000000E-01
1.30372019E-02 7.81834087E-01 1.00000000E+01 1.20000000E-01
1.34493567E-02 7.71460501E-01 1.00000000E+01 1.20000000E-01
1.38745413E-02 7.60412671E-01 1.00000000E+01 1.20000000E-01
1.43131676E-02 7.48711050E-01 1.00000000E+01 1.20000000E-01
1.47656605E-02 7.36479793E-01 1.00000000E+01 1.20000000E-01
1.52324584E-02 7.23900967E-01 1.00000000E+01 1.20000000E-01
1.57140135E-02 7.15032639E-01 1.00000000E+01 1.20000000E-01
1.62107924E-02 7.05627278E-01 1.00000000E+01 1.20000000E-01
1.67232763E-02 6.95682680E-01 1.00000000E+01 1.20000000E-01
1.72519617E-02 6.85313622E-01 1.00000000E+01 1.20000000E-01
1.77973609E-02 6.74316095E-01 1.00000000E+01 1.20000000E-01
1.83600022E-02 6.62633498E-01 1.00000000E+01 1.20000000E-01
1.89404307E-02 6.53816581E-01 1.00000000E+01 1.20000000E-01
1.95392088E-02 6.45439951E-01 1.00000000E+01 1.20000000E-01
2.01569164E-02 6.36515563E-01 1.00000000E+01 1.20000000E-01
2.07941521E-02 6.27214660E-01 1.00000000E+01 1.20000000E-01
2.14515332E-02 6.17333001E-01 1.00000000E+01 1.20000000E-01
2.21296966E-02 6.06833125E-01 1.00000000E+01 1.20000000E-01
2.28292993E-02 5.97871823E-01 1.00000000E+01 1.20000000E-01
2.35510190E-02 5.90328645E-01 1.00000000E+01 1.20000000E-01
2.42955550E-02 5.82322896E-01 1.00000000E+01 1.20000000E-01
2.50636286E-02 5.73849269E-01 1.00000000E+01 1.20000000E-01
2.58559839E-02 5.64937436E-01 1.00000000E+01 1.20000000E-01
2.66733885E-02 5.55406882E-01 1.00000000E+01 1.20000000E-01
2.75166343E-02 5.46422317E-01 1.00000000E+01 1.20000000E-01
2.83865383E-02 5.39457050E-01 1.00000000E+01 1.20000000E-01
2.92839432E-02 5.32179141E-01 1.00000000E+01 1.20000000E-01
3.02097184E-02 5.24356531E-01 1.00000000E+01 1.20000000E-01
3.11647609E-02 5.16001623E-01 1.00000000E+01 1.20000000E-01
3.21499958E-02 5.07093536E-01 1.00000000E+01 1.20000000E-01
3.31663777E-02 4.98460656E-01 1.00000000E+01 1.20000000E-01
3.42148913E-02 4.91856417E-01 1.00000000E+01 1.20000000E-01
3.52965523E-02 4.84781340E-01 1.00000000E+01 1.20000000E-01
3.64124086E-02 4.77194356E-01 1.00000000E+01 1.20000000E-01
3.75635414E-02 4.69042282E-01 1.00000000E+01 1.20000000E-01
3.87510658E-02 4.60362490E-01 1.00000000E+01 1.20000000E-01
3.99761322E-02 4.52529396E-01 1.00000000E+01 1.20000000E-01
4.12399276E-02 4.45836461E-01 1.00000000E+01 1.20000000E-01
4.25436764E-02 4.38585077E-01 1.00000000E+01 1.20000000E-01
4.38886415E-02 4.30712578E-01 1.00000000E+01 1.20000000E-01
4.52761260E-02 4.22146493E-01 1.00000000E+01 1.20000000E-01
4.67074741E-02 4.13634759E-01 1.00000000E+01 1.20000000E-01
4.81840725E-02 4.06908346E-01 1.00000000E+01 1.20000000E-01
4.97073516E-02 3.99500723E-01 1.00000000E+01 1.20000000E-01
5.12787874E-02 3.91350848E-01 1.00000000E+01 1.20000000E-01
5.28999021E-02 3.82397354E-01 1.00000000E+01 1.20000000E-01
5.45722664E-02 3.74453461E-01 1.00000000E+01 1.20000000E-01
5.62975003E-02 3.67163922E-01 1.00000000E+01 1.20000000E-01
5.80772754E-02 3.58993803E-01 1.00000000E+01 1.20000000E-01
5.99133158E-02 3.49935353E-01 1.00000000E+01 1.20000000E-01
6.18074003E-02 3.41449921E-01 1.00000000E+01 1.20000000E-01
6.37613640E-02 3.33825105E-01 1.00000000E+01 1.20000000E-01
6.57770997E-02 3.25137436E-01 1.00000000E+01 1.20000000E-01
6.78565605E-02 3.15426559E-01 1.00000000E+01 1.20000000E-01
7.00017608E-02 3.07567355E-01 1.00000000E+01 1.20000000E-01
7.22147789E-02 2.99081353E-01 1.00000000E+01 1.20000000E-01
7.44977588E-02 2.89338669E-01 1.00000000E+01 1.20000000E-01
7.68529123E-02 2.80841208E-01 1.00000000E+01 1.20000000E-01
7.92825209E-02 2.72173638E-01 1.00000000E+01 1.20000000E-01
8.17889387E-02 2.62217769E-01 1.00000000E+01 1.20000000E-01
8.43745937E-02 2.53931803E-01 1.00000000E+01 1.20000000E-01
8.70419909E-02 2.44744441E-01 1.00000000E+01 1.20000000E-01
8.97937146E-02 2.35267759E-01 1.00000000E+01 1.20000000E-01
9.26324306E-02 2.26547045E-01 1.00000000E+01 1.20000000E-01
9.55608890E-02 2.16225582E-01 1.00000000E+01 1.20000000E-01
9.85819270E-02 2.06511651E-01 1.00000000E+01 1.20000000E-01
1.01698471E-01 1.93941647E-01 1.00000000E+01 1.20000000E-01
1.04913541E-01 1.78351030E-01 1.00000000E+01 1.20000000E-01
1.08230252E-01 5.33539840E-03 1.00000000E+01 1.20000000E-01
1.08230252E-01 1.65503718E-01 1.00000000E+01 1.20000000E-01
1.11651816E-01 5.42888736E-03 1.00000000E+01 1.20000000E-01
1.11651816E-01 1.55912440E-01 1.00000000E+01 1.20000000E-01
1.15181548E-01 5.53465728E-03 1.00000000E+01 1.20000000E-01
1.15181548E-01 1.46874506E-01 1.00000000E+01 1.20000000E-01
1.18822869E-01 5.64944011E-03 1.00000000E+01 1.20000000E-01
1.18822869E-01 1.38692883E-01 1.00000000E+01 1.20000000E-01
1.22579305E-01 5.76779514E-03 1.00000000E+01 1.20000000E-01
1.22579305E-01 1.31386495E-01 1.00000000E+01 1.20000000E-01
1.26454497E-01 5.88163662E-03 1.00000000E+01 1.20000000E-01
1.26454497E-01 1.23923701E-01 1.00000000E+01 1.20000000E-01
1.30452197E-01 5.99321941E-03 1.00000000E+01 1.20000000E-01
1.30452197E-01 1.17581044E-01 1.00000000E+01 1.20000000E-01
1.34576280E-01 6.10628528E-03 1.00000000E+01 1.20000000E-01
1.34576280E-01 1.11108748E-01 1.00000000E+01 1.20000000E-01
1.38830741E-01 6.23449118E-03 1.00000000E+01 1.20000000E-01
1.38830741E-01 1.05015162E-01 1.00000000E+01 1.20000000E-01
1.43219701E-01 6.37149746E-03 1.00000000E+01 1.20000000E-01
1.43219701E-01 9.93946180E-02 1.00000000E+01 1.20000000E-01
1.47747413E-01 6.48120598E-03 1.00000000E+01 1.20000000E-01
1.47747413E-01 9.36222620E-02 1.00000000E+01 1.20000000E-01
1.52418263E-01 6.60735843E-03 1.00000000E+01 1.20000000E-01
1.52418263E-01 8.85652276E-02 1.00000000E+01 1.20000000E-01
1.57236775E-01 6.74082293E-03 1.00000000E+01 1.20000000E-01
1.57236775E-01 8.35003620E-02 1.00000000E+01 1.20000000E-01
1.62207619E-01 6.87229910E-03 1.00000000E+01 1.20000000E-01
1.62207619E-01 7.84782478E-02 1.00000000E+01 1.20000000E-01
1.67335610E-01 7.02247748E-03 1.00000000E+01 1.20000000E-01
1.67335610E-01 7.40424580E-02 1.00000000E+01 1.20000000E-01
1.72625717E-01 7.16143084E-03 1.00000000E+01 1.20000000E-01
1.72625717E-01 6.95411253E-02 1.00000000E+01 1.20000000E-01
1.78083063E-01 7.30296645E-03 1.00000000E+01 1.20000000E-01
1.78083063E-01 6.51159494E-02 1.00000000E+01 1.20000000E-01
1.83712936E-01 7.47186605E-03 1.00000000E+01 1.20000000E-01
1.83712936E-01 6.11403530E-02 1.00000000E+01 1.20000000E-01
1.89520791E-01 7.65917148E-03 1.00000000E+01 1.20000000E-01
1.89520791E-01 5.71592832E-02 1.00000000E+01 1.20000000E-01
1.95512253E-01 7.84022038E-03 1.00000000E+01 1.20000000E-01
1.95512253E-01 5.32347838E-02 1.00000000E+01 1.20000000E-01
2.01693129E-01 8.06166643E-03 1.00000000E+01 1.20000000E-01
2.01693129E-01 4.94723874E-02 1.00000000E+01 1.20000000E-01
2.08069405E-01 8.32572387E-03 1.00000000E+01 1.20000000E-01
2.08069405E-01 4.59023257E-02 1.00000000E+01 1.20000000E-01
2.14647259E-01 8.61904764E-03 1.00000000E+01 1.20000000E-01
2.14647259E-01 4.23673693E-02 1.00000000E+01 1.20000000E-01
2.21433063E-01 9.01028703E-03 1.00000000E+01 1.20000000E-01
2.21433063E-01 3.88737937E-02 1.00000000E+01 1.20000000E-01
2.28433393E-01 9.52773597E-03 1.00000000E+01 1.20000000E-01
2.28433393E-01 3.54020652E-02 1.00000000E+01 1.20000000E-01
2.35655029E-01 1.02151604E-02 1.00000000E+01 1.20000000E-01
2.35655029E-01 3.18971955E-02 1.00000000E+01 1.20000000E-01
2.43104968E-01 1.13159300E-02 1.00000000E+01 1.20000000E-01
2.43104968E-01 2.82457314E-02 1.00000000E+01 1.20000000E-01
2.50790427E-01 1.32329983E-02 1.00000000E+01 1.20000000E-01
2.50790427E-01 2.41194732E-02 1.00000000E+01 1.20000000E-01
5.63321231E-01 3.61020341E-07 1.00000000E+01 1.20000000E-01
5.63321231E-01 1.05471518E-06 1.00000000E+01 1.20000000E-01
5.81129927E-01 1.07076062E-05 1.00000000E+01 1.20000000E-01
5.99501623E-01 2.51013580E-05 1.00000000E+01 1.20000000E-01
6.18454117E-01 5.10701960E-05 1.00000000E+01 1.20000000E-01
6.38005771E-01 8.33978303E-05 1.00000000E+01 1.20000000E-01
6.58175525E-01 1.18719849E-04 1.00000000E+01 1.20000000E-01
6.78982921E-01 1.49208989E-04 1.00000000E+01 1.20000000E-01
7.00448117E-01 2.11563284E-04 1.00000000E+01 1.20000000E-01
7.22591908E-01 2.11567179E-04 1.00000000E+01 1.20000000E-01
7.45435747E-01 2.84601190E-04 1.00000000E+01 1.20000000E-01
7.69001766E-01 2.86759607E-04 1.00000000E+01 1.20000000E-01
7.93312795E-01 2.77149337E-04 1.00000000E+01 1.20000000E-01
8.18392387E-01 3.44062824E-04 1.00000000E+01 1.20000000E-01
8.44264838E-01 3.08424285E-04 1.00000000E+01 1.20000000E-01
8.70955215E-01 2.84826076E-04 1.00000000E+01 1.20000000E-01
8.98489375E-01 3.28093105E-04 1.00000000E+01 1.20000000E-01
9.26893993E-01 2.83974905E-04 1.00000000E+01 1.20000000E-01
9.56196587E-01 2.46278889E-04 1.00000000E+01 1.20000000E-01
9.86425546E-01 2.66706623E-04 1.00000000E+01 1.20000000E-01
1.01761016E+00 2.36287531E-04 1.00000000E+01 1.20000000E-01
1.04978063E+00 1.94218690E-04 1.00000000E+01 1.20000000E-01
1.08296813E+00 1.87590757E-04 1.00000000E+01 1.20000000E-01
1.11720481E+00 1.78518361E-04 1.00000000E+01 1.20000000E-01
1.15252385E+00 1.45390270E-04 1.00000000E+01 1.20000000E-01
1.18895945E+00 1.26038669E-04 1.00000000E+01 1.20000000E-01
1.22654691E+00 1.22132301E-04 1.00000000E+01 1.20000000E-01
1.26532266E+00 1.03713273E-04 1.00000000E+01 1.20000000E-01
1.30532425E+00 8.50226447E-05 1.00000000E+01 1.20000000E-01
1.34659044E+00 7.72176850E-05 1.00000000E+01 1.20000000E-01
1.38916122E+00 6.95545745E-05 1.00000000E+01 1.20000000E-01
1.43307781E+00 5.73524910E-05 1.00000000E+01 1.20000000E-01
1.47838277E+00 4.86138476E-05 1.00000000E+01 1.20000000E-01
1.52512000E+00 4.36476261E-05 1.00000000E+01 1.20000000E-01
1.57333476E+00 3.75994577E-05 1.00000000E+01 1.20000000E-01
1.62307377E+00 3.21865419E-05 1.00000000E+01 1.20000000E-01
1.67438521E+00 2.75296323E-05 1.00000000E+01 1.20000000E-01
1.72731881E+00 2.34892156E-05 1.00000000E+01 1.20000000E-01
1.78192583E+00 2.00160047E-05 1.00000000E+01 1.20000000E-01
1.83825919E+00 1.70546140E-05 1.00000000E+01 1.20000000E-01
1.89637345E+00 1.45352763E-05 1.00000000E+01 1.20000000E-01
1.95632493E+00 1.23813055E-05 1.00000000E+01 1.20000000E-01
2.01817169E+00 1.05437831E-05 1.00000000E+01 1.20000000E-01
2.08197367E+00 8.99915607E-06 1.00000000E+01 1.20000000E-01
2.14779266E+00 7.69804986E-06 1.00000000E+01 1.20000000E-01
2.21569244E+00 6.59204250E-06 1.00000000E+01 1.20000000E-01
2.28573879E+00 5.65024974E-06 1.00000000E+01 1.20000000E-01
2.35799956E+00 4.84422345E-06 1.00000000E+01 1.20000000E-01
2.43254476E+00 4.13908737E-06 1.00000000E+01 1.20000000E-01
2.50944663E+00 3.54171658E-06 1.00000000E+01 1.20000000E-01
2.58877964E+00 3.03601906E-06 1.00000000E+01 1.20000000E-01
2.67062067E+00 2.60377625E-06 1.00000000E+01 1.20000000E-01
2.75504900E+00 2.24293994E-06 1.00000000E+01 1.20000000E-01
2.84214643E+00 1.93737376E-06 1.00000000E+01 1.20000000E-01
2.93199734E+00 1.67612123E-06 1.00000000E+01 1.20000000E-01
3.02468877E+00 1.45496967E-06 1.00000000E+01 1.20000000E-01
3.12031052E+00 1.26084707E-06 1.00000000E+01 1.20000000E-01
3.21895523E+00 1.09773938E-06 1.00000000E+01 1.20000000E-01
3.32071848E+00 9.55145320E-07 1.00000000E+01 1.20000000E-01
3.42569884E+00 8.35182533E-07 1.00000000E+01 1.20000000E-01
3.53399802E+00 7.31044620E-07 1.00000000E+01 1.20000000E-01
3.64572095E+00 6.41606879E-07 1.00000000E+01 1.20000000E-01
3.76097586E+00 5.64401435E-07 1.00000000E+01 1.20000000E-01
3.87987440E+00 4.95901146E-07 1.00000000E+01 1.20000000E-01
4.00253178E+00 4.37687837E-07 1.00000000E+01 1.20000000E-01
4.12906681E+00 3.85630424E-07 1.00000000E+01 1.20000000E-01
4.25960210E+00 3.39655765E-07 1.00000000E+01 1.20000000E-01
4.39426409E+00 3.00034395E-07 1.00000000E+01 1.20000000E-01
4.53318325E+00 2.64339279E-07 1.00000000E+01 1.20000000E-01
4.67649417E+00 2.32579896E-07 1.00000000E+01 1.20000000E-01
4.82433569E+00 2.05554498E-07 1.00000000E+01 1.20000000E-01
