3.42148913E+00 1.04243394E+00 1.00000000E+03 1.20000000E-01
3.52965523E+00 1.02297185E+00 1.00000000E+03 1.20000000E-01
3.64124086E+00 1.00252051E+00 1.00000000E+03 1.20000000E-01
3.75635414E+00 9.80716564E-01 1.00000000E+03 1.20000000E-01
3.87510658E+00 9.57571656E-01 1.00000000E+03 1.20000000E-01
3.99761322E+00 9.41158881E-01 1.00000000E+03 1.20000000E-01
4.12399276E+00 9.23908796E-01 1.00000000E+03 1.20000000E-01
4.25436764E+00 9.05638715E-01 1.00000000E+03 1.20000000E-01
4.38886415E+00 8.86137655E-01 1.00000000E+03 1.20000000E-01
4.52761260E+00 8.67898227E-01 1.00000000E+03 1.20000000E-01
4.67074741E+00 8.53372275E-01 1.00000000E+03 1.20000000E-01
4.81840725E+00 8.38005758E-01 1.00000000E+03 1.20000000E-01
4.97073516E+00 8.21634123E-01 1.00000000E+03 1.20000000E-01
5.12787874E+00 8.04244736E-01 1.00000000E+03 1.20000000E-01
5.28999021E+00 7.88883065E-01 1.00000000E+03 1.20000000E-01
5.45722664E+00 7.76003469E-01 1.00000000E+03 1.20000000E-01
5.62975003E+00 7.62279056E-01 1.00000000E+03 1.20000000E-01
5.80772754E+00 7.47693531E-01 1.00000000E+03 1.20000000E-01
5.99133158E+00 7.32153133E-01 1.00000000E+03 1.20000000E-01
6.18074003E+00 7.18659622E-01 1.00000000E+03 1.20000000E-01
6.37613640E+00 7.07164413E-01 1.00000000E+03 1.20000000E-01
6.57770997E+00 6.94907695E-01 1.00000000E+03 1.20000000E-01
6.78565605E+00 6.81830444E-01 1.00000000E+03 1.20000000E-01
7.00017608E+00 6.67924673E-01 1.00000000E+03 1.20000000E-01
7.22147789E+00 6.55649739E-01 1.00000000E+03 1.20000000E-01
7.44977588E+00 6.45248338E-01 1.00000000E+03 1.20000000E-01
7.68529123E+00 6.34221195E-01 1.00000000E+03 1.20000000E-01
7.92825209E+00 6.22436712E-01 1.00000000E+03 1.20000000E-01
8.17889387E+00 6.09930493E-01 1.00000000E+03 1.20000000E-01
8.43745937E+00 5.98426875E-01 1.00000000E+03 1.20000000E-01
8.70419909E+00 5.89079224E-01 1.00000000E+03 1.20000000E-01
8.97937146E+00 5.79119021E-01 1.00000000E+03 1.20000000E-01
9.26324306E+00 5.68545818E-01 1.00000000E+03 1.20000000E-01
9.55608890E+00 5.57332351E-01 1.00000000E+03 1.20000000E-01
9.85819270E+00 5.46420676E-01 1.00000000E+03 1.20000000E-01
1.01698471E+01 5.38096318E-01 1.00000000E+03 1.20000000E-01
1.04913541E+01 5.29236338E-01 1.00000000E+03 1.20000000E-01
1.08230252E+01 5.19869781E-01 1.00000000E+03 1.20000000E-01
1.11651816E+01 5.09968503E-01 1.00000000E+03 1.20000000E-01
1.15181548E+01 4.99586433E-01 1.00000000E+03 1.20000000E-01
1.18822869E+01 4.92203228E-01 1.00000000E+03 1.20000000E-01
1.22579305E+01 4.84406021E-01 1.00000000E+03 1.20000000E-01
1.26454497E+01 4.76053026E-01 1.00000000E+03 1.20000000E-01
1.30452197E+01 4.67147958E-01 1.00000000E+03 1.20000000E-01
1.34576280E+01 4.57622427E-01 1.00000000E+03 1.20000000E-01
1.38830741E+01 4.50348865E-01 1.00000000E+03 1.20000000E-01
1.43219701E+01 4.43285004E-01 1.00000000E+03 1.20000000E-01
1.47747413E+01 4.35841507E-01 1.00000000E+03 1.20000000E-01
1.52418263E+01 4.27817918E-01 1.00000000E+03 1.20000000E-01
1.57236775E+01 4.19464251E-01 1.00000000E+03 1.20000000E-01
1.62207619E+01 4.12136381E-01 1.00000000E+03 1.20000000E-01
1.67335610E+01 4.05921331E-01 1.00000000E+03 1.20000000E-01
1.72625717E+01 3.99304761E-01 1.00000000E+03 1.20000000E-01
1.78083063E+01 3.92370163E-01 1.00000000E+03 1.20000000E-01
1.83712936E+01 3.85019037E-01 1.00000000E+03 1.20000000E-01
1.89520791E+01 3.77648046E-01 1.00000000E+03 1.20000000E-01
1.95512253E+01 3.72239483E-01 1.00000000E+03 1.20000000E-01
2.01693129E+01 3.66483105E-01 1.00000000E+03 1.20000000E-01
2.08069405E+01 3.60390599E-01 1.00000000E+03 1.20000000E-01
2.14647259E+01 3.53838041E-01 1.00000000E+03 1.20000000E-01
2.21433063E+01 3.46914969E-01 1.00000000E+03 1.20000000E-01
2.28433393E+01 3.41415059E-01 1.00000000E+03 1.20000000E-01
2.35655029E+01 3.36284393E-01 1.00000000E+03 1.20000000E-01
2.43104968E+01 3.30866764E-01 1.00000000E+03 1.20000000E-01
2.50790427E+01 3.25090261E-01 1.00000000E+03 1.20000000E-01
2.58718853E+01 3.18985708E-01 1.00000000E+03 1.20000000E-01
2.66897926E+01 3.13147457E-01 1.00000000E+03 1.20000000E-01
2.75335570E+01 3.08628304E-01 1.00000000E+03 1.20000000E-01
2.84039959E+01 3.03832017E-01 1.00000000E+03 1.20000000E-01
2.93019527E+01 2.98789051E-01 1.00000000E+03 1.20000000E-01
3.02282973E+01 2.93387791E-01 1.00000000E+03 1.20000000E-01
3.11839271E+01 2.87699445E-01 1.00000000E+03 1.20000000E-01
3.21697680E+01 2.83338595E-01 1.00000000E+03 1.20000000E-01
3.31867750E+01 2.79133088E-01 1.00000000E+03 1.20000000E-01
3.42359333E+01 2.74662366E-01 1.00000000E+03 1.20000000E-01
3.53182596E+01 2.69915755E-01 1.00000000E+03 1.20000000E-01
3.64348022E+01 2.64881076E-01 1.00000000E+03 1.20000000E-01
3.75866429E+01 2.60108042E-01 1.00000000E+03 1.20000000E-01
3.87748976E+01 2.56444644E-01 1.00000000E+03 1.20000000E-01
4.00007174E+01 2.52525327E-01 1.00000000E+03 1.20000000E-01
4.12652901E+01 2.48382949E-01 1.00000000E+03 1.20000000E-01
4.25698406E+01 2.43999210E-01 1.00000000E+03 1.20000000E-01
4.39156329E+01 2.39318112E-01 1.00000000E+03 1.20000000E-01
4.53039707E+01 2.35607532E-01 1.00000000E+03 1.20000000E-01
4.67361991E+01 2.32201713E-01 1.00000000E+03 1.20000000E-01
4.82137055E+01 2.28553694E-01 1.00000000E+03 1.20000000E-01
4.97379215E+01 2.24679821E-01 1.00000000E+03 1.20000000E-01
5.13103237E+01 2.20571322E-01 1.00000000E+03 1.20000000E-01
5.29324354E+01 2.16461763E-01 1.00000000E+03 1.20000000E-01
5.46058282E+01 2.13441723E-01 1.00000000E+03 1.20000000E-01
5.63321231E+01 2.10267419E-01 1.00000000E+03 1.20000000E-01
5.81129927E+01 2.06874771E-01 1.00000000E+03 1.20000000E-01
5.99501623E+01 2.03277441E-01 1.00000000E+03 1.20000000E-01
6.18454117E+01 1.99433748E-01 1.00000000E+03 1.20000000E-01
6.38005771E+01 1.96155814E-01 1.00000000E+03 1.20000000E-01
6.58175525E+01 1.93355066E-01 1.00000000E+03 1.20000000E-01
6.78982921E+01 1.90350617E-01 1.00000000E+03 1.20000000E-01
7.00448117E+01 1.87154426E-01 1.00000000E+03 1.20000000E-01
7.22591908E+01 1.83758060E-01 1.00000000E+03 1.20000000E-01
7.45435747E+01 1.80166463E-01 1.00000000E+03 1.20000000E-01
7.69001766E+01 1.77654970E-01 1.00000000E+03 1.20000000E-01
7.93312795E+01 1.74987579E-01 1.00000000E+03 1.20000000E-01
8.18392387E+01 1.72172366E-01 1.00000000E+03 1.20000000E-01
8.44264838E+01 1.69146114E-01 1.00000000E+03 1.20000000E-01
8.70955215E+01 1.65918841E-01 1.00000000E+03 1.20000000E-01
8.98489375E+01 1.63099380E-01 1.00000000E+03 1.20000000E-01
9.26893993E+01 1.60735116E-01 1.00000000E+03 1.20000000E-01
9.56196587E+01 1.58188921E-01 1.00000000E+03 1.20000000E-01
9.86425546E+01 1.55468437E-01 1.00000000E+03 1.20000000E-01
1.01761016E+02 1.52586250E-01 1.00000000E+03 1.20000000E-01
1.04978063E+02 1.49532649E-01 1.00000000E+03 1.20000000E-01
1.08296813E+02 1.47370081E-01 1.00000000E+03 1.20000000E-01
1.11720481E+02 1.45065201E-01 1.00000000E+03 1.20000000E-01
1.15252385E+02 1.42591598E-01 1.00000000E+03 1.20000000E-01
1.18895945E+02 1.39927812E-01 1.00000000E+03 1.20000000E-01
1.22654691E+02 1.37066771E-01 1.00000000E+03 1.20000000E-01
1.26532266E+02 1.34845440E-01 1.00000000E+03 1.20000000E-01
1.30532425E+02 1.32698216E-01 1.00000000E+03 1.20000000E-01
1.34659044E+02 1.30384985E-01 1.00000000E+03 1.20000000E-01
1.38916122E+02 1.27894618E-01 1.00000000E+03 1.20000000E-01
1.43307781E+02 1.25216807E-01 1.00000000E+03 1.20000000E-01
1.47838277E+02 1.23001045E-01 1.00000000E+03 1.20000000E-01
1.52512000E+02 1.20952331E-01 1.00000000E+03 1.20000000E-01
1.57333476E+02 1.18747316E-01 1.00000000E+03 1.20000000E-01
1.62307377E+02 1.16332310E-01 1.00000000E+03 1.20000000E-01
1.67438521E+02 1.13701951E-01 1.00000000E+03 1.20000000E-01
1.72731881E+02 1.11725084E-01 1.00000000E+03 1.20000000E-01
1.78192583E+02 1.09689904E-01 1.00000000E+03 1.20000000E-01
1.83825919E+02 1.07459259E-01 1.00000000E+03 1.20000000E-01
1.89637345E+02 1.05010051E-01 1.00000000E+03 1.20000000E-01
1.95632493E+02 1.02647354E-01 1.00000000E+03 1.20000000E-01
2.01817169E+02 1.00711812E-01 1.00000000E+03 1.20000000E-01
2.08197367E+02 9.85720272E-02 1.00000000E+03 1.20000000E-01
2.14779266E+02 9.61947914E-02 1.00000000E+03 1.20000000E-01
2.21569244E+02 9.37277806E-02 1.00000000E+03 1.20000000E-01
2.28573879E+02 9.17888529E-02 1.00000000E+03 1.20000000E-01
2.35799956E+02 8.96187289E-02 1.00000000E+03 1.20000000E-01
2.43254476E+02 8.71481966E-02 1.00000000E+03 1.20000000E-01
2.50944663E+02 8.48347191E-02 1.00000000E+03 1.20000000E-01
2.58877964E+02 8.27579845E-02 1.00000000E+03 1.20000000E-01
2.67062067E+02 8.03523409E-02 1.00000000E+03 1.20000000E-01
2.75504900E+02 7.77784105E-02 1.00000000E+03 1.20000000E-01
2.84214643E+02 7.56595932E-02 1.00000000E+03 1.20000000E-01
2.93199734E+02 7.31565651E-02 1.00000000E+03 1.20000000E-01
3.02468877E+02 7.05514086E-02 1.00000000E+03 1.20000000E-01
3.12031052E+02 6.82101637E-02 1.00000000E+03 1.20000000E-01
3.21895523E+02 6.53510710E-02 1.00000000E+03 1.20000000E-01
3.32071848E+02 6.28619166E-02 1.00000000E+03 1.20000000E-01
3.42569884E+02 5.98216445E-02 1.00000000E+03 1.20000000E-01
3.53399802E+02 5.68073578E-02 1.00000000E+03 1.20000000E-01
3.64572095E+02 5.28366055E-02 1.00000000E+03 1.20000000E-01
3.76097586E+02 4.73793283E-02 1.00000000E+03 1.20000000E-01
3.87987440E+02 3.83354784E-02 1.00000000E+03 1.20000000E-01
4.00253178E+02 2.43691535E-02 1.00000000E+03 1.20000000E-01
4.12906681E+02 1.23826425E-02 1.00000000E+03 1.20000000E-01
4.25960210E+02 6.07938217E-03 1.00000000E+03 1.20000000E-01
4.39426409E+02 3.00314139E-03 1.00000000E+03 1.20000000E-01
4.53318325E+02 1.50110458E-03 1.00000000E+03 1.20000000E-01
4.67649417E+02 7.49590435E-04 1.00000000E+03 1.20000000E-01
4.82433569E+02 3.68955370E-04 1.00000000E+03 1.20000000E-01
