1.43131676E-01 9.98578143E-01 1.00000000E+02 1.20000000E-01
1.47656605E-01 9.41491984E-01 1.00000000E+02 1.20000000E-01
1.52324584E-01 8.88316095E-01 1.00000000E+02 1.20000000E-01
1.57140135E-01 8.38700080E-01 1.00000000E+02 1.20000000E-01
1.62107924E-01 7.88444327E-01 1.00000000E+02 1.20000000E-01
1.67232763E-01 7.43225803E-01 1.00000000E+02 1.20000000E-01
1.72519617E-01 6.99313003E-01 1.00000000E+02 1.20000000E-01
1.77973609E-01 6.55520124E-01 1.00000000E+02 1.20000000E-01
1.83600022E-01 6.15882510E-01 1.00000000E+02 1.20000000E-01
1.89404307E-01 5.77709520E-01 1.00000000E+02 1.20000000E-01
1.95392088E-01 5.40247411E-01 1.00000000E+02 1.20000000E-01
2.01569164E-01 5.05267704E-01 1.00000000E+02 1.20000000E-01
2.07941521E-01 4.73564469E-01 1.00000000E+02 1.20000000E-01
2.14515332E-01 4.43288083E-01 1.00000000E+02 1.20000000E-01
2.21296966E-01 4.14780447E-01 1.00000000E+02 1.20000000E-01
2.28292993E-01 3.91245449E-01 1.00000000E+02 1.20000000E-01
2.35510190E-01 3.69344665E-01 1.00000000E+02 1.20000000E-01
2.42955550E-01 3.49875608E-01 1.00000000E+02 1.20000000E-01
2.50636286E-01 3.33774292E-01 1.00000000E+02 1.20000000E-01
2.58559839E-01 3.18660776E-01 1.00000000E+02 1.20000000E-01
2.66733885E-01 3.06409920E-01 1.00000000E+02 1.20000000E-01
2.75166343E-01 2.95189832E-01 1.00000000E+02 1.20000000E-01
2.83865383E-01 2.84525975E-01 1.00000000E+02 1.20000000E-01
2.92839432E-01 2.76200653E-01 1.00000000E+02 1.20000000E-01
3.02097184E-01 2.67687912E-01 1.00000000E+02 1.20000000E-01
3.11647609E-01 2.59574054E-01 1.00000000E+02 1.20000000E-01
3.21499958E-01 2.53215600E-01 1.00000000E+02 1.20000000E-01
3.31663777E-01 2.46639563E-01 1.00000000E+02 1.20000000E-01
3.42148913E-01 2.39840180E-01 1.00000000E+02 1.20000000E-01
3.52965523E-01 2.34309783E-01 1.00000000E+02 1.20000000E-01
3.64124086E-01 2.29165171E-01 1.00000000E+02 1.20000000E-01
3.75635414E-01 2.23804206E-01 1.00000000E+02 1.20000000E-01
3.87510658E-01 2.18166710E-01 1.00000000E+02 1.20000000E-01
3.99761322E-01 2.13704607E-01 1.00000000E+02 1.20000000E-01
4.12399276E-01 2.09430424E-01 1.00000000E+02 1.20000000E-01
4.25436764E-01 2.04944495E-01 1.00000000E+02 1.20000000E-01
4.38886415E-01 2.00235279E-01 1.00000000E+02 1.20000000E-01
4.52761260E-01 1.96040990E-01 1.00000000E+02 1.20000000E-01
4.67074741E-01 1.92431559E-01 1.00000000E+02 1.20000000E-01
4.81840725E-01 1.88665286E-01 1.00000000E+02 1.20000000E-01
4.97073516E-01 1.84696037E-01 1.00000000E+02 1.20000000E-01
5.12787874E-01 1.80497729E-01 1.00000000E+02 1.20000000E-01
5.28999021E-01 1.77332758E-01 1.00000000E+02 1.20000000E-01
5.45722664E-01 1.74124935E-01 1.00000000E+02 1.20000000E-01
5.62975003E-01 1.70732306E-01 1.00000000E+02 1.20000000E-01
5.80772754E-01 1.67144434E-01 1.00000000E+02 1.20000000E-01
5.99133158E-01 1.63634401E-01 1.00000000E+02 1.20000000E-01
6.18074003E-01 1.60872562E-01 1.00000000E+02 1.20000000E-01
6.37613640E-01 1.57944878E-01 1.00000000E+02 1.20000000E-01
6.57770997E-01 1.54870783E-01 1.00000000E+02 1.20000000E-01
6.78565605E-01 1.51608651E-01 1.00000000E+02 1.20000000E-01
7.00017608E-01 1.48600399E-01 1.00000000E+02 1.20000000E-01
7.22147789E-01 1.46048958E-01 1.00000000E+02 1.20000000E-01
7.44977588E-01 1.43341053E-01 1.00000000E+02 1.20000000E-01
7.68529123E-01 1.40463965E-01 1.00000000E+02 1.20000000E-01
7.92825209E-01 1.37360266E-01 1.00000000E+02 1.20000000E-01
8.17889387E-01 1.34777426E-01 1.00000000E+02 1.20000000E-01
8.43745937E-01 1.32308154E-01 1.00000000E+02 1.20000000E-01
8.70419909E-01 1.29680655E-01 1.00000000E+02 1.20000000E-01
8.97937146E-01 1.26831307E-01 1.00000000E+02 1.20000000E-01
9.26324306E-01 1.23942992E-01 1.00000000E+02 1.20000000E-01
9.55608890E-01 1.21632225E-01 1.00000000E+02 1.20000000E-01
9.85819270E-01 1.19153717E-01 1.00000000E+02 1.20000000E-01
1.01698471E+00 1.16475140E-01 1.00000000E+02 1.20000000E-01
1.04913541E+00 1.13569650E-01 1.00000000E+02 1.20000000E-01
1.08230252E+00 1.11277301E-01 1.00000000E+02 1.20000000E-01
1.11651816E+00 1.08909757E-01 1.00000000E+02 1.20000000E-01
1.15181548E+00 1.06346616E-01 1.00000000E+02 1.20000000E-01
1.18822869E+00 1.03593164E-01 1.00000000E+02 1.20000000E-01
1.22579305E+00 1.01435171E-01 1.00000000E+02 1.20000000E-01
1.26454497E+00 9.92261495E-02 1.00000000E+02 1.20000000E-01
1.30452197E+00 9.68801272E-02 1.00000000E+02 1.20000000E-01
1.34576280E+00 9.43550115E-02 1.00000000E+02 1.20000000E-01
1.38830741E+00 9.23643487E-02 1.00000000E+02 1.20000000E-01
1.43219701E+00 9.02898759E-02 1.00000000E+02 1.20000000E-01
1.47747413E+00 8.80112076E-02 1.00000000E+02 1.20000000E-01
1.52418263E+00 8.55508367E-02 1.00000000E+02 1.20000000E-01
1.57236775E+00 8.35202350E-02 1.00000000E+02 1.20000000E-01
1.62207619E+00 8.11500039E-02 1.00000000E+02 1.20000000E-01
1.67335610E+00 7.82956148E-02 1.00000000E+02 1.20000000E-01
1.72625717E+00 7.57176725E-02 1.00000000E+02 1.20000000E-01
1.78083063E+00 7.25335486E-02 1.00000000E+02 1.20000000E-01
1.83712936E+00 7.01409825E-02 1.00000000E+02 1.20000000E-01
1.89520791E+00 6.82112620E-02 1.00000000E+02 1.20000000E-01
1.95512253E+00 6.62533405E-02 1.00000000E+02 1.20000000E-01
2.01693129E+00 6.44665745E-02 1.00000000E+02 1.20000000E-01
2.08069405E+00 6.30530662E-02 1.00000000E+02 1.20000000E-01
2.14647259E+00 6.15870654E-02 1.00000000E+02 1.20000000E-01
2.21433063E+00 6.00594864E-02 1.00000000E+02 1.20000000E-01
2.28433393E+00 5.86906742E-02 1.00000000E+02 1.20000000E-01
2.35655029E+00 5.75527927E-02 1.00000000E+02 1.20000000E-01
2.43104968E+00 5.63582290E-02 1.00000000E+02 1.20000000E-01
2.50790427E+00 5.51027082E-02 1.00000000E+02 1.20000000E-01
2.58718853E+00 5.38320418E-02 1.00000000E+02 1.20000000E-01
2.66897926E+00 5.28865351E-02 1.00000000E+02 1.20000000E-01
2.75335570E+00 5.18877351E-02 1.00000000E+02 1.20000000E-01
2.84039959E+00 5.08356609E-02 1.00000000E+02 1.20000000E-01
2.93019527E+00 4.97298453E-02 1.00000000E+02 1.20000000E-01
3.02282973E+00 4.87428424E-02 1.00000000E+02 1.20000000E-01
3.11839271E+00 4.79018892E-02 1.00000000E+02 1.20000000E-01
3.21697680E+00 4.70116619E-02 1.00000000E+02 1.20000000E-01
3.31867750E+00 4.60805410E-02 1.00000000E+02 1.20000000E-01
3.42359333E+00 4.50963494E-02 1.00000000E+02 1.20000000E-01
3.53182596E+00 4.42846075E-02 1.00000000E+02 1.20000000E-01
3.64348022E+00 4.35292853E-02 1.00000000E+02 1.20000000E-01
3.75866429E+00 4.27342757E-02 1.00000000E+02 1.20000000E-01
3.87748976E+00 4.18863773E-02 1.00000000E+02 1.20000000E-01
4.00007174E+00 4.09920299E-02 1.00000000E+02 1.20000000E-01
4.12652901E+00 4.02889258E-02 1.00000000E+02 1.20000000E-01
4.25698406E+00 3.96075865E-02 1.00000000E+02 1.20000000E-01
4.39156329E+00 3.88802889E-02 1.00000000E+02 1.20000000E-01
4.53039707E+00 3.81101673E-02 1.00000000E+02 1.20000000E-01
4.67361991E+00 3.72867686E-02 1.00000000E+02 1.20000000E-01
4.82137055E+00 3.66715988E-02 1.00000000E+02 1.20000000E-01
4.97379215E+00 3.60441935E-02 1.00000000E+02 1.20000000E-01
5.13103237E+00 3.53759736E-02 1.00000000E+02 1.20000000E-01
5.29324354E+00 3.46695351E-02 1.00000000E+02 1.20000000E-01
5.46058282E+00 3.39107194E-02 1.00000000E+02 1.20000000E-01
5.63321231E+00 3.33664987E-02 1.00000000E+02 1.20000000E-01
5.81129927E+00 3.27861790E-02 1.00000000E+02 1.20000000E-01
5.99501623E+00 3.21741701E-02 1.00000000E+02 1.20000000E-01
6.18454117E+00 3.15172441E-02 1.00000000E+02 1.20000000E-01
6.38005771E+00 3.08503318E-02 1.00000000E+02 1.20000000E-01
6.58175525E+00 3.03482607E-02 1.00000000E+02 1.20000000E-01
6.78982921E+00 2.98197165E-02 1.00000000E+02 1.20000000E-01
7.00448117E+00 2.92520485E-02 1.00000000E+02 1.20000000E-01
7.22591908E+00 2.86525950E-02 1.00000000E+02 1.20000000E-01
7.45435747E+00 2.80587842E-02 1.00000000E+02 1.20000000E-01
7.69001766E+00 2.75976883E-02 1.00000000E+02 1.20000000E-01
7.93312795E+00 2.71008843E-02 1.00000000E+02 1.20000000E-01
8.18392387E+00 2.65751944E-02 1.00000000E+02 1.20000000E-01
8.44264838E+00 2.60125364E-02 1.00000000E+02 1.20000000E-01
8.70955215E+00 2.54909275E-02 1.00000000E+02 1.20000000E-01
8.98489375E+00 2.50557145E-02 1.00000000E+02 1.20000000E-01
9.26893993E+00 2.45860315E-02 1.00000000E+02 1.20000000E-01
9.56196587E+00 2.40880734E-02 1.00000000E+02 1.20000000E-01
9.86425546E+00 2.35498580E-02 1.00000000E+02 1.20000000E-01
1.01761016E+01 2.31142153E-02 1.00000000E+02 1.20000000E-01
1.04978063E+01 2.26990569E-02 1.00000000E+02 1.20000000E-01
1.08296813E+01 2.22582318E-02 1.00000000E+02 1.20000000E-01
1.11720481E+01 2.17822110E-02 1.00000000E+02 1.20000000E-01
1.15252385E+01 2.12914705E-02 1.00000000E+02 1.20000000E-01
1.18895945E+01 2.09262431E-02 1.00000000E+02 1.20000000E-01
1.22654691E+01 2.05307915E-02 1.00000000E+02 1.20000000E-01
1.26532266E+01 2.01102587E-02 1.00000000E+02 1.20000000E-01
1.30532425E+01 1.96562001E-02 1.00000000E+02 1.20000000E-01
1.34659044E+01 1.92520771E-02 1.00000000E+02 1.20000000E-01
1.38916122E+01 1.88951625E-02 1.00000000E+02 1.20000000E-01
1.43307781E+01 1.85054209E-02 1.00000000E+02 1.20000000E-01
1.47838277E+01 1.80856474E-02 1.00000000E+02 1.20000000E-01
1.52512000E+01 1.76542988E-02 1.00000000E+02 1.20000000E-01
1.57333476E+01 1.73210520E-02 1.00000000E+02 1.20000000E-01
1.62307377E+01 1.69589705E-02 1.00000000E+02 1.20000000E-01
1.67438521E+01 1.65604849E-02 1.00000000E+02 1.20000000E-01
1.72731881E+01 1.61330226E-02 1.00000000E+02 1.20000000E-01
1.78192583E+01 1.58132695E-02 1.00000000E+02 1.20000000E-01
1.83825919E+01 1.54642824E-02 1.00000000E+02 1.20000000E-01
1.89637345E+01 1.50813228E-02 1.00000000E+02 1.20000000E-01
1.95632493E+01 1.46735783E-02 1.00000000E+02 1.20000000E-01
2.01817169E+01 1.43596091E-02 1.00000000E+02 1.20000000E-01
2.08197367E+01 1.40113339E-02 1.00000000E+02 1.20000000E-01
2.14779266E+01 1.36227470E-02 1.00000000E+02 1.20000000E-01
2.21569244E+01 1.32584045E-02 1.00000000E+02 1.20000000E-01
2.28573879E+01 1.29274714E-02 1.00000000E+02 1.20000000E-01
2.35799956E+01 1.25489714E-02 1.00000000E+02 1.20000000E-01
2.43254476E+01 1.21424016E-02 1.00000000E+02 1.20000000E-01
2.50944663E+01 1.17797092E-02 1.00000000E+02 1.20000000E-01
2.58877964E+01 1.13133494E-02 1.00000000E+02 1.20000000E-01
2.67062067E+01 1.08091463E-02 1.00000000E+02 1.20000000E-01
2.75504900E+01 1.01389786E-02 1.00000000E+02 1.20000000E-01
2.84214643E+01 9.29094333E-03 1.00000000E+02 1.20000000E-01
2.93199734E+01 8.08756291E-03 1.00000000E+02 1.20000000E-01
3.02468877E+01 6.30341683E-03 1.00000000E+02 1.20000000E-01
3.12031052E+01 4.18249973E-03 1.00000000E+02 1.20000000E-01
3.21895523E+01 2.51401055E-03 1.00000000E+02 1.20000000E-01
3.32071848E+01 1.49527196E-03 1.00000000E+02 1.20000000E-01
3.42569884E+01 8.96649275E-04 1.00000000E+02 1.20000000E-01
3.53399802E+01 5.44988265E-04 1.00000000E+02 1.20000000E-01
3.64572095E+01 3.35131321E-04 1.00000000E+02 1.20000000E-01
3.76097586E+01 2.08545081E-04 1.00000000E+02 1.20000000E-01
3.87987440E+01 1.31238670E-04 1.00000000E+02 1.20000000E-01
4.00253178E+01 8.35806973E-05 1.00000000E+02 1.20000000E-01
4.12906681E+01 5.37438776E-05 1.00000000E+02 1.20000000E-01
4.25960210E+01 3.47985394E-05 1.00000000E+02 1.20000000E-01
4.39426409E+01 2.27310627E-05 1.00000000E+02 1.20000000E-01
4.53318325E+01 1.49228745E-05 1.00000000E+02 1.20000000E-01
4.67649417E+01 9.80386148E-06 1.00000000E+02 1.20000000E-01
4.82433569E+01 6.43262304E-06 1.00000000E+02 1.20000000E-01
