9.85213366E-03 8.95157786E-01 1.00000000E+01 1.20000000E-01
1.01635965E-02 8.80056563E-01 1.00000000E+01 1.20000000E-01
1.04849059E-02 8.66813669E-01 1.00000000E+01 1.20000000E-01
1.08163731E-02 8.55711135E-01 1.00000000E+01 1.20000000E-01
1.11583192E-02 8.44106759E-01 1.00000000E+01 1.20000000E-01
1.15110755E-02 8.31802437E-01 1.00000000E+01 1.20000000E-01
1.18749838E-02 8.18843620E-01 1.00000000E+01 1.20000000E-01
1.22503966E-02 8.05222185E-01 1.00000000E+01 1.20000000E-01
1.26376775E-02 7.92214264E-01 1.00000000E+01 1.20000000E-01
1.30372019E-02 7.82267932E-01 1.00000000E+01 1.20000000E-01
1.34493567E-02 7.71929992E-01 1.00000000E+01 1.20000000E-01
1.38745413E-02 7.60906774E-01 1.00000000E+01 1.20000000E-01
1.43131676E-02 7.49233518E-01 1.00000000E+01 1.20000000E-01
1.47656605E-02 7.37078501E-01 1.00000000E+01 1.20000000E-01
1.52324584E-02 7.24291202E-01 1.00000000E+01 1.20000000E-01
1.57140135E-02 7.15590254E-01 1.00000000E+01 1.20000000E-01
1.62107924E-02 7.06184738E-01 1.00000000E+01 1.20000000E-01
1.67232763E-02 6.96241706E-01 1.00000000E+01 1.20000000E-01
1.72519617E-02 6.85914375E-01 1.00000000E+01 1.20000000E-01
1.77973609E-02 6.75076218E-01 1.00000000E+01 1.20000000E-01
1.83600022E-02 6.63438221E-01 1.00000000E+01 1.20000000E-01
1.89404307E-02 6.54369737E-01 1.00000000E+01 1.20000000E-01
1.95392088E-02 6.46035937E-01 1.00000000E+01 1.20000000E-01
2.01569164E-02 6.37145210E-01 1.00000000E+01 1.20000000E-01
2.07941521E-02 6.27791936E-01 1.00000000E+01 1.20000000E-01
2.14515332E-02 6.18062949E-01 1.00000000E+01 1.20000000E-01
2.21296966E-02 6.07604648E-01 1.00000000E+01 1.20000000E-01
2.28292993E-02 5.98401569E-01 1.00000000E+01 1.20000000E-01
2.35510190E-02 5.90899949E-01 1.00000000E+01 1.20000000E-01
2.42955550E-02 5.82927710E-01 1.00000000E+01 1.20000000E-01
2.50636286E-02 5.74487871E-01 1.00000000E+01 1.20000000E-01
2.58559839E-02 5.65519806E-01 1.00000000E+01 1.20000000E-01
2.66733885E-02 5.56021902E-01 1.00000000E+01 1.20000000E-01
2.75166343E-02 5.46845881E-01 1.00000000E+01 1.20000000E-01
2.83865383E-02 5.39985906E-01 1.00000000E+01 1.20000000E-01
2.92839432E-02 5.32661105E-01 1.00000000E+01 1.20000000E-01
3.02097184E-02 5.24864562E-01 1.00000000E+01 1.20000000E-01
3.11647609E-02 5.16539247E-01 1.00000000E+01 1.20000000E-01
3.21499958E-02 5.07668935E-01 1.00000000E+01 1.20000000E-01
3.31663777E-02 4.98873203E-01 1.00000000E+01 1.20000000E-01
3.42148913E-02 4.92277372E-01 1.00000000E+01 1.20000000E-01
3.52965523E-02 4.85227164E-01 1.00000000E+01 1.20000000E-01
3.64124086E-02 4.77666374E-01 1.00000000E+01 1.20000000E-01
3.75635414E-02 4.69543700E-01 1.00000000E+01 1.20000000E-01
3.87510658E-02 4.60803348E-01 1.00000000E+01 1.20000000E-01
3.99761322E-02 4.52831008E-01 1.00000000E+01 1.20000000E-01
4.12399276E-02 4.46256500E-01 1.00000000E+01 1.20000000E-01
4.25436764E-02 4.39040317E-01 1.00000000E+01 1.20000000E-01
4.38886415E-02 4.31119576E-01 1.00000000E+01 1.20000000E-01
4.52761260E-02 4.22482439E-01 1.00000000E+01 1.20000000E-01
4.67074741E-02 4.13870703E-01 1.00000000E+01 1.20000000E-01
4.81840725E-02 4.07158961E-01 1.00000000E+01 1.20000000E-01
4.97073516E-02 3.99766578E-01 1.00000000E+01 1.20000000E-01
5.12787874E-02 3.91635468E-01 1.00000000E+01 1.20000000E-01
5.28999021E-02 3.82702651E-01 1.00000000E+01 1.20000000E-01
5.45722664E-02 3.74670204E-01 1.00000000E+01 1.20000000E-01
5.62975003E-02 3.67452879E-01 1.00000000E+01 1.20000000E-01
5.80772754E-02 3.59304370E-01 1.00000000E+01 1.20000000E-01
5.99133158E-02 3.50211788E-01 1.00000000E+01 1.20000000E-01
6.18074003E-02 3.41693045E-01 1.00000000E+01 1.20000000E-01
6.37613640E-02 3.34047001E-01 1.00000000E+01 1.20000000E-01
6.57770997E-02 3.25396153E-01 1.00000000E+01 1.20000000E-01
6.78565605E-02 3.15651138E-01 1.00000000E+01 1.20000000E-01
7.00017608E-02 3.07779393E-01 1.00000000E+01 1.20000000E-01
7.22147789E-02 2.99290082E-01 1.00000000E+01 1.20000000E-01
7.44977588E-02 2.89636624E-01 1.00000000E+01 1.20000000E-01
7.68529123E-02 2.81116218E-01 1.00000000E+01 1.20000000E-01
7.92825209E-02 2.72474428E-01 1.00000000E+01 1.20000000E-01
8.17889387E-02 2.62601172E-01 1.00000000E+01 1.20000000E-01
8.43745937E-02 2.54304542E-01 1.00000000E+01 1.20000000E-01
8.70419909E-02 2.45301033E-01 1.00000000E+01 1.20000000E-01
8.97937146E-02 2.35781450E-01 1.00000000E+01 1.20000000E-01
9.26324306E-02 2.27209809E-01 1.00000000E+01 1.20000000E-01
9.55608890E-02 2.16842523E-01 1.00000000E+01 1.20000000E-01
9.85819270E-02 2.07458664E-01 1.00000000E+01 1.20000000E-01
1.01698471E-01 1.94939157E-01 1.00000000E+01 1.20000000E-01
1.04913541E-01 1.79531608E-01 1.00000000E+01 1.20000000E-01
1.08230252E-01 1.67338627E-01 1.00000000E+01 1.20000000E-01
1.11651816E-01 1.57999889E-01 1.00000000E+01 1.20000000E-01
1.15181548E-01 1.49135309E-01 1.00000000E+01 1.20000000E-01
1.18822869E-01 1.42062987E-01 1.00000000E+01 1.20000000E-01
1.22579305E-01 1.34899253E-01 1.00000000E+01 1.20000000E-01
1.26454497E-01 1.28868878E-01 1.00000000E+01 1.20000000E-01
1.30452197E-01 1.22856907E-01 1.00000000E+01 1.20000000E-01
1.34576280E-01 1.17782949E-01 1.00000000E+01 1.20000000E-01
1.38830741E-01 1.12584914E-01 1.00000000E+01 1.20000000E-01
1.43219701E-01 1.08438774E-01 1.00000000E+01 1.20000000E-01
1.47747413E-01 1.04000660E-01 1.00000000E+01 1.20000000E-01
1.52418263E-01 1.00506532E-01 1.00000000E+01 1.20000000E-01
1.57236775E-01 9.70446066E-02 1.00000000E+01 1.20000000E-01
1.62207619E-01 9.35990335E-02 1.00000000E+01 1.20000000E-01
1.67335610E-01 9.09538692E-02 1.00000000E+01 1.20000000E-01
1.72625717E-01 8.81510221E-02 1.00000000E+01 1.20000000E-01
1.78083063E-01 8.53685358E-02 1.00000000E+01 1.20000000E-01
1.83712936E-01 8.32428101E-02 1.00000000E+01 1.20000000E-01
1.89520791E-01 8.10108232E-02 1.00000000E+01 1.20000000E-01
1.95512253E-01 7.86343997E-02 1.00000000E+01 1.20000000E-01
2.01693129E-01 7.67879760E-02 1.00000000E+01 1.20000000E-01
2.08069405E-01 7.49912329E-02 1.00000000E+01 1.20000000E-01
2.14647259E-01 7.30995253E-02 1.00000000E+01 1.20000000E-01
2.21433063E-01 7.11280968E-02 1.00000000E+01 1.20000000E-01
2.28433393E-01 6.96967561E-02 1.00000000E+01 1.20000000E-01
2.35655029E-01 6.81725349E-02 1.00000000E+01 1.20000000E-01
2.43104968E-01 6.65547013E-02 1.00000000E+01 1.20000000E-01
2.50790427E-01 6.48566510E-02 1.00000000E+01 1.20000000E-01
2.58718853E-01 6.36318091E-02 1.00000000E+01 1.20000000E-01
2.66897926E-01 6.23277138E-02 1.00000000E+01 1.20000000E-01
2.75335570E-01 6.09352433E-02 1.00000000E+01 1.20000000E-01
2.84039959E-01 5.94506204E-02 1.00000000E+01 1.20000000E-01
2.93019527E-01 5.82992722E-02 1.00000000E+01 1.20000000E-01
3.02282973E-01 5.71763479E-02 1.00000000E+01 1.20000000E-01
3.11839271E-01 5.59768157E-02 1.00000000E+01 1.20000000E-01
3.21697680E-01 5.46979358E-02 1.00000000E+01 1.20000000E-01
3.31867750E-01 5.35277819E-02 1.00000000E+01 1.20000000E-01
3.42359333E-01 5.25569112E-02 1.00000000E+01 1.20000000E-01
3.53182596E-01 5.15236062E-02 1.00000000E+01 1.20000000E-01
3.64348022E-01 5.04148520E-02 1.00000000E+01 1.20000000E-01
3.75866429E-01 4.92306134E-02 1.00000000E+01 1.20000000E-01
3.87748976E-01 4.83619939E-02 1.00000000E+01 1.20000000E-01
4.00007174E-01 4.74690217E-02 1.00000000E+01 1.20000000E-01
4.12652901E-01 4.65095864E-02 1.00000000E+01 1.20000000E-01
4.25698406E-01 4.54920851E-02 1.00000000E+01 1.20000000E-01
4.39156329E-01 4.45301883E-02 1.00000000E+01 1.20000000E-01
4.53039707E-01 4.37528641E-02 1.00000000E+01 1.20000000E-01
4.67361991E-01 4.29263306E-02 1.00000000E+01 1.20000000E-01
4.82137055E-01 4.20441169E-02 1.00000000E+01 1.20000000E-01
4.97379215E-01 4.10985261E-02 1.00000000E+01 1.20000000E-01
5.13103237E-01 4.03341882E-02 1.00000000E+01 1.20000000E-01
5.29324354E-01 3.96170214E-02 1.00000000E+01 1.20000000E-01
5.46058282E-01 3.88530440E-02 1.00000000E+01 1.20000000E-01
5.63321231E-01 3.80320345E-02 1.00000000E+01 1.20000000E-01
5.81129927E-01 3.71762080E-02 1.00000000E+01 1.20000000E-01
5.99501623E-01 3.65548474E-02 1.00000000E+01 1.20000000E-01
6.18454117E-01 3.58902594E-02 1.00000000E+01 1.20000000E-01
6.38005771E-01 3.51811351E-02 1.00000000E+01 1.20000000E-01
6.58175525E-01 3.44244291E-02 1.00000000E+01 1.20000000E-01
6.78982921E-01 3.37175646E-02 1.00000000E+01 1.20000000E-01
7.00448117E-01 3.31419513E-02 1.00000000E+01 1.20000000E-01
7.22591908E-01 3.25266953E-02 1.00000000E+01 1.20000000E-01
7.45435747E-01 3.18639230E-02 1.00000000E+01 1.20000000E-01
7.69001766E-01 3.11590267E-02 1.00000000E+01 1.20000000E-01
7.93312795E-01 3.05688590E-02 1.00000000E+01 1.20000000E-01
8.18392387E-01 3.00295945E-02 1.00000000E+01 1.20000000E-01
8.44264838E-01 2.94519902E-02 1.00000000E+01 1.20000000E-01
8.70955215E-01 2.88328961E-02 1.00000000E+01 1.20000000E-01
8.98489375E-01 2.81645468E-02 1.00000000E+01 1.20000000E-01
9.26893993E-01 2.76887746E-02 1.00000000E+01 1.20000000E-01
9.56196587E-01 2.71831449E-02 1.00000000E+01 1.20000000E-01
9.86425546E-01 2.66292006E-02 1.00000000E+01 1.20000000E-01
1.01761016E+00 2.60449271E-02 1.00000000E+01 1.20000000E-01
1.04978063E+00 2.54948111E-02 1.00000000E+01 1.20000000E-01
1.08296813E+00 2.50372283E-02 1.00000000E+01 1.20000000E-01
1.11720481E+00 2.45451931E-02 1.00000000E+01 1.20000000E-01
1.15252385E+00 2.40126541E-02 1.00000000E+01 1.20000000E-01
1.18895945E+00 2.34328793E-02 1.00000000E+01 1.20000000E-01
1.22654691E+00 2.30031520E-02 1.00000000E+01 1.20000000E-01
1.26532266E+00 2.25507045E-02 1.00000000E+01 1.20000000E-01
1.30532425E+00 2.20560566E-02 1.00000000E+01 1.20000000E-01
1.34659044E+00 2.15112851E-02 1.00000000E+01 1.20000000E-01
1.38916122E+00 2.10489111E-02 1.00000000E+01 1.20000000E-01
1.43307781E+00 2.06092841E-02 1.00000000E+01 1.20000000E-01
1.47838277E+00 2.01219278E-02 1.00000000E+01 1.20000000E-01
1.52512000E+00 1.95759822E-02 1.00000000E+01 1.20000000E-01
1.57333476E+00 1.91141759E-02 1.00000000E+01 1.20000000E-01
1.62307377E+00 1.86274659E-02 1.00000000E+01 1.20000000E-01
1.67438521E+00 1.80248789E-02 1.00000000E+01 1.20000000E-01
1.72731881E+00 1.73547183E-02 1.00000000E+01 1.20000000E-01
1.78192583E+00 1.64932314E-02 1.00000000E+01 1.20000000E-01
1.83825919E+00 1.58279800E-02 1.00000000E+01 1.20000000E-01
1.89637345E+00 1.52678809E-02 1.00000000E+01 1.20000000E-01
1.95632493E+00 1.46785567E-02 1.00000000E+01 1.20000000E-01
2.01817169E+00 1.42345837E-02 1.00000000E+01 1.20000000E-01
2.08197367E+00 1.37457342E-02 1.00000000E+01 1.20000000E-01
2.14779266E+00 1.32727181E-02 1.00000000E+01 1.20000000E-01
2.21569244E+00 1.28731295E-02 1.00000000E+01 1.20000000E-01
2.28573879E+00 1.24215736E-02 1.00000000E+01 1.20000000E-01
2.35799956E+00 1.20106846E-02 1.00000000E+01 1.20000000E-01
2.43254476E+00 1.16177974E-02 1.00000000E+01 1.20000000E-01
2.50944663E+00 1.11623256E-02 1.00000000E+01 1.20000000E-01
2.58877964E+00 1.07969569E-02 1.00000000E+01 1.20000000E-01
2.67062067E+00 1.03785168E-02 1.00000000E+01 1.20000000E-01
2.75504900E+00 9.96572656E-03 1.00000000E+01 1.20000000E-01
2.84214643E+00 9.54389355E-03 1.00000000E+01 1.20000000E-01
2.93199734E+00 9.06259238E-03 1.00000000E+01 1.20000000E-01
3.02468877E+00 8.46403421E-03 1.00000000E+01 1.20000000E-01
3.12031052E+00 7.64087158E-03 1.00000000E+01 1.20000000E-01
3.21895523E+00 6.35125095E-03 1.00000000E+01 1.20000000E-01
3.32071848E+00 4.34835650E-03 1.00000000E+01 1.20000000E-01
3.42569884E+00 2.41206151E-03 1.00000000E+01 1.20000000E-01
3.53399802E+00 1.27649592E-03 1.00000000E+01 1.20000000E-01
3.64572095E+00 6.82757334E-04 1.00000000E+01 1.20000000E-01
3.76097586E+00 3.72764729E-04 1.00000000E+01 1.20000000E-01
3.87987440E+00 2.06198594E-04 1.00000000E+01 1.20000000E-01
4.00253178E+00 1.16171649E-04 1.00000000E+01 1.20000000E-01
4.12906681E+00 6.63572934E-05 1.00000000E+01 1.20000000E-01
4.25960210E+00 3.83497866E-05 1.00000000E+01 1.20000000E-01
4.39426409E+00 2.24277626E-05 1.00000000E+01 1.20000000E-01
4.53318325E+00 1.32732530E-05 1.00000000E+01 1.20000000E-01
4.67649417E+00 7.88855648E-06 1.00000000E+01 1.20000000E-01
4.82433569E+00 4.73098399E-06 1.00000000E+01 1.20000000E-01
