9.85213366E-05 8.67804848E-02 1.00000000E-01 1.20000000E-01
1.01635965E-04 8.54366714E-02 1.00000000E-01 1.20000000E-01
1.04849059E-04 8.43827833E-02 1.00000000E-01 1.20000000E-01
1.08163731E-04 8.32795654E-02 1.00000000E-01 1.20000000E-01
1.11583192E-04 8.21162716E-02 1.00000000E-01 1.20000000E-01
1.15110755E-04 8.08906980E-02 1.00000000E-01 1.20000000E-01
1.18749838E-04 7.95949209E-02 1.00000000E-01 1.20000000E-01
1.22503966E-04 7.82436591E-02 1.00000000E-01 1.20000000E-01
1.26376775E-04 7.72702159E-02 1.00000000E-01 1.20000000E-01
1.30372019E-04 7.62832852E-02 1.00000000E-01 1.20000000E-01
1.34493567E-04 7.52361670E-02 1.00000000E-01 1.20000000E-01
1.38745413E-04 7.41444141E-02 1.00000000E-01 1.20000000E-01
1.43131676E-04 7.29840826E-02 1.00000000E-01 1.20000000E-01
1.47656605E-04 7.17738505E-02 1.00000000E-01 1.20000000E-01
1.52324584E-04 7.07419818E-02 1.00000000E-01 1.20000000E-01
1.57140135E-04 6.98596711E-02 1.00000000E-01 1.20000000E-01
1.62107924E-04 6.89220296E-02 1.00000000E-01 1.20000000E-01
1.67232763E-04 6.79441768E-02 1.00000000E-01 1.20000000E-01
1.72519617E-04 6.69048491E-02 1.00000000E-01 1.20000000E-01
1.77973609E-04 6.58195181E-02 1.00000000E-01 1.20000000E-01
1.83600022E-04 6.47541972E-02 1.00000000E-01 1.20000000E-01
1.89404307E-04 6.39639881E-02 1.00000000E-01 1.20000000E-01
1.95392088E-04 6.31242010E-02 1.00000000E-01 1.20000000E-01
2.01569164E-04 6.22443241E-02 1.00000000E-01 1.20000000E-01
2.07941521E-04 6.13170190E-02 1.00000000E-01 1.20000000E-01
2.14515332E-04 6.03440339E-02 1.00000000E-01 1.20000000E-01
2.21296966E-04 5.93124817E-02 1.00000000E-01 1.20000000E-01
2.28292993E-04 5.85488818E-02 1.00000000E-01 1.20000000E-01
2.35510190E-04 5.78023551E-02 1.00000000E-01 1.20000000E-01
2.42955550E-04 5.70135527E-02 1.00000000E-01 1.20000000E-01
2.50636286E-04 5.61829365E-02 1.00000000E-01 1.20000000E-01
2.58559839E-04 5.53037171E-02 1.00000000E-01 1.20000000E-01
2.66733885E-04 5.43862642E-02 1.00000000E-01 1.20000000E-01
2.75166343E-04 5.35876831E-02 1.00000000E-01 1.20000000E-01
2.83865383E-04 5.29190413E-02 1.00000000E-01 1.20000000E-01
2.92839432E-04 5.22087425E-02 1.00000000E-01 1.20000000E-01
3.02097184E-04 5.14675640E-02 1.00000000E-01 1.20000000E-01
3.11647609E-04 5.06793777E-02 1.00000000E-01 1.20000000E-01
3.21499958E-04 4.98559033E-02 1.00000000E-01 1.20000000E-01
3.31663777E-04 4.90383406E-02 1.00000000E-01 1.20000000E-01
3.42148913E-04 4.84394423E-02 1.00000000E-01 1.20000000E-01
3.52965523E-04 4.78026626E-02 1.00000000E-01 1.20000000E-01
3.64124086E-04 4.71351044E-02 1.00000000E-01 1.20000000E-01
3.75635414E-04 4.64311676E-02 1.00000000E-01 1.20000000E-01
3.87510658E-04 4.56921333E-02 1.00000000E-01 1.20000000E-01
3.99761322E-04 4.49082239E-02 1.00000000E-01 1.20000000E-01
4.12399276E-04 4.43263161E-02 1.00000000E-01 1.20000000E-01
4.25436764E-04 4.37593755E-02 1.00000000E-01 1.20000000E-01
4.38886415E-04 4.31599234E-02 1.00000000E-01 1.20000000E-01
4.52761260E-04 4.25281362E-02 1.00000000E-01 1.20000000E-01
4.67074741E-04 4.18588289E-02 1.00000000E-01 1.20000000E-01
4.81840725E-04 4.11593018E-02 1.00000000E-01 1.20000000E-01
4.97073516E-04 4.05562235E-02 1.00000000E-01 1.20000000E-01
5.12787874E-04 4.00463601E-02 1.00000000E-01 1.20000000E-01
5.28999021E-04 3.95040312E-02 1.00000000E-01 1.20000000E-01
5.45722664E-04 3.89349668E-02 1.00000000E-01 1.20000000E-01
5.62975003E-04 3.83377950E-02 1.00000000E-01 1.20000000E-01
5.80772754E-04 3.77018495E-02 1.00000000E-01 1.20000000E-01
5.99133158E-04 3.70895968E-02 1.00000000E-01 1.20000000E-01
6.18074003E-04 3.66277764E-02 1.00000000E-01 1.20000000E-01
6.37613640E-04 3.61372737E-02 1.00000000E-01 1.20000000E-01
6.57770997E-04 3.56196855E-02 1.00000000E-01 1.20000000E-01
6.78565605E-04 3.50691012E-02 1.00000000E-01 1.20000000E-01
7.00017608E-04 3.44911581E-02 1.00000000E-01 1.20000000E-01
7.22147789E-04 3.38865886E-02 1.00000000E-01 1.20000000E-01
7.44977588E-04 3.34589205E-02 1.00000000E-01 1.20000000E-01
7.68529123E-04 3.30082654E-02 1.00000000E-01 1.20000000E-01
7.92825209E-04 3.25268876E-02 1.00000000E-01 1.20000000E-01
8.17889387E-04 3.20194124E-02 1.00000000E-01 1.20000000E-01
8.43745937E-04 3.14787834E-02 1.00000000E-01 1.20000000E-01
8.70419909E-04 3.09033112E-02 1.00000000E-01 1.20000000E-01
8.97937146E-04 3.05052541E-02 1.00000000E-01 1.20000000E-01
9.26324306E-04 3.00783848E-02 1.00000000E-01 1.20000000E-01
9.55608890E-04 2.96243245E-02 1.00000000E-01 1.20000000E-01
9.85819270E-04 2.91442766E-02 1.00000000E-01 1.20000000E-01
1.01698471E-03 2.86309021E-02 1.00000000E-01 1.20000000E-01
1.04913541E-03 2.81120535E-02 1.00000000E-01 1.20000000E-01
1.08230252E-03 2.77288529E-02 1.00000000E-01 1.20000000E-01
1.11651816E-03 2.73221762E-02 1.00000000E-01 1.20000000E-01
1.15181548E-03 2.68897751E-02 1.00000000E-01 1.20000000E-01
1.18822869E-03 2.64268706E-02 1.00000000E-01 1.20000000E-01
1.22579305E-03 2.59337638E-02 1.00000000E-01 1.20000000E-01
1.26454497E-03 2.54977775E-02 1.00000000E-01 1.20000000E-01
1.30452197E-03 2.51305853E-02 1.00000000E-01 1.20000000E-01
1.34576280E-03 2.47392825E-02 1.00000000E-01 1.20000000E-01
1.38830741E-03 2.43239880E-02 1.00000000E-01 1.20000000E-01
1.43219701E-03 2.38801398E-02 1.00000000E-01 1.20000000E-01
1.47747413E-03 2.34078602E-02 1.00000000E-01 1.20000000E-01
1.52418263E-03 2.30728531E-02 1.00000000E-01 1.20000000E-01
1.57236775E-03 2.27214183E-02 1.00000000E-01 1.20000000E-01
1.62207619E-03 2.23479610E-02 1.00000000E-01 1.20000000E-01
1.67335610E-03 2.19538221E-02 1.00000000E-01 1.20000000E-01
1.72625717E-03 2.15332980E-02 1.00000000E-01 1.20000000E-01
1.78083063E-03 2.11671348E-02 1.00000000E-01 1.20000000E-01
1.83712936E-03 2.08552036E-02 1.00000000E-01 1.20000000E-01
1.89520791E-03 2.05244667E-02 1.00000000E-01 1.20000000E-01
1.95512253E-03 2.01737620E-02 1.00000000E-01 1.20000000E-01
2.01693129E-03 1.98021794E-02 1.00000000E-01 1.20000000E-01
2.08069405E-03 1.94168139E-02 1.00000000E-01 1.20000000E-01
2.14647259E-03 1.91432937E-02 1.00000000E-01 1.20000000E-01
2.21433063E-03 1.88552857E-02 1.00000000E-01 1.20000000E-01
2.28433393E-03 1.85486040E-02 1.00000000E-01 1.20000000E-01
2.35655029E-03 1.82241204E-02 1.00000000E-01 1.20000000E-01
2.43104968E-03 1.78807252E-02 1.00000000E-01 1.20000000E-01
2.50790427E-03 1.75842479E-02 1.00000000E-01 1.20000000E-01
2.58718853E-03 1.73327976E-02 1.00000000E-01 1.20000000E-01
2.66897926E-03 1.70670582E-02 1.00000000E-01 1.20000000E-01
2.75335570E-03 1.67870237E-02 1.00000000E-01 1.20000000E-01
2.84039959E-03 1.64897421E-02 1.00000000E-01 1.20000000E-01
2.93019527E-03 1.61756282E-02 1.00000000E-01 1.20000000E-01
3.02282973E-03 1.59467183E-02 1.00000000E-01 1.20000000E-01
3.11839271E-03 1.57187020E-02 1.00000000E-01 1.20000000E-01
3.21697680E-03 1.54761581E-02 1.00000000E-01 1.20000000E-01
3.31867750E-03 1.52200286E-02 1.00000000E-01 1.20000000E-01
3.42359333E-03 1.49514780E-02 1.00000000E-01 1.20000000E-01
3.53182596E-03 1.46815672E-02 1.00000000E-01 1.20000000E-01
3.64348022E-03 1.44840998E-02 1.00000000E-01 1.20000000E-01
3.75866429E-03 1.42762970E-02 1.00000000E-01 1.20000000E-01
3.87748976E-03 1.40563403E-02 1.00000000E-01 1.20000000E-01
4.00007174E-03 1.38245540E-02 1.00000000E-01 1.20000000E-01
4.12652901E-03 1.35787937E-02 1.00000000E-01 1.20000000E-01
4.25698406E-03 1.33512067E-02 1.00000000E-01 1.20000000E-01
4.39156329E-03 1.31720040E-02 1.00000000E-01 1.20000000E-01
4.53039707E-03 1.29833947E-02 1.00000000E-01 1.20000000E-01
4.67361991E-03 1.27836392E-02 1.00000000E-01 1.20000000E-01
4.82137055E-03 1.25728836E-02 1.00000000E-01 1.20000000E-01
4.97379215E-03 1.23493727E-02 1.00000000E-01 1.20000000E-01
5.13103237E-03 1.21513702E-02 1.00000000E-01 1.20000000E-01
5.29324354E-03 1.19882838E-02 1.00000000E-01 1.20000000E-01
5.46058282E-03 1.18165586E-02 1.00000000E-01 1.20000000E-01
5.63321231E-03 1.16344772E-02 1.00000000E-01 1.20000000E-01
5.81129927E-03 1.14421797E-02 1.00000000E-01 1.20000000E-01
5.99501623E-03 1.12396299E-02 1.00000000E-01 1.20000000E-01
6.18454117E-03 1.10630310E-02 1.00000000E-01 1.20000000E-01
6.38005771E-03 1.09142144E-02 1.00000000E-01 1.20000000E-01
6.58175525E-03 1.07577579E-02 1.00000000E-01 1.20000000E-01
6.78982921E-03 1.05912241E-02 1.00000000E-01 1.20000000E-01
7.00448117E-03 1.04152017E-02 1.00000000E-01 1.20000000E-01
7.22591908E-03 1.02275786E-02 1.00000000E-01 1.20000000E-01
7.45435747E-03 1.00708918E-02 1.00000000E-01 1.20000000E-01
7.69001766E-03 9.93336783E-03 1.00000000E-01 1.20000000E-01
7.93312795E-03 9.78926184E-03 1.00000000E-01 1.20000000E-01
8.18392387E-03 9.63503443E-03 1.00000000E-01 1.20000000E-01
8.44264838E-03 9.47055068E-03 1.00000000E-01 1.20000000E-01
8.70955215E-03 9.29575273E-03 1.00000000E-01 1.20000000E-01
8.98489375E-03 9.15980399E-03 1.00000000E-01 1.20000000E-01
9.26893993E-03 9.03228872E-03 1.00000000E-01 1.20000000E-01
9.56196587E-03 8.89532459E-03 1.00000000E-01 1.20000000E-01
9.86425546E-03 8.74982215E-03 1.00000000E-01 1.20000000E-01
1.01761016E-02 8.59645227E-03 1.00000000E-01 1.20000000E-01
1.04978063E-02 8.43075263E-03 1.00000000E-01 1.20000000E-01
1.08296813E-02 8.31559492E-03 1.00000000E-01 1.20000000E-01
1.11720481E-02 8.19360573E-03 1.00000000E-01 1.20000000E-01
1.15252385E-02 8.06213980E-03 1.00000000E-01 1.20000000E-01
1.18895945E-02 7.92283050E-03 1.00000000E-01 1.20000000E-01
1.22654691E-02 7.77311132E-03 1.00000000E-01 1.20000000E-01
1.26532266E-02 7.63683868E-03 1.00000000E-01 1.20000000E-01
1.30532425E-02 7.52470853E-03 1.00000000E-01 1.20000000E-01
1.34659044E-02 7.40479997E-03 1.00000000E-01 1.20000000E-01
1.38916122E-02 7.27447194E-03 1.00000000E-01 1.20000000E-01
1.43307781E-02 7.13419689E-03 1.00000000E-01 1.20000000E-01
1.47838277E-02 6.99117712E-03 1.00000000E-01 1.20000000E-01
1.52512000E-02 6.88475528E-03 1.00000000E-01 1.20000000E-01
1.57333476E-02 6.77139838E-03 1.00000000E-01 1.20000000E-01
1.62307377E-02 6.64619879E-03 1.00000000E-01 1.20000000E-01
1.67438521E-02 6.51029305E-03 1.00000000E-01 1.20000000E-01
1.72731881E-02 6.37210039E-03 1.00000000E-01 1.20000000E-01
1.78192583E-02 6.26747210E-03 1.00000000E-01 1.20000000E-01
1.83825919E-02 6.15300828E-03 1.00000000E-01 1.20000000E-01
1.89637345E-02 6.02837152E-03 1.00000000E-01 1.20000000E-01
1.95632493E-02 5.89148337E-03 1.00000000E-01 1.20000000E-01
2.01817169E-02 5.76648197E-03 1.00000000E-01 1.20000000E-01
2.08197367E-02 5.65702356E-03 1.00000000E-01 1.20000000E-01
2.14779266E-02 5.53674554E-03 1.00000000E-01 1.20000000E-01
2.21569244E-02 5.40186634E-03 1.00000000E-01 1.20000000E-01
2.28573879E-02 5.26815755E-03 1.00000000E-01 1.20000000E-01
2.35799956E-02 5.15800946E-03 1.00000000E-01 1.20000000E-01
2.43254476E-02 5.03292237E-03 1.00000000E-01 1.20000000E-01
2.50944663E-02 4.89092802E-03 1.00000000E-01 1.20000000E-01
2.58877964E-02 4.76413992E-03 1.00000000E-01 1.20000000E-01
2.67062067E-02 4.64252464E-03 1.00000000E-01 1.20000000E-01
2.75504900E-02 4.49962370E-03 1.00000000E-01 1.20000000E-01
2.84214643E-02 4.35308267E-03 1.00000000E-01 1.20000000E-01
2.93199734E-02 4.20533845E-03 1.00000000E-01 1.20000000E-01
3.02468877E-02 4.00554858E-03 1.00000000E-01 1.20000000E-01
3.12031052E-02 3.69324608E-03 1.00000000E-01 1.20000000E-01
3.21895523E-02 3.24130015E-03 1.00000000E-01 1.20000000E-01
3.32071848E-02 2.35983773E-03 1.00000000E-01 1.20000000E-01
3.42569884E-02 1.26454419E-03 1.00000000E-01 1.20000000E-01
3.53399802E-02 6.05728671E-04 1.00000000E-01 1.20000000E-01
3.64572095E-02 2.92263461E-04 1.00000000E-01 1.20000000E-01
3.76097586E-02 1.43485903E-04 1.00000000E-01 1.20000000E-01
3.87987440E-02 7.17688991E-05 1.00000000E-01 1.20000000E-01
4.00253178E-02 3.64139238E-05 1.00000000E-01 1.20000000E-01
4.12906681E-02 1.87328825E-05 1.00000000E-01 1.20000000E-01
4.25960210E-02 9.77027046E-06 1.00000000E-01 1.20000000E-01
4.39426409E-02 5.15320495E-06 1.00000000E-01 1.20000000E-01
4.53318325E-02 2.73569226E-06 1.00000000E-01 1.20000000E-01
4.67649417E-02 1.44990272E-06 1.00000000E-01 1.20000000E-01
4.82433569E-02 7.52338446E-07 1.00000000E-01 1.20000000E-01
