1.01020215E-03 2.87441033E-02 1.00000000E-01 1.20000000E-01
1.09567409E-03 2.75719989E-02 1.00000000E-01 1.20000000E-01
1.18837771E-03 2.64250180E-02 1.00000000E-01 1.20000000E-01
1.28892486E-03 2.52753922E-02 1.00000000E-01 1.20000000E-01
1.39797919E-03 2.42274170E-02 1.00000000E-01 1.20000000E-01
1.51626046E-03 2.31296872E-02 1.00000000E-01 1.20000000E-01
1.64454937E-03 2.21756009E-02 1.00000000E-01 1.20000000E-01
1.78369264E-03 2.11515346E-02 1.00000000E-01 1.20000000E-01
1.93460865E-03 2.02949312E-02 1.00000000E-01 1.20000000E-01
2.09829347E-03 1.93443512E-02 1.00000000E-01 1.20000000E-01
2.27582746E-03 1.85863234E-02 1.00000000E-01 1.20000000E-01
2.46838239E-03 1.77073271E-02 1.00000000E-01 1.20000000E-01
2.67722914E-03 1.70410680E-02 1.00000000E-01 1.20000000E-01
2.90374616E-03 1.62689828E-02 1.00000000E-01 1.20000000E-01
3.14942850E-03 1.56429554E-02 1.00000000E-01 1.20000000E-01
3.41589772E-03 1.49715455E-02 1.00000000E-01 1.20000000E-01
3.70491256E-03 1.43740917E-02 1.00000000E-01 1.20000000E-01
4.01838059E-03 1.37893629E-02 1.00000000E-01 1.20000000E-01
4.35837076E-03 1.32166116E-02 1.00000000E-01 1.20000000E-01
4.72712707E-03 1.27077468E-02 1.00000000E-01 1.20000000E-01
5.12708340E-03 1.21553073E-02 1.00000000E-01 1.20000000E-01
5.56087953E-03 1.17113523E-02 1.00000000E-01 1.20000000E-01
6.03137861E-03 1.11986896E-02 1.00000000E-01 1.20000000E-01
6.54168603E-03 1.07894343E-02 1.00000000E-01 1.20000000E-01
7.09516992E-03 1.03390194E-02 1.00000000E-01 1.20000000E-01
7.69548340E-03 9.93015854E-03 1.00000000E-01 1.20000000E-01
8.34658865E-03 9.53221530E-03 1.00000000E-01 1.20000000E-01
9.05278310E-03 9.13036213E-03 1.00000000E-01 1.20000000E-01
9.81872778E-03 8.77214662E-03 1.00000000E-01 1.20000000E-01
1.06494781E-02 8.37863499E-03 1.00000000E-01 1.20000000E-01
1.15505171E-02 8.05302956E-03 1.00000000E-01 1.20000000E-01
1.25277920E-02 7.67129721E-03 1.00000000E-01 1.20000000E-01
1.35877528E-02 7.36808415E-03 1.00000000E-01 1.20000000E-01
1.47373957E-02 7.00150823E-03 1.00000000E-01 1.20000000E-01
1.59843083E-02 6.70903925E-03 1.00000000E-01 1.20000000E-01
1.73367207E-02 6.36021989E-03 1.00000000E-01 1.20000000E-01
1.88035590E-02 6.06318671E-03 1.00000000E-01 1.20000000E-01
2.03945047E-02 5.73085674E-03 1.00000000E-01 1.20000000E-01
2.21200583E-02 5.40950825E-03 1.00000000E-01 1.20000000E-01
2.39916088E-02 5.09060349E-03 1.00000000E-01 1.20000000E-01
2.60215089E-02 4.74510701E-03 1.00000000E-01 1.20000000E-01
2.82231563E-02 4.38494319E-03 1.00000000E-01 1.20000000E-01
3.06110824E-02 3.99548191E-03 1.00000000E-01 1.20000000E-01
3.32010479E-02 3.34526961E-03 1.00000000E-01 1.20000000E-01
3.60101471E-02 1.31643575E-03 1.00000000E-01 1.20000000E-01
3.90569208E-02 2.14907052E-04 1.00000000E-01 1.20000000E-01
4.23614781E-02 3.79876425E-05 1.00000000E-01 1.20000000E-01
4.59456299E-02 7.20058670E-06 1.00000000E-01 1.20000000E-01
4.98330323E-02 4.80494119E-04 1.00000000E-01 1.20000000E-01
5.40493430E-02 1.81179867E-03 1.00000000E-01 1.20000000E-01
5.86223905E-02 2.40704715E-03 1.00000000E-01 1.20000000E-01
6.35823579E-02 2.83185792E-03 1.00000000E-01 1.20000000E-01
6.89619818E-02 3.16270480E-03 1.00000000E-01 1.20000000E-01
7.47967691E-02 3.40462803E-03 1.00000000E-01 1.20000000E-01
8.11252304E-02 3.57985686E-03 1.00000000E-01 1.20000000E-01
8.79891350E-02 3.67869787E-03 1.00000000E-01 1.20000000E-01
9.54337859E-02 3.72154382E-03 1.00000000E-01 1.20000000E-01
1.03508319E-01 3.56246760E-03 1.00000000E-01 1.20000000E-01
1.12266029E-01 3.26535030E-03 1.00000000E-01 1.20000000E-01
1.21764718E-01 3.10653365E-03 1.00000000E-01 1.20000000E-01
1.32067079E-01 2.96311275E-03 1.00000000E-01 1.20000000E-01
1.43241110E-01 2.80946713E-03 1.00000000E-01 1.20000000E-01
1.55360561E-01 2.65739514E-03 1.00000000E-01 1.20000000E-01
1.68505425E-01 2.48772444E-03 1.00000000E-01 1.20000000E-01
1.82762458E-01 2.31103488E-03 1.00000000E-01 1.20000000E-01
1.98225762E-01 2.13541247E-03 1.00000000E-01 1.20000000E-01
2.14997396E-01 1.96738134E-03 1.00000000E-01 1.20000000E-01
2.33188058E-01 1.83511148E-03 1.00000000E-01 1.20000000E-01
2.52917808E-01 1.74972482E-03 1.00000000E-01 1.20000000E-01
2.74316869E-01 1.71830486E-03 1.00000000E-01 1.20000000E-01
2.97526477E-01 1.71539297E-03 1.00000000E-01 1.20000000E-01
3.22699821E-01 1.72913683E-03 1.00000000E-01 1.20000000E-01
3.50003050E-01 1.75691535E-03 1.00000000E-01 1.20000000E-01
3.79616371E-01 1.79752426E-03 1.00000000E-01 1.20000000E-01
4.11735239E-01 1.84125397E-03 1.00000000E-01 1.20000000E-01
4.46571644E-01 1.88571611E-03 1.00000000E-01 1.20000000E-01
4.84355514E-01 1.93757859E-03 1.00000000E-01 1.20000000E-01
5.25336230E-01 1.99811114E-03 1.00000000E-01 1.20000000E-01
5.69784273E-01 2.05481099E-03 1.00000000E-01 1.20000000E-01
6.17993009E-01 2.11241099E-03 1.00000000E-01 1.20000000E-01
6.70280627E-01 2.18130581E-03 1.00000000E-01 1.20000000E-01
7.26992234E-01 2.23784044E-03 1.00000000E-01 1.20000000E-01
7.88502140E-01 2.26604500E-03 1.00000000E-01 1.20000000E-01
8.55216323E-01 2.18943362E-03 1.00000000E-01 1.20000000E-01
9.27575109E-01 2.09620978E-03 1.00000000E-01 1.20000000E-01
1.00605608E+00 2.05955154E-03 1.00000000E-01 1.20000000E-01
1.09117723E+00 2.04023236E-03 1.00000000E-01 1.20000000E-01
1.18350038E+00 2.03390232E-03 1.00000000E-01 1.20000000E-01
1.28363487E+00 2.03741648E-03 1.00000000E-01 1.20000000E-01
1.39224161E+00 2.04809815E-03 1.00000000E-01 1.20000000E-01
1.51003744E+00 2.06213594E-03 1.00000000E-01 1.20000000E-01
1.63779982E+00 2.07518745E-03 1.00000000E-01 1.20000000E-01
1.77637202E+00 2.07724501E-03 1.00000000E-01 1.20000000E-01
1.92666864E+00 2.09252296E-03 1.00000000E-01 1.20000000E-01
2.08968167E+00 2.13083320E-03 1.00000000E-01 1.20000000E-01
2.26648703E+00 2.17797227E-03 1.00000000E-01 1.20000000E-01
2.45825167E+00 2.22909118E-03 1.00000000E-01 1.20000000E-01
2.66624128E+00 2.27957633E-03 1.00000000E-01 1.20000000E-01
2.89182863E+00 2.34277808E-03 1.00000000E-01 1.20000000E-01
3.13650264E+00 2.41295673E-03 1.00000000E-01 1.20000000E-01
3.40187821E+00 2.47911095E-03 1.00000000E-01 1.20000000E-01
3.68970689E+00 2.54909510E-03 1.00000000E-01 1.20000000E-01
4.00188838E+00 2.63423275E-03 1.00000000E-01 1.20000000E-01
4.34048317E+00 2.71286199E-03 1.00000000E-01 1.20000000E-01
4.70772603E+00 2.79159248E-03 1.00000000E-01 1.20000000E-01
5.10604086E+00 2.88837402E-03 1.00000000E-01 1.20000000E-01
5.53805661E+00 2.97612895E-03 1.00000000E-01 1.20000000E-01
6.00662467E+00 3.06434267E-03 1.00000000E-01 1.20000000E-01
6.51483769E+00 3.17281860E-03 1.00000000E-01 1.20000000E-01
7.06604998E+00 3.27077008E-03 1.00000000E-01 1.20000000E-01
7.66389965E+00 3.37222831E-03 1.00000000E-01 1.20000000E-01
8.31233264E+00 3.49159079E-03 1.00000000E-01 1.20000000E-01
9.01562874E+00 3.59810558E-03 1.00000000E-01 1.20000000E-01
9.77842984E+00 3.71294983E-03 1.00000000E-01 1.20000000E-01
1.06057706E+01 3.84375522E-03 1.00000000E-01 1.20000000E-01
1.15031116E+01 3.96148773E-03 1.00000000E-01 1.20000000E-01
1.24763755E+01 4.09557628E-03 1.00000000E-01 1.20000000E-01
1.35319861E+01 4.23921467E-03 1.00000000E-01 1.20000000E-01
1.46769106E+01 4.36681715E-03 1.00000000E-01 1.20000000E-01
1.59187057E+01 4.52089286E-03 1.00000000E-01 1.20000000E-01
1.72655675E+01 4.67565710E-03 1.00000000E-01 1.20000000E-01
1.87263856E+01 4.81360647E-03 1.00000000E-01 1.20000000E-01
2.03108017E+01 4.99276155E-03 1.00000000E-01 1.20000000E-01
2.20292733E+01 5.15959141E-03 1.00000000E-01 1.20000000E-01
2.38931427E+01 5.31161608E-03 1.00000000E-01 1.20000000E-01
2.59147117E+01 5.51340686E-03 1.00000000E-01 1.20000000E-01
2.81073231E+01 5.69336513E-03 1.00000000E-01 1.20000000E-01
3.04854486E+01 5.87368702E-03 1.00000000E-01 1.20000000E-01
3.30647844E+01 6.08984682E-03 1.00000000E-01 1.20000000E-01
3.58623546E+01 6.28409091E-03 1.00000000E-01 1.20000000E-01
3.88966236E+01 6.49503661E-03 1.00000000E-01 1.20000000E-01
4.21876184E+01 6.72756138E-03 1.00000000E-01 1.20000000E-01
4.57570602E+01 6.93566150E-03 1.00000000E-01 1.20000000E-01
4.96285080E+01 7.18270953E-03 1.00000000E-01 1.20000000E-01
5.38275141E+01 7.43284924E-03 1.00000000E-01 1.20000000E-01
5.83817930E+01 7.65560852E-03 1.00000000E-01 1.20000000E-01
6.33214036E+01 7.94266083E-03 1.00000000E-01 1.20000000E-01
6.86789486E+01 8.21130849E-03 1.00000000E-01 1.20000000E-01
7.44897888E+01 8.45983947E-03 1.00000000E-01 1.20000000E-01
8.07922769E+01 8.78298873E-03 1.00000000E-01 1.20000000E-01
8.76280106E+01 9.06960102E-03 1.00000000E-01 1.20000000E-01
9.50421073E+01 9.36385511E-03 1.00000000E-01 1.20000000E-01
1.03083501E+02 9.70964881E-03 1.00000000E-01 1.20000000E-01
1.11805268E+02 1.00169618E-02 1.00000000E-01 1.20000000E-01
1.21264972E+02 1.03626966E-02 1.00000000E-01 1.20000000E-01
1.31525050E+02 1.07318042E-02 1.00000000E-01 1.20000000E-01
1.42653221E+02 1.10583923E-02 1.00000000E-01 1.20000000E-01
1.54722932E+02 1.14605721E-02 1.00000000E-01 1.20000000E-01
1.67813846E+02 1.18540639E-02 1.00000000E-01 1.20000000E-01
1.82012366E+02 1.22019018E-02 1.00000000E-01 1.20000000E-01
1.97412205E+02 1.26652202E-02 1.00000000E-01 1.20000000E-01
2.14115006E+02 1.30837214E-02 1.00000000E-01 1.20000000E-01
2.32231009E+02 1.34815265E-02 1.00000000E-01 1.20000000E-01
2.51879785E+02 1.39857928E-02 1.00000000E-01 1.20000000E-01
2.73191019E+02 1.44336548E-02 1.00000000E-01 1.20000000E-01
2.96305371E+02 1.48971873E-02 1.00000000E-01 1.20000000E-01
3.21375399E+02 1.54376166E-02 1.00000000E-01 1.20000000E-01
3.48566570E+02 1.59192956E-02 1.00000000E-01 1.20000000E-01
3.78058353E+02 1.64619123E-02 1.00000000E-01 1.20000000E-01
4.10045398E+02 1.70461192E-02 1.00000000E-01 1.20000000E-01
4.44738828E+02 1.75669057E-02 1.00000000E-01 1.20000000E-01
4.82367626E+02 1.82009888E-02 1.00000000E-01 1.20000000E-01
5.23180149E+02 1.88323035E-02 1.00000000E-01 1.20000000E-01
5.67445768E+02 1.93966340E-02 1.00000000E-01 1.20000000E-01
6.15456647E+02 2.01429261E-02 1.00000000E-01 1.20000000E-01
6.67529666E+02 2.08254046E-02 1.00000000E-01 1.20000000E-01
7.24008518E+02 2.14925683E-02 1.00000000E-01 1.20000000E-01
7.85265976E+02 2.23198859E-02 1.00000000E-01 1.20000000E-01
8.51706350E+02 2.30549890E-02 1.00000000E-01 1.20000000E-01
9.23768162E+02 2.38739774E-02 1.00000000E-01 1.20000000E-01
1.00192703E+03 2.47612455E-02 1.00000000E-01 1.20000000E-01
1.08669883E+03 2.55471941E-02 1.00000000E-01 1.20000000E-01
1.17864306E+03 2.65475677E-02 1.00000000E-01 1.20000000E-01
1.27836658E+03 2.74945451E-02 1.00000000E-01 1.20000000E-01
1.38652758E+03 2.84156490E-02 1.00000000E-01 1.20000000E-01
1.50383995E+03 2.95513569E-02 1.00000000E-01 1.20000000E-01
1.63107798E+03 3.05505296E-02 1.00000000E-01 1.20000000E-01
1.76908145E+03 3.17177382E-02 1.00000000E-01 1.20000000E-01
1.91876122E+03 3.29134306E-02 1.00000000E-01 1.20000000E-01
2.08110522E+03 3.39967378E-02 1.00000000E-01 1.20000000E-01
2.25718493E+03 3.54284937E-02 1.00000000E-01 1.20000000E-01
2.44816253E+03 3.66796382E-02 1.00000000E-01 1.20000000E-01
2.65529851E+03 3.80878597E-02 1.00000000E-01 1.20000000E-01
2.87996001E+03 3.95703333E-02 1.00000000E-01 1.20000000E-01
3.12362983E+03 4.09017287E-02 1.00000000E-01 1.20000000E-01
3.38791625E+03 4.26553773E-02 1.00000000E-01 1.20000000E-01
3.67456362E+03 4.41917489E-02 1.00000000E-01 1.20000000E-01
3.98546386E+03 4.59420866E-02 1.00000000E-01 1.20000000E-01
4.32266899E+03 4.77657387E-02 1.00000000E-01 1.20000000E-01
4.68840462E+03 4.94576887E-02 1.00000000E-01 1.20000000E-01
5.08508469E+03 5.15887615E-02 1.00000000E-01 1.20000000E-01
5.51532736E+03 5.34462161E-02 1.00000000E-01 1.20000000E-01
5.98197233E+03 5.56850192E-02 1.00000000E-01 1.20000000E-01
6.48809954E+03 5.78580246E-02 1.00000000E-01 1.20000000E-01
7.03704955E+03 6.00627349E-02 1.00000000E-01 1.20000000E-01
7.63244553E+03 6.26042191E-02 1.00000000E-01 1.20000000E-01
8.27821723E+03 6.48120248E-02 1.00000000E-01 1.20000000E-01
8.97862686E+03 6.77165623E-02 1.00000000E-01 1.20000000E-01
9.73829728E+03 7.02862160E-02 1.00000000E-01 1.20000000E-01
1.05622425E+04 7.32366695E-02 1.00000000E-01 1.20000000E-01
