5.53805661E+00 9.40896304E-01 1.00000000E+03 1.20000000E-01
6.00662467E+00 8.53297474E-01 1.00000000E+03 1.20000000E-01
6.51483769E+00 7.84736774E-01 1.00000000E+03 1.20000000E-01
7.06604998E+00 7.28439983E-01 1.00000000E+03 1.20000000E-01
7.66389965E+00 6.84076444E-01 1.00000000E+03 1.20000000E-01
8.31233264E+00 6.42833614E-01 1.00000000E+03 1.20000000E-01
9.01562874E+00 6.03973302E-01 1.00000000E+03 1.20000000E-01
9.77842984E+00 5.73320472E-01 1.00000000E+03 1.20000000E-01
1.06057706E+01 5.41970465E-01 1.00000000E+03 1.20000000E-01
1.15031116E+01 5.15492310E-01 1.00000000E+03 1.20000000E-01
1.24763755E+01 4.89739375E-01 1.00000000E+03 1.20000000E-01
1.35319861E+01 4.65672547E-01 1.00000000E+03 1.20000000E-01
1.46769106E+01 4.43728364E-01 1.00000000E+03 1.20000000E-01
1.59187057E+01 4.22122270E-01 1.00000000E+03 1.20000000E-01
1.72655675E+01 4.03225131E-01 1.00000000E+03 1.20000000E-01
1.87263856E+01 3.84181669E-01 1.00000000E+03 1.20000000E-01
2.03108017E+01 3.67628805E-01 1.00000000E+03 1.20000000E-01
2.20292733E+01 3.50543973E-01 1.00000000E+03 1.20000000E-01
2.38931427E+01 3.35512592E-01 1.00000000E+03 1.20000000E-01
2.59147117E+01 3.20191811E-01 1.00000000E+03 1.20000000E-01
2.81073231E+01 3.06472878E-01 1.00000000E+03 1.20000000E-01
3.04854486E+01 2.92835142E-01 1.00000000E+03 1.20000000E-01
3.30647844E+01 2.80270350E-01 1.00000000E+03 1.20000000E-01
3.58623546E+01 2.68093700E-01 1.00000000E+03 1.20000000E-01
3.88966236E+01 2.56455668E-01 1.00000000E+03 1.20000000E-01
4.21876184E+01 2.45693575E-01 1.00000000E+03 1.20000000E-01
4.57570602E+01 2.34780804E-01 1.00000000E+03 1.20000000E-01
4.96285080E+01 2.25208910E-01 1.00000000E+03 1.20000000E-01
5.38275141E+01 2.15016128E-01 1.00000000E+03 1.20000000E-01
5.83817930E+01 2.06528638E-01 1.00000000E+03 1.20000000E-01
6.33214036E+01 1.96915951E-01 1.00000000E+03 1.20000000E-01
6.86789486E+01 1.89299718E-01 1.00000000E+03 1.20000000E-01
7.44897888E+01 1.80352176E-01 1.00000000E+03 1.20000000E-01
8.07922769E+01 1.73420285E-01 1.00000000E+03 1.20000000E-01
8.76280106E+01 1.65362749E-01 1.00000000E+03 1.20000000E-01
9.50421073E+01 1.58738907E-01 1.00000000E+03 1.20000000E-01
1.03083501E+02 1.51362793E-01 1.00000000E+03 1.20000000E-01
1.11805268E+02 1.45033361E-01 1.00000000E+03 1.20000000E-01
1.21264972E+02 1.38164990E-01 1.00000000E+03 1.20000000E-01
1.31525050E+02 1.32168553E-01 1.00000000E+03 1.20000000E-01
1.42653221E+02 1.25644016E-01 1.00000000E+03 1.20000000E-01
1.54722932E+02 1.19967836E-01 1.00000000E+03 1.20000000E-01
1.67813846E+02 1.13515713E-01 1.00000000E+03 1.20000000E-01
1.82012366E+02 1.08200573E-01 1.00000000E+03 1.20000000E-01
1.97412205E+02 1.02109759E-01 1.00000000E+03 1.20000000E-01
2.14115006E+02 9.64498333E-02 1.00000000E+03 1.20000000E-01
2.32231009E+02 9.07252353E-02 1.00000000E+03 1.20000000E-01
2.51879785E+02 8.46114228E-02 1.00000000E+03 1.20000000E-01
2.73191019E+02 7.83629583E-02 1.00000000E+03 1.20000000E-01
2.96305371E+02 7.22093618E-02 1.00000000E+03 1.20000000E-01
3.21375399E+02 6.55252312E-02 1.00000000E+03 1.20000000E-01
3.48566570E+02 5.83803633E-02 1.00000000E+03 1.20000000E-01
3.78058353E+02 4.97979719E-02 1.00000000E+03 1.20000000E-01
4.10045398E+02 3.39818285E-02 1.00000000E+03 1.20000000E-01
4.44738828E+02 7.93332901E-03 1.00000000E+03 1.20000000E-01
4.82367626E+02 1.28253258E-03 1.00000000E+03 1.20000000E-01
5.23180149E+02 2.58301164E-02 1.00000000E+03 1.20000000E-01
5.67445768E+02 3.91852696E-02 1.00000000E+03 1.20000000E-01
6.15456647E+02 4.87377101E-02 1.00000000E+03 1.20000000E-01
6.67529666E+02 5.70624581E-02 1.00000000E+03 1.20000000E-01
7.24008518E+02 6.41971228E-02 1.00000000E+03 1.20000000E-01
7.85265976E+02 7.08516840E-02 1.00000000E+03 1.20000000E-01
8.51706350E+02 7.72871553E-02 1.00000000E+03 1.20000000E-01
9.23768162E+02 8.24026248E-02 1.00000000E+03 1.20000000E-01
1.00192703E+03 5.74209234E-02 1.00000000E+03 1.20000000E-01
1.08669883E+03 6.74730221E-02 1.00000000E+03 1.20000000E-01
1.17864306E+03 7.31846694E-02 1.00000000E+03 1.20000000E-01
1.27836658E+03 7.77466238E-02 1.00000000E+03 1.20000000E-01
1.38652758E+03 8.24366921E-02 1.00000000E+03 1.20000000E-01
1.50383995E+03 8.63886237E-02 1.00000000E+03 1.20000000E-01
1.63107798E+03 9.09947750E-02 1.00000000E+03 1.20000000E-01
1.76908145E+03 9.50224984E-02 1.00000000E+03 1.20000000E-01
1.91876122E+03 9.97646189E-02 1.00000000E+03 1.20000000E-01
2.08110522E+03 1.03959575E-01 1.00000000E+03 1.20000000E-01
2.25718493E+03 1.09078076E-01 1.00000000E+03 1.20000000E-01
2.44816253E+03 1.13408327E-01 1.00000000E+03 1.20000000E-01
2.65529851E+03 1.19037521E-01 1.00000000E+03 1.20000000E-01
2.87996001E+03 1.23788796E-01 1.00000000E+03 1.20000000E-01
3.12362983E+03 1.29805878E-01 1.00000000E+03 1.20000000E-01
3.38791625E+03 1.35078985E-01 1.00000000E+03 1.20000000E-01
3.67456362E+03 1.41339030E-01 1.00000000E+03 1.20000000E-01
3.98546386E+03 1.47266397E-01 1.00000000E+03 1.20000000E-01
4.32266899E+03 1.53781549E-01 1.00000000E+03 1.20000000E-01
4.68840462E+03 1.60432801E-01 1.00000000E+03 1.20000000E-01
5.08508469E+03 1.67177431E-01 1.00000000E+03 1.20000000E-01
5.51532736E+03 1.74696728E-01 1.00000000E+03 1.20000000E-01
5.98197233E+03 1.81630328E-01 1.00000000E+03 1.20000000E-01
6.48809954E+03 1.90102005E-01 1.00000000E+03 1.20000000E-01
7.03704955E+03 1.97346089E-01 1.00000000E+03 1.20000000E-01
7.63244553E+03 2.06784938E-01 1.00000000E+03 1.20000000E-01
8.27821723E+03 2.15052250E-01 1.00000000E+03 1.20000000E-01
8.97862686E+03 2.24876004E-01 1.00000000E+03 1.20000000E-01
9.73829728E+03 2.34156901E-01 1.00000000E+03 1.20000000E-01
1.05622425E+04 2.44364679E-01 1.00000000E+03 1.20000000E-01
