4.04080858E-04 1.54847252E-07 1.01020215E-03 1.20000000E-01
4.38269636E-04 1.71109400E-07 1.09567409E-03 1.20000000E-01
4.75351083E-04 1.92325273E-07 1.18837771E-03 1.20000000E-01
5.15569945E-04 2.13912334E-07 1.28892486E-03 1.20000000E-01
5.59191675E-04 2.36037082E-07 1.39797919E-03 1.20000000E-01
6.06504185E-04 2.62732390E-07 1.51626046E-03 1.20000000E-01
6.57819747E-04 2.90805281E-07 1.64454937E-03 1.20000000E-01
7.13477055E-04 3.22526318E-07 1.78369264E-03 1.20000000E-01
7.73843459E-04 3.56510549E-07 1.93460865E-03 1.20000000E-01
8.39317389E-04 3.92711712E-07 2.09829347E-03 1.20000000E-01
9.10330986E-04 4.31330347E-07 2.27582746E-03 1.20000000E-01
9.87352955E-04 4.72022487E-07 2.46838239E-03 1.20000000E-01
1.07089166E-03 5.14815473E-07 2.67722914E-03 1.20000000E-01
1.16149846E-03 5.59127470E-07 2.90374616E-03 1.20000000E-01
1.25977140E-03 6.05871327E-07 3.14942850E-03 1.20000000E-01
1.36635909E-03 6.54562991E-07 3.41589772E-03 1.20000000E-01
1.48196502E-03 7.07738115E-07 3.70491256E-03 1.20000000E-01
1.60735224E-03 7.65115382E-07 4.01838059E-03 1.20000000E-01
1.74334830E-03 8.27433950E-07 4.35837076E-03 1.20000000E-01
1.89085083E-03 8.95656705E-07 4.72712707E-03 1.20000000E-01
2.05083336E-03 9.70786482E-07 5.12708340E-03 1.20000000E-01
2.22435181E-03 1.05532113E-06 5.56087953E-03 1.20000000E-01
2.41255144E-03 1.14941841E-06 6.03137861E-03 1.20000000E-01
2.61667441E-03 1.25596127E-06 6.54168603E-03 1.20000000E-01
2.83806797E-03 1.37487450E-06 7.09516992E-03 1.20000000E-01
3.07819336E-03 1.50970550E-06 7.69548340E-03 1.20000000E-01
3.33863546E-03 1.65992535E-06 8.34658865E-03 1.20000000E-01
3.62111324E-03 1.82983432E-06 9.05278310E-03 1.20000000E-01
3.92749111E-03 2.01887370E-06 9.81872778E-03 1.20000000E-01
4.25979124E-03 2.23181488E-06 1.06494781E-02 1.20000000E-01
4.62020686E-03 2.46889763E-06 1.15505171E-02 1.20000000E-01
5.01111680E-03 2.73372586E-06 1.25277920E-02 1.20000000E-01
5.43510114E-03 3.02829320E-06 1.35877528E-02 1.20000000E-01
5.89495827E-03 3.35572926E-06 1.47373957E-02 1.20000000E-01
6.39372333E-03 3.71862322E-06 1.59843083E-02 1.20000000E-01
6.93468829E-03 4.12225003E-06 1.73367207E-02 1.20000000E-01
7.52142361E-03 4.56956627E-06 1.88035590E-02 1.20000000E-01
8.15780188E-03 5.07143164E-06 2.03945047E-02 1.20000000E-01
8.84802332E-03 5.63324574E-06 2.21200583E-02 1.20000000E-01
9.59664354E-03 6.25604511E-06 2.39916088E-02 1.20000000E-01
1.04086036E-02 6.94606827E-06 2.60215089E-02 1.20000000E-01
1.12892625E-02 7.71244691E-06 2.82231563E-02 1.20000000E-01
1.22444330E-02 8.55848855E-06 3.06110824E-02 1.20000000E-01
1.32804192E-02 9.49468266E-06 3.32010479E-02 1.20000000E-01
1.44040589E-02 1.05370500E-05 3.60101471E-02 1.20000000E-01
1.56227683E-02 1.16956109E-05 3.90569208E-02 1.20000000E-01
1.69445912E-02 1.29963222E-05 4.23614781E-02 1.20000000E-01
1.83782520E-02 1.44442829E-05 4.59456299E-02 1.20000000E-01
1.99332129E-02 1.60358838E-05 4.98330323E-02 1.20000000E-01
2.16197372E-02 1.77999025E-05 5.40493430E-02 1.20000000E-01
2.34489562E-02 1.97542926E-05 5.86223905E-02 1.20000000E-01
2.54329431E-02 2.19006361E-05 6.35823579E-02 1.20000000E-01
2.75847927E-02 2.42511009E-05 6.89619818E-02 1.20000000E-01
2.99187076E-02 2.68107566E-05 7.47967691E-02 1.20000000E-01
3.24500922E-02 2.95531834E-05 8.11252304E-02 1.20000000E-01
3.51956540E-02 3.23779938E-05 8.79891350E-02 1.20000000E-01
3.81735144E-02 3.52351285E-05 9.54337859E-02 1.20000000E-01
4.14033278E-02 3.80424696E-05 1.03508319E-01 1.20000000E-01
4.49064117E-02 4.05828322E-05 1.12266029E-01 1.20000000E-01
4.87058872E-02 4.25776556E-05 1.21764718E-01 1.20000000E-01
5.28268315E-02 4.41663096E-05 1.32067079E-01 1.20000000E-01
5.72964439E-02 4.49085951E-05 1.43241110E-01 1.20000000E-01
6.21442245E-02 4.47393516E-05 1.55360561E-01 1.20000000E-01
6.74021698E-02 4.35855685E-05 1.68505425E-01 1.20000000E-01
7.31049833E-02 4.14664755E-05 1.82762458E-01 1.20000000E-01
7.92903047E-02 3.84204270E-05 1.98225762E-01 1.20000000E-01
8.59989585E-02 3.30804238E-05 2.14997396E-01 1.20000000E-01
9.32752231E-02 2.80164931E-05 2.33188058E-01 1.20000000E-01
1.01167123E-01 2.38584420E-05 2.52917808E-01 1.20000000E-01
1.09726747E-01 2.01561272E-05 2.74316869E-01 1.20000000E-01
1.19010591E-01 1.70347234E-05 2.97526477E-01 1.20000000E-01
1.29079928E-01 1.45940208E-05 3.22699821E-01 1.20000000E-01
1.40001220E-01 1.28320324E-05 3.50003050E-01 1.20000000E-01
1.51846549E-01 1.17828229E-05 3.79616371E-01 1.20000000E-01
1.64694096E-01 1.12909802E-05 4.11735239E-01 1.20000000E-01
1.78628658E-01 1.12229465E-05 4.46571644E-01 1.20000000E-01
1.93742206E-01 1.14424330E-05 4.84355514E-01 1.20000000E-01
2.10134492E-01 1.19179877E-05 5.25336230E-01 1.20000000E-01
2.27913709E-01 1.25481459E-05 5.69784273E-01 1.20000000E-01
2.47197204E-01 1.33421893E-05 6.17993009E-01 1.20000000E-01
2.68112251E-01 1.42343039E-05 6.70280627E-01 1.20000000E-01
2.90796894E-01 1.52314245E-05 7.26992234E-01 1.20000000E-01
3.15400856E-01 1.63605683E-05 7.88502140E-01 1.20000000E-01
3.42086529E-01 1.75843888E-05 8.55216323E-01 1.20000000E-01
3.71030044E-01 1.88975170E-05 9.27575109E-01 1.20000000E-01
4.02422433E-01 2.03176132E-05 1.00605608E+00 1.20000000E-01
4.36470893E-01 2.19164483E-05 1.09117723E+00 1.20000000E-01
4.73400150E-01 2.36534775E-05 1.18350038E+00 1.20000000E-01
5.13453947E-01 2.55336263E-05 1.28363487E+00 1.20000000E-01
5.56896644E-01 2.75806196E-05 1.39224161E+00 1.20000000E-01
6.04014975E-01 2.98053011E-05 1.51003744E+00 1.20000000E-01
6.55119928E-01 3.22188009E-05 1.63779982E+00 1.20000000E-01
7.10548808E-01 3.49356877E-05 1.77637202E+00 1.20000000E-01
7.70667457E-01 3.78892483E-05 1.92666864E+00 1.20000000E-01
8.35872669E-01 4.10949891E-05 2.08968167E+00 1.20000000E-01
9.06594812E-01 4.45656605E-05 2.26648703E+00 1.20000000E-01
9.83300668E-01 4.83078631E-05 2.45825167E+00 1.20000000E-01
1.06649651E+00 5.23196600E-05 2.66624128E+00 1.20000000E-01
1.15673145E+00 5.65848401E-05 2.89182863E+00 1.20000000E-01
1.25460106E+00 6.11788934E-05 3.13650264E+00 1.20000000E-01
1.36075129E+00 6.60836435E-05 3.40187821E+00 1.20000000E-01
1.47588275E+00 6.90867147E-05 3.68970689E+00 1.20000000E-01
1.60075535E+00 7.22096070E-05 4.00188838E+00 1.20000000E-01
1.73619327E+00 7.50044066E-05 4.34048317E+00 1.20000000E-01
1.88309041E+00 7.75569959E-05 4.70772603E+00 1.20000000E-01
2.04241634E+00 7.92197682E-05 5.10604086E+00 1.20000000E-01
2.21522264E+00 8.07429669E-05 5.53805661E+00 1.20000000E-01
2.40264987E+00 8.48335509E-05 6.00662467E+00 1.20000000E-01
2.60593508E+00 8.90110657E-05 6.51483769E+00 1.20000000E-01
2.82641999E+00 9.17867905E-05 7.06604998E+00 1.20000000E-01
3.06555986E+00 9.42472378E-05 7.66389965E+00 1.20000000E-01
3.32493306E+00 9.83415151E-05 8.31233264E+00 1.20000000E-01
3.60625149E+00 1.05717629E-04 9.01562874E+00 1.20000000E-01
3.91137193E+00 1.14858963E-04 9.77842984E+00 1.20000000E-01
4.24230823E+00 1.25114357E-04 1.06057706E+01 1.20000000E-01
4.60124464E+00 1.36342887E-04 1.15031116E+01 1.20000000E-01
4.99055021E+00 1.48697909E-04 1.24763755E+01 1.20000000E-01
5.41279444E+00 1.62248916E-04 1.35319861E+01 1.20000000E-01
5.87076422E+00 1.77038821E-04 1.46769106E+01 1.20000000E-01
6.36748226E+00 1.93372141E-04 1.59187057E+01 1.20000000E-01
6.90622699E+00 2.11313741E-04 1.72655675E+01 1.20000000E-01
7.49055424E+00 2.30994542E-04 1.87263856E+01 1.20000000E-01
8.12432069E+00 2.52224747E-04 2.03108017E+01 1.20000000E-01
8.81170933E+00 2.74775467E-04 2.20292733E+01 1.20000000E-01
9.55725706E+00 2.99151592E-04 2.38931427E+01 1.20000000E-01
1.03658847E+01 3.26186831E-04 2.59147117E+01 1.20000000E-01
1.12429292E+01 3.56389351E-04 2.81073231E+01 1.20000000E-01
1.21941794E+01 3.90952905E-04 3.04854486E+01 1.20000000E-01
1.32259138E+01 4.29440831E-04 3.30647844E+01 1.20000000E-01
1.43449418E+01 4.69256950E-04 3.58623546E+01 1.20000000E-01
1.55586495E+01 5.11995199E-04 3.88966236E+01 1.20000000E-01
1.68750474E+01 5.59288466E-04 4.21876184E+01 1.20000000E-01
1.83028241E+01 6.11870060E-04 4.57570602E+01 1.20000000E-01
1.98514032E+01 6.73616518E-04 4.96285080E+01 1.20000000E-01
2.15310057E+01 7.44345413E-04 5.38275141E+01 1.20000000E-01
2.33527172E+01 8.17908258E-04 5.83817930E+01 1.20000000E-01
2.53285615E+01 8.97095479E-04 6.33214036E+01 1.20000000E-01
2.74715794E+01 9.85385407E-04 6.86789486E+01 1.20000000E-01
2.97959155E+01 1.08278300E-03 7.44897888E+01 1.20000000E-01
3.23169107E+01 1.19100097E-03 8.07922769E+01 1.20000000E-01
3.50512043E+01 1.31079142E-03 8.76280106E+01 1.20000000E-01
3.80168429E+01 1.44326068E-03 9.50421073E+01 1.20000000E-01
4.12334006E+01 1.58937784E-03 1.03083501E+02 1.20000000E-01
4.47221072E+01 1.75391072E-03 1.11805268E+02 1.20000000E-01
4.85059889E+01 1.93883416E-03 1.21264972E+02 1.20000000E-01
5.26100201E+01 2.14092675E-03 1.31525050E+02 1.20000000E-01
5.70612882E+01 2.36431939E-03 1.42653221E+02 1.20000000E-01
6.18891726E+01 2.61165012E-03 1.54722932E+02 1.20000000E-01
6.71255383E+01 2.88646396E-03 1.67813846E+02 1.20000000E-01
7.28049464E+01 3.18996983E-03 1.82012366E+02 1.20000000E-01
7.89648821E+01 3.52695098E-03 1.97412205E+02 1.20000000E-01
8.56460022E+01 3.89840947E-03 2.14115006E+02 1.20000000E-01
9.28924036E+01 4.30916746E-03 2.32231009E+02 1.20000000E-01
1.00751914E+02 4.76317762E-03 2.51879785E+02 1.20000000E-01
1.09276408E+02 5.26825533E-03 2.73191019E+02 1.20000000E-01
1.18522148E+02 5.82452427E-03 2.96305371E+02 1.20000000E-01
1.28550159E+02 6.44743992E-03 3.21375399E+02 1.20000000E-01
1.39426628E+02 7.13522561E-03 3.48566570E+02 1.20000000E-01
1.51223341E+02 7.89527862E-03 3.78058353E+02 1.20000000E-01
1.64018159E+02 8.73139008E-03 4.10045398E+02 1.20000000E-01
1.77895531E+02 9.65506439E-03 4.44738828E+02 1.20000000E-01
1.92947050E+02 1.06616551E-02 4.82367626E+02 1.20000000E-01
2.09272059E+02 1.17637648E-02 5.23180149E+02 1.20000000E-01
2.26978307E+02 1.29682518E-02 5.67445768E+02 1.20000000E-01
2.46182659E+02 1.42863171E-02 6.15456647E+02 1.20000000E-01
2.67011866E+02 1.57116479E-02 6.67529666E+02 1.20000000E-01
2.89603407E+02 1.72585882E-02 7.24008518E+02 1.20000000E-01
3.14106390E+02 1.89250002E-02 7.85265976E+02 1.20000000E-01
3.40682540E+02 2.07184432E-02 8.51706350E+02 1.20000000E-01
3.69507265E+02 2.26525249E-02 9.23768162E+02 1.20000000E-01
4.00770814E+02 2.47179702E-02 1.00192703E+03 1.20000000E-01
4.34679532E+02 2.69106974E-02 1.08669883E+03 1.20000000E-01
4.71457225E+02 2.92400973E-02 1.17864306E+03 1.20000000E-01
5.11346633E+02 3.17048147E-02 1.27836658E+03 1.20000000E-01
5.54611034E+02 3.42659766E-02 1.38652758E+03 1.20000000E-01
6.01535981E+02 3.69754837E-02 1.50383995E+03 1.20000000E-01
6.52431190E+02 3.98844900E-02 1.63107798E+03 1.20000000E-01
7.07632579E+02 4.28801677E-02 1.76908145E+03 1.20000000E-01
7.67504489E+02 4.59501643E-02 1.91876122E+03 1.20000000E-01
8.32442086E+02 4.90882755E-02 2.08110522E+03 1.20000000E-01
9.02873973E+02 5.25306162E-02 2.25718493E+03 1.20000000E-01
9.79265013E+02 5.60187066E-02 2.44816253E+03 1.20000000E-01
1.06211940E+03 5.94645808E-02 2.65529851E+03 1.20000000E-01
1.15198400E+03 6.32585483E-02 2.87996001E+03 1.20000000E-01
1.24945193E+03 6.70924001E-02 3.12362983E+03 1.20000000E-01
1.35516650E+03 7.08887395E-02 3.38791625E+03 1.20000000E-01
1.46982545E+03 7.51239309E-02 3.67456362E+03 1.20000000E-01
1.59418555E+03 7.92212762E-02 3.98546386E+03 1.20000000E-01
1.72906760E+03 8.36618241E-02 4.32266899E+03 1.20000000E-01
1.87536185E+03 8.81506004E-02 4.68840462E+03 1.20000000E-01
2.03403387E+03 9.27171111E-02 5.08508469E+03 1.20000000E-01
2.20613094E+03 9.76692365E-02 5.51532736E+03 1.20000000E-01
2.39278893E+03 1.02420776E-01 5.98197233E+03 1.20000000E-01
2.59523982E+03 1.07848968E-01 6.48809954E+03 1.20000000E-01
2.81481982E+03 1.12838667E-01 7.03704955E+03 1.20000000E-01
3.05297821E+03 1.18792934E-01 7.63244553E+03 1.20000000E-01
3.31128689E+03 1.24080464E-01 8.27821723E+03 1.20000000E-01
3.59145074E+03 1.30536089E-01 8.97862686E+03 1.20000000E-01
3.89531891E+03 1.36194314E-01 9.73829728E+03 1.20000000E-01
4.22489699E+03 1.43188125E-01 1.05622425E+04 1.20000000E-01
