3.03060644E-04 2.83787027E-05 1.01020215E-03 1.20000000E-01
3.28702227E-04 3.27714907E-05 1.09567409E-03 1.20000000E-01
3.56513312E-04 3.78896733E-05 1.18837771E-03 1.20000000E-01
3.86677459E-04 4.38043585E-05 1.28892486E-03 1.20000000E-01
4.19393756E-04 5.06085933E-05 1.39797919E-03 1.20000000E-01
4.54878139E-04 5.85770761E-05 1.51626046E-03 1.20000000E-01
4.93364810E-04 6.76168513E-05 1.64454937E-03 1.20000000E-01
5.35107792E-04 7.83335678E-05 1.78369264E-03 1.20000000E-01
5.80382594E-04 8.99353076E-05 1.93460865E-03 1.20000000E-01
6.29488042E-04 1.03946377E-04 2.09829347E-03 1.20000000E-01
6.82748239E-04 1.19682328E-04 2.27582746E-03 1.20000000E-01
7.40514716E-04 1.40455206E-04 2.46838239E-03 1.20000000E-01
8.03168743E-04 1.61327588E-04 2.67722914E-03 1.20000000E-01
8.71123848E-04 1.83979956E-04 2.90374616E-03 1.20000000E-01
9.44828550E-04 2.08192472E-04 3.14942850E-03 1.20000000E-01
1.02476931E-03 2.34186269E-04 3.41589772E-03 1.20000000E-01
1.11147377E-03 2.60465367E-04 3.70491256E-03 1.20000000E-01
1.20551418E-03 2.87117400E-04 4.01838059E-03 1.20000000E-01
1.30751123E-03 3.23786111E-04 4.35837076E-03 1.20000000E-01
1.41813812E-03 3.50554994E-04 4.72712707E-03 1.20000000E-01
1.53812502E-03 3.89585850E-04 5.12708340E-03 1.20000000E-01
1.66826386E-03 4.31670934E-04 5.56087953E-03 1.20000000E-01
1.80941358E-03 4.76947121E-04 6.03137861E-03 1.20000000E-01
1.96250581E-03 5.06134299E-04 6.54168603E-03 1.20000000E-01
2.12855098E-03 5.56375415E-04 7.09516992E-03 1.20000000E-01
2.30864502E-03 6.11455243E-04 7.69548340E-03 1.20000000E-01
2.50397659E-03 6.73080036E-04 8.34658865E-03 1.20000000E-01
2.71583493E-03 7.40004585E-04 9.05278310E-03 1.20000000E-01
2.94561834E-03 7.86364796E-04 9.81872778E-03 1.20000000E-01
3.19484343E-03 8.63166289E-04 1.06494781E-02 1.20000000E-01
3.46515514E-03 9.46376946E-04 1.15505171E-02 1.20000000E-01
3.75833760E-03 1.00574036E-03 1.25277920E-02 1.20000000E-01
4.07632585E-03 1.09718197E-03 1.35877528E-02 1.20000000E-01
4.42121870E-03 1.16741771E-03 1.47373957E-02 1.20000000E-01
4.79529250E-03 1.24210736E-03 1.59843083E-02 1.20000000E-01
5.20101622E-03 1.34275193E-03 1.73367207E-02 1.20000000E-01
5.64106771E-03 1.42410233E-03 1.88035590E-02 1.20000000E-01
6.11835141E-03 1.51108010E-03 2.03945047E-02 1.20000000E-01
6.63601749E-03 1.62139570E-03 2.21200583E-02 1.20000000E-01
7.19748265E-03 1.71268405E-03 2.39916088E-02 1.20000000E-01
7.80645268E-03 1.81034542E-03 2.60215089E-02 1.20000000E-01
8.46694690E-03 1.90606448E-03 2.82231563E-02 1.20000000E-01
9.18332472E-03 2.01458261E-03 3.06110824E-02 1.20000000E-01
9.96031437E-03 2.11908179E-03 3.32010479E-02 1.20000000E-01
1.08030441E-02 2.23534759E-03 3.60101471E-02 1.20000000E-01
1.17170762E-02 2.36019124E-03 3.90569208E-02 1.20000000E-01
1.27084434E-02 2.47951325E-03 4.23614781E-02 1.20000000E-01
1.37836890E-02 2.60712929E-03 4.59456299E-02 1.20000000E-01
1.49499097E-02 2.73331626E-03 4.98330323E-02 1.20000000E-01
1.62148029E-02 2.88048916E-03 5.40493430E-02 1.20000000E-01
1.75867172E-02 3.01289625E-03 5.86223905E-02 1.20000000E-01
1.90747074E-02 3.16438737E-03 6.35823579E-02 1.20000000E-01
2.06885946E-02 3.30233515E-03 6.89619818E-02 1.20000000E-01
2.24390307E-02 3.46689983E-03 7.47967691E-02 1.20000000E-01
2.43375691E-02 3.62576212E-03 8.11252304E-02 1.20000000E-01
2.63967405E-02 3.80092398E-03 8.79891350E-02 1.20000000E-01
2.86301358E-02 3.96218879E-03 9.54337859E-02 1.20000000E-01
3.10524958E-02 4.14321604E-03 1.03508319E-01 1.20000000E-01
3.36798088E-02 4.32000714E-03 1.12266029E-01 1.20000000E-01
3.65294154E-02 4.50179124E-03 1.21764718E-01 1.20000000E-01
3.96201237E-02 4.68290050E-03 1.32067079E-01 1.20000000E-01
4.29723329E-02 4.84429740E-03 1.43241110E-01 1.20000000E-01
4.66081684E-02 5.03486112E-03 1.55360561E-01 1.20000000E-01
5.05516274E-02 5.18534579E-03 1.68505425E-01 1.20000000E-01
5.48287375E-02 5.31063872E-03 1.82762458E-01 1.20000000E-01
5.94677286E-02 5.44238348E-03 1.98225762E-01 1.20000000E-01
6.44992189E-02 5.54238540E-03 2.14997396E-01 1.20000000E-01
6.99564173E-02 5.56633926E-03 2.33188058E-01 1.20000000E-01
7.58753425E-02 5.56300293E-03 2.52917808E-01 1.20000000E-01
8.22950606E-02 5.50279393E-03 2.74316869E-01 1.20000000E-01
8.92579430E-02 5.38222752E-03 2.97526477E-01 1.20000000E-01
9.68099462E-02 5.17856870E-03 3.22699821E-01 1.20000000E-01
1.05000915E-01 4.66565204E-03 3.50003050E-01 1.20000000E-01
1.13884911E-01 4.21858023E-03 3.79616371E-01 1.20000000E-01
1.23520572E-01 3.87452869E-03 4.11735239E-01 1.20000000E-01
1.33971493E-01 3.55764546E-03 4.46571644E-01 1.20000000E-01
1.45306654E-01 3.28541748E-03 4.84355514E-01 1.20000000E-01
1.57600869E-01 3.07502271E-03 5.25336230E-01 1.20000000E-01
1.70935282E-01 2.95445391E-03 5.69784273E-01 1.20000000E-01
1.85397903E-01 2.90462628E-03 6.17993009E-01 1.20000000E-01
2.01084188E-01 2.92196364E-03 6.70280627E-01 1.20000000E-01
2.18097670E-01 2.97887678E-03 7.26992234E-01 1.20000000E-01
2.36550642E-01 3.06921552E-03 7.88502140E-01 1.20000000E-01
2.56564897E-01 3.19351675E-03 8.55216323E-01 1.20000000E-01
2.78272533E-01 3.32199840E-03 9.27575109E-01 1.20000000E-01
3.01816825E-01 3.47291042E-03 1.00605608E+00 1.20000000E-01
3.27353170E-01 3.63359117E-03 1.09117723E+00 1.20000000E-01
3.55050113E-01 3.80585027E-03 1.18350038E+00 1.20000000E-01
3.85090460E-01 3.97865424E-03 1.28363487E+00 1.20000000E-01
4.17672483E-01 4.16235567E-03 1.39224161E+00 1.20000000E-01
4.53011231E-01 4.35059972E-03 1.51003744E+00 1.20000000E-01
4.91339946E-01 4.55212652E-03 1.63779982E+00 1.20000000E-01
5.32911606E-01 4.75487167E-03 1.77637202E+00 1.20000000E-01
5.78000592E-01 4.96595261E-03 1.92666864E+00 1.20000000E-01
6.26904501E-01 5.18407911E-03 2.08968167E+00 1.20000000E-01
6.79946109E-01 5.40386004E-03 2.26648703E+00 1.20000000E-01
7.37475501E-01 5.63911747E-03 2.45825167E+00 1.20000000E-01
7.99872384E-01 5.86354360E-03 2.66624128E+00 1.20000000E-01
8.67548588E-01 6.11899026E-03 2.89182863E+00 1.20000000E-01
9.40950792E-01 6.35628930E-03 3.13650264E+00 1.20000000E-01
1.02056346E+00 6.62358445E-03 3.40187821E+00 1.20000000E-01
1.10691207E+00 6.85741697E-03 3.68970689E+00 1.20000000E-01
1.20056652E+00 7.11465863E-03 4.00188838E+00 1.20000000E-01
1.30214495E+00 7.38805987E-03 4.34048317E+00 1.20000000E-01
1.41231781E+00 7.62733162E-03 4.70772603E+00 1.20000000E-01
1.53181226E+00 7.87341624E-03 5.10604086E+00 1.20000000E-01
1.66141698E+00 8.05247555E-03 5.53805661E+00 1.20000000E-01
1.80198740E+00 7.92563498E-03 6.00662467E+00 1.20000000E-01
1.95445131E+00 7.93103811E-03 6.51483769E+00 1.20000000E-01
2.11981499E+00 8.01121960E-03 7.06604998E+00 1.20000000E-01
2.29916990E+00 8.16214822E-03 7.66389965E+00 1.20000000E-01
2.49369979E+00 8.30908267E-03 8.31233264E+00 1.20000000E-01
2.70468862E+00 8.43540701E-03 9.01562874E+00 1.20000000E-01
2.93352895E+00 8.60287229E-03 9.77842984E+00 1.20000000E-01
3.18173118E+00 8.79738115E-03 1.06057706E+01 1.20000000E-01
3.45093348E+00 9.02948669E-03 1.15031116E+01 1.20000000E-01
3.74291266E+00 9.27403152E-03 1.24763755E+01 1.20000000E-01
4.05959583E+00 9.59831230E-03 1.35319861E+01 1.20000000E-01
4.40307317E+00 9.90774311E-03 1.46769106E+01 1.20000000E-01
4.77561170E+00 1.02169954E-02 1.59187057E+01 1.20000000E-01
5.17967024E+00 1.06009345E-02 1.72655675E+01 1.20000000E-01
5.61791568E+00 1.09543065E-02 1.87263856E+01 1.20000000E-01
6.09324052E+00 1.13412021E-02 2.03108017E+01 1.20000000E-01
6.60878200E+00 1.17659685E-02 2.20292733E+01 1.20000000E-01
7.16794280E+00 1.21482178E-02 2.38931427E+01 1.20000000E-01
7.77441350E+00 1.26197219E-02 2.59147117E+01 1.20000000E-01
8.43219692E+00 1.30679889E-02 2.81073231E+01 1.20000000E-01
9.14563459E+00 1.34999378E-02 3.04854486E+01 1.20000000E-01
9.91943532E+00 1.40291469E-02 3.30647844E+01 1.20000000E-01
1.07587064E+01 1.45090754E-02 3.58623546E+01 1.20000000E-01
1.16689871E+01 1.50545642E-02 3.88966236E+01 1.20000000E-01
1.26562855E+01 1.56235664E-02 4.21876184E+01 1.20000000E-01
1.37271181E+01 1.61262677E-02 4.57570602E+01 1.20000000E-01
1.48885524E+01 1.67831631E-02 4.96285080E+01 1.20000000E-01
1.61482542E+01 1.73747918E-02 5.38275141E+01 1.20000000E-01
1.75145379E+01 1.80126708E-02 5.83817930E+01 1.20000000E-01
1.89964211E+01 1.87338130E-02 6.33214036E+01 1.20000000E-01
2.06036846E+01 1.93701574E-02 6.86789486E+01 1.20000000E-01
2.23469366E+01 2.01795390E-02 7.44897888E+01 1.20000000E-01
2.42376831E+01 2.09194337E-02 8.07922769E+01 1.20000000E-01
2.62884032E+01 2.16977339E-02 8.76280106E+01 1.20000000E-01
2.85126322E+01 2.25728563E-02 9.50421073E+01 1.20000000E-01
3.09250504E+01 2.33436967E-02 1.03083501E+02 1.20000000E-01
3.35415804E+01 2.43455403E-02 1.11805268E+02 1.20000000E-01
3.63794916E+01 2.52479533E-02 1.21264972E+02 1.20000000E-01
3.94575150E+01 2.62384050E-02 1.31525050E+02 1.20000000E-01
4.27959662E+01 2.73015745E-02 1.42653221E+02 1.20000000E-01
4.64168795E+01 2.82674702E-02 1.54722932E+02 1.20000000E-01
5.03441537E+01 2.95117174E-02 1.67813846E+02 1.20000000E-01
5.46037098E+01 3.05980892E-02 1.82012366E+02 1.20000000E-01
5.92236616E+01 3.18910500E-02 1.97412205E+02 1.20000000E-01
6.42345017E+01 3.31564837E-02 2.14115006E+02 1.20000000E-01
6.96693027E+01 3.44471850E-02 2.32231009E+02 1.20000000E-01
7.55639355E+01 3.59192265E-02 2.51879785E+02 1.20000000E-01
8.19573058E+01 3.71993196E-02 2.73191019E+02 1.20000000E-01
8.88916113E+01 3.89101916E-02 2.96305371E+02 1.20000000E-01
9.64126196E+01 4.03900743E-02 3.21375399E+02 1.20000000E-01
1.04569971E+02 4.21253320E-02 3.48566570E+02 1.20000000E-01
1.13417506E+02 4.38357051E-02 3.78058353E+02 1.20000000E-01
1.23013620E+02 4.55990987E-02 4.10045398E+02 1.20000000E-01
1.33421648E+02 4.75701841E-02 4.44738828E+02 1.20000000E-01
1.44710288E+02 4.93441230E-02 4.82367626E+02 1.20000000E-01
1.56954045E+02 5.16054843E-02 5.23180149E+02 1.20000000E-01
1.70233730E+02 5.35685607E-02 5.67445768E+02 1.20000000E-01
1.84636994E+02 5.59729597E-02 6.15456647E+02 1.20000000E-01
2.00258900E+02 5.82124456E-02 6.67529666E+02 1.20000000E-01
2.17202555E+02 6.06702155E-02 7.24008518E+02 1.20000000E-01
2.35579793E+02 6.32227051E-02 7.85265976E+02 1.20000000E-01
2.55511905E+02 6.57055103E-02 8.51706350E+02 1.20000000E-01
2.77130449E+02 6.86318477E-02 9.23768162E+02 1.20000000E-01
3.00578110E+02 7.11521039E-02 1.00192703E+03 1.20000000E-01
3.26009649E+02 7.44414844E-02 1.08669883E+03 1.20000000E-01
3.53592919E+02 7.73229016E-02 1.17864306E+03 1.20000000E-01
3.83509975E+02 8.06974273E-02 1.27836658E+03 1.20000000E-01
4.15958275E+02 8.39827152E-02 1.38652758E+03 1.20000000E-01
4.51151986E+02 8.74054105E-02 1.50383995E+03 1.20000000E-01
4.89323393E+02 9.11770326E-02 1.63107798E+03 1.20000000E-01
5.30724434E+02 9.46161645E-02 1.76908145E+03 1.20000000E-01
5.75628367E+02 9.89519353E-02 1.91876122E+03 1.20000000E-01
6.24331565E+02 1.02679352E-01 2.08110522E+03 1.20000000E-01
6.77155480E+02 1.07348283E-01 2.25718493E+03 1.20000000E-01
7.34448760E+02 1.11637276E-01 2.44816253E+03 1.20000000E-01
7.96589553E+02 1.16434280E-01 2.65529851E+03 1.20000000E-01
8.63988002E+02 1.21344923E-01 2.87996001E+03 1.20000000E-01
9.37088949E+02 1.26276146E-01 3.12362983E+03 1.20000000E-01
1.01637488E+03 1.31899413E-01 3.38791625E+03 1.20000000E-01
1.10236909E+03 1.36931912E-01 3.67456362E+03 1.20000000E-01
1.19563916E+03 1.43333602E-01 3.98546386E+03 1.20000000E-01
1.29680070E+03 1.48855658E-01 4.32266899E+03 1.20000000E-01
1.40652139E+03 1.55758096E-01 4.68840462E+03 1.20000000E-01
1.52552541E+03 1.62028599E-01 5.08508469E+03 1.20000000E-01
1.65459821E+03 1.69258685E-01 5.51532736E+03 1.20000000E-01
1.79459170E+03 1.76430592E-01 5.98197233E+03 1.20000000E-01
1.94642986E+03 1.83897830E-01 6.48809954E+03 1.20000000E-01
2.11111486E+03 1.91995461E-01 7.03704955E+03 1.20000000E-01
2.28973366E+03 1.99671523E-01 7.63244553E+03 1.20000000E-01
2.48346517E+03 2.08900713E-01 8.27821723E+03 1.20000000E-01
2.69358806E+03 2.16805682E-01 8.97862686E+03 1.20000000E-01
2.92148918E+03 2.27202205E-01 9.73829728E+03 1.20000000E-01
3.16867274E+03 2.36228046E-01 1.05622425E+04 1.20000000E-01
