9.85213366E-05 8.67807361E-02 1.00000000E-01 1.20000000E-01
1.01635965E-04 8.54368261E-02 1.00000000E-01 1.20000000E-01
1.04849059E-04 8.43829415E-02 1.00000000E-01 1.20000000E-01
1.08163731E-04 8.32797555E-02 1.00000000E-01 1.20000000E-01
1.11583192E-04 8.21164630E-02 1.00000000E-01 1.20000000E-01
1.15110755E-04 8.08908802E-02 1.00000000E-01 1.20000000E-01
1.18749838E-04 7.95951345E-02 1.00000000E-01 1.20000000E-01
1.22503966E-04 7.82438947E-02 1.00000000E-01 1.20000000E-01
1.26376775E-04 7.72703547E-02 1.00000000E-01 1.20000000E-01
1.30372019E-04 7.62834400E-02 1.00000000E-01 1.20000000E-01
1.34493567E-04 7.52363478E-02 1.00000000E-01 1.20000000E-01
1.38745413E-04 7.41445808E-02 1.00000000E-01 1.20000000E-01
1.43131676E-04 7.29842596E-02 1.00000000E-01 1.20000000E-01
1.47656605E-04 7.17740630E-02 1.00000000E-01 1.20000000E-01
1.52324584E-04 7.07421177E-02 1.00000000E-01 1.20000000E-01
1.57140135E-04 6.98598077E-02 1.00000000E-01 1.20000000E-01
1.62107924E-04 6.89221902E-02 1.00000000E-01 1.20000000E-01
1.67232763E-04 6.79443447E-02 1.00000000E-01 1.20000000E-01
1.72519617E-04 6.69050075E-02 1.00000000E-01 1.20000000E-01
1.77973609E-04 6.58196995E-02 1.00000000E-01 1.20000000E-01
1.83600022E-04 6.47543279E-02 1.00000000E-01 1.20000000E-01
1.89404307E-04 6.39641074E-02 1.00000000E-01 1.20000000E-01
1.95392088E-04 6.31243344E-02 1.00000000E-01 1.20000000E-01
2.01569164E-04 6.22444793E-02 1.00000000E-01 1.20000000E-01
2.07941521E-04 6.13171624E-02 1.00000000E-01 1.20000000E-01
2.14515332E-04 6.03441884E-02 1.00000000E-01 1.20000000E-01
2.21296966E-04 5.93126650E-02 1.00000000E-01 1.20000000E-01
2.28292993E-04 5.85489933E-02 1.00000000E-01 1.20000000E-01
2.35510190E-04 5.78024718E-02 1.00000000E-01 1.20000000E-01
2.42955550E-04 5.70136885E-02 1.00000000E-01 1.20000000E-01
2.50636286E-04 5.61830716E-02 1.00000000E-01 1.20000000E-01
2.58559839E-04 5.53038499E-02 1.00000000E-01 1.20000000E-01
2.66733885E-04 5.43864221E-02 1.00000000E-01 1.20000000E-01
2.75166343E-04 5.35877876E-02 1.00000000E-01 1.20000000E-01
2.83865383E-04 5.29191387E-02 1.00000000E-01 1.20000000E-01
2.92839432E-04 5.22088562E-02 1.00000000E-01 1.20000000E-01
3.02097184E-04 5.14676922E-02 1.00000000E-01 1.20000000E-01
3.11647609E-04 5.06794914E-02 1.00000000E-01 1.20000000E-01
3.21499958E-04 4.98560331E-02 1.00000000E-01 1.20000000E-01
3.31663777E-04 4.90384407E-02 1.00000000E-01 1.20000000E-01
3.42148913E-04 4.84395339E-02 1.00000000E-01 1.20000000E-01
3.52965523E-04 4.78027604E-02 1.00000000E-01 1.20000000E-01
3.64124086E-04 4.71352208E-02 1.00000000E-01 1.20000000E-01
3.75635414E-04 4.64312802E-02 1.00000000E-01 1.20000000E-01
3.87510658E-04 4.56922442E-02 1.00000000E-01 1.20000000E-01
3.99761322E-04 4.49083559E-02 1.00000000E-01 1.20000000E-01
4.12399276E-04 4.43264044E-02 1.00000000E-01 1.20000000E-01
4.25436764E-04 4.37594588E-02 1.00000000E-01 1.20000000E-01
4.38886415E-04 4.31600203E-02 1.00000000E-01 1.20000000E-01
4.52761260E-04 4.25282467E-02 1.00000000E-01 1.20000000E-01
4.67074741E-04 4.18589285E-02 1.00000000E-01 1.20000000E-01
4.81840725E-04 4.11594141E-02 1.00000000E-01 1.20000000E-01
4.97073516E-04 4.05563113E-02 1.00000000E-01 1.20000000E-01
5.12787874E-04 4.00464400E-02 1.00000000E-01 1.20000000E-01
5.28999021E-04 3.95041154E-02 1.00000000E-01 1.20000000E-01
5.45722664E-04 3.89350665E-02 1.00000000E-01 1.20000000E-01
5.62975003E-04 3.83378861E-02 1.00000000E-01 1.20000000E-01
5.80772754E-04 3.77019485E-02 1.00000000E-01 1.20000000E-01
5.99133158E-04 3.70896727E-02 1.00000000E-01 1.20000000E-01
6.18074003E-04 3.66278475E-02 1.00000000E-01 1.20000000E-01
6.37613640E-04 3.61373465E-02 1.00000000E-01 1.20000000E-01
6.57770997E-04 3.56197716E-02 1.00000000E-01 1.20000000E-01
6.78565605E-04 3.50691875E-02 1.00000000E-01 1.20000000E-01
7.00017608E-04 3.44912425E-02 1.00000000E-01 1.20000000E-01
7.22147789E-04 3.38866538E-02 1.00000000E-01 1.20000000E-01
7.44977588E-04 3.34589918E-02 1.00000000E-01 1.20000000E-01
7.68529123E-04 3.30083309E-02 1.00000000E-01 1.20000000E-01
7.92825209E-04 3.25269646E-02 1.00000000E-01 1.20000000E-01
8.17889387E-04 3.20194983E-02 1.00000000E-01 1.20000000E-01
8.43745937E-04 3.14788614E-02 1.00000000E-01 1.20000000E-01
8.70419909E-04 3.09033660E-02 1.00000000E-01 1.20000000E-01
8.97937146E-04 3.05053224E-02 1.00000000E-01 1.20000000E-01
9.26324306E-04 3.00784483E-02 1.00000000E-01 1.20000000E-01
9.55608890E-04 2.96243924E-02 1.00000000E-01 1.20000000E-01
9.85819270E-04 2.91443604E-02 1.00000000E-01 1.20000000E-01
1.01698471E-03 2.86309831E-02 1.00000000E-01 1.20000000E-01
1.04913541E-03 2.81121094E-02 1.00000000E-01 1.20000000E-01
1.08230252E-03 2.77289145E-02 1.00000000E-01 1.20000000E-01
1.11651816E-03 2.73222401E-02 1.00000000E-01 1.20000000E-01
1.15181548E-03 2.68898364E-02 1.00000000E-01 1.20000000E-01
1.18822869E-03 2.64269411E-02 1.00000000E-01 1.20000000E-01
1.22579305E-03 2.59338394E-02 1.00000000E-01 1.20000000E-01
1.26454497E-03 2.54978243E-02 1.00000000E-01 1.20000000E-01
1.30452197E-03 2.51306401E-02 1.00000000E-01 1.20000000E-01
1.34576280E-03 2.47393413E-02 1.00000000E-01 1.20000000E-01
1.38830741E-03 2.43240456E-02 1.00000000E-01 1.20000000E-01
1.43219701E-03 2.38802044E-02 1.00000000E-01 1.20000000E-01
1.47747413E-03 2.34079313E-02 1.00000000E-01 1.20000000E-01
1.52418263E-03 2.30728970E-02 1.00000000E-01 1.20000000E-01
1.57236775E-03 2.27214691E-02 1.00000000E-01 1.20000000E-01
1.62207619E-03 2.23480168E-02 1.00000000E-01 1.20000000E-01
1.67335610E-03 2.19538746E-02 1.00000000E-01 1.20000000E-01
1.72625717E-03 2.15333570E-02 1.00000000E-01 1.20000000E-01
1.78083063E-03 2.11671776E-02 1.00000000E-01 1.20000000E-01
1.83712936E-03 2.08552426E-02 1.00000000E-01 1.20000000E-01
1.89520791E-03 2.05245134E-02 1.00000000E-01 1.20000000E-01
1.95512253E-03 2.01738146E-02 1.00000000E-01 1.20000000E-01
2.01693129E-03 1.98022288E-02 1.00000000E-01 1.20000000E-01
2.08069405E-03 1.94168487E-02 1.00000000E-01 1.20000000E-01
2.14647259E-03 1.91433355E-02 1.00000000E-01 1.20000000E-01
2.21433063E-03 1.88553241E-02 1.00000000E-01 1.20000000E-01
2.28433393E-03 1.85486462E-02 1.00000000E-01 1.20000000E-01
2.35655029E-03 1.82241692E-02 1.00000000E-01 1.20000000E-01
2.43104968E-03 1.78807715E-02 1.00000000E-01 1.20000000E-01
2.50790427E-03 1.75842799E-02 1.00000000E-01 1.20000000E-01
2.58718853E-03 1.73328345E-02 1.00000000E-01 1.20000000E-01
2.66897926E-03 1.70682545E-02 1.00000000E-01 1.20000000E-01
2.75335570E-03 1.67870599E-02 1.00000000E-01 1.20000000E-01
2.84039959E-03 1.64897904E-02 1.00000000E-01 1.20000000E-01
2.93019527E-03 1.61756761E-02 1.00000000E-01 1.20000000E-01
3.02282973E-03 1.59467502E-02 1.00000000E-01 1.20000000E-01
3.11839271E-03 1.57187390E-02 1.00000000E-01 1.20000000E-01
3.21697680E-03 1.54761957E-02 1.00000000E-01 1.20000000E-01
3.31867750E-03 1.52200651E-02 1.00000000E-01 1.20000000E-01
3.42359333E-03 1.49515192E-02 1.00000000E-01 1.20000000E-01
3.53182596E-03 1.46815951E-02 1.00000000E-01 1.20000000E-01
3.64348022E-03 1.44841258E-02 1.00000000E-01 1.20000000E-01
3.75866429E-03 1.42763287E-02 1.00000000E-01 1.20000000E-01
3.87748976E-03 1.40563732E-02 1.00000000E-01 1.20000000E-01
4.00007174E-03 1.38245843E-02 1.00000000E-01 1.20000000E-01
4.12652901E-03 1.35788293E-02 1.00000000E-01 1.20000000E-01
4.25698406E-03 1.33512326E-02 1.00000000E-01 1.20000000E-01
4.39156329E-03 1.31720277E-02 1.00000000E-01 1.20000000E-01
4.53039707E-03 1.29834215E-02 1.00000000E-01 1.20000000E-01
4.67361991E-03 1.27836711E-02 1.00000000E-01 1.20000000E-01
4.82137055E-03 1.25729122E-02 1.00000000E-01 1.20000000E-01
4.97379215E-03 1.23494041E-02 1.00000000E-01 1.20000000E-01
5.13103237E-03 1.21513954E-02 1.00000000E-01 1.20000000E-01
5.29324354E-03 1.19883068E-02 1.00000000E-01 1.20000000E-01
5.46058282E-03 1.18165826E-02 1.00000000E-01 1.20000000E-01
5.63321231E-03 1.16345063E-02 1.00000000E-01 1.20000000E-01
5.81129927E-03 1.14422078E-02 1.00000000E-01 1.20000000E-01
5.99501623E-03 1.12396579E-02 1.00000000E-01 1.20000000E-01
6.18454117E-03 1.10630522E-02 1.00000000E-01 1.20000000E-01
6.38005771E-03 1.09142376E-02 1.00000000E-01 1.20000000E-01
6.58175525E-03 1.07577788E-02 1.00000000E-01 1.20000000E-01
6.78982921E-03 1.05912483E-02 1.00000000E-01 1.20000000E-01
7.00448117E-03 1.04152303E-02 1.00000000E-01 1.20000000E-01
7.22591908E-03 1.02276034E-02 1.00000000E-01 1.20000000E-01
7.45435747E-03 1.00709102E-02 1.00000000E-01 1.20000000E-01
7.69001766E-03 9.93339041E-03 1.00000000E-01 1.20000000E-01
7.93312795E-03 9.78928145E-03 1.00000000E-01 1.20000000E-01
8.18392387E-03 9.63505595E-03 1.00000000E-01 1.20000000E-01
8.44264838E-03 9.47057715E-03 1.00000000E-01 1.20000000E-01
8.70955215E-03 9.29577747E-03 1.00000000E-01 1.20000000E-01
8.98489375E-03 9.15982089E-03 1.00000000E-01 1.20000000E-01
9.26893993E-03 9.03230900E-03 1.00000000E-01 1.20000000E-01
9.56196587E-03 8.89534451E-03 1.00000000E-01 1.20000000E-01
9.86425546E-03 8.74984164E-03 1.00000000E-01 1.20000000E-01
1.01761016E-02 8.59647576E-03 1.00000000E-01 1.20000000E-01
1.04978063E-02 8.43076856E-03 1.00000000E-01 1.20000000E-01
1.08296813E-02 8.31560963E-03 1.00000000E-01 1.20000000E-01
1.11720481E-02 8.19362360E-03 1.00000000E-01 1.20000000E-01
1.15252385E-02 8.06215817E-03 1.00000000E-01 1.20000000E-01
1.18895945E-02 7.92284789E-03 1.00000000E-01 1.20000000E-01
1.22654691E-02 7.77313238E-03 1.00000000E-01 1.20000000E-01
1.26532266E-02 7.63685389E-03 1.00000000E-01 1.20000000E-01
1.30532425E-02 7.52472186E-03 1.00000000E-01 1.20000000E-01
1.34659044E-02 7.40481596E-03 1.00000000E-01 1.20000000E-01
1.38916122E-02 7.27449041E-03 1.00000000E-01 1.20000000E-01
1.43307781E-02 7.13421371E-03 1.00000000E-01 1.20000000E-01
1.47838277E-02 6.99118976E-03 1.00000000E-01 1.20000000E-01
1.52512000E-02 6.88477003E-03 1.00000000E-01 1.20000000E-01
1.57333476E-02 6.77141251E-03 1.00000000E-01 1.20000000E-01
1.62307377E-02 6.64621407E-03 1.00000000E-01 1.20000000E-01
1.67438521E-02 6.51031164E-03 1.00000000E-01 1.20000000E-01
1.72731881E-02 6.37211211E-03 1.00000000E-01 1.20000000E-01
1.78192583E-02 6.26748425E-03 1.00000000E-01 1.20000000E-01
1.83825919E-02 6.15302301E-03 1.00000000E-01 1.20000000E-01
1.89637345E-02 6.02838682E-03 1.00000000E-01 1.20000000E-01
1.95632493E-02 5.89149843E-03 1.00000000E-01 1.20000000E-01
2.01817169E-02 5.76649359E-03 1.00000000E-01 1.20000000E-01
2.08197367E-02 5.65703519E-03 1.00000000E-01 1.20000000E-01
2.14779266E-02 5.53675765E-03 1.00000000E-01 1.20000000E-01
2.21569244E-02 5.40188062E-03 1.00000000E-01 1.20000000E-01
2.28573879E-02 5.26816793E-03 1.00000000E-01 1.20000000E-01
2.35799956E-02 5.15801931E-03 1.00000000E-01 1.20000000E-01
2.43254476E-02 5.03293437E-03 1.00000000E-01 1.20000000E-01
2.50944663E-02 4.89094231E-03 1.00000000E-01 1.20000000E-01
2.58877964E-02 4.76414798E-03 1.00000000E-01 1.20000000E-01
2.67062067E-02 4.64253422E-03 1.00000000E-01 1.20000000E-01
2.75504900E-02 4.50029086E-03 1.00000000E-01 1.20000000E-01
2.84214643E-02 4.35309093E-03 1.00000000E-01 1.20000000E-01
2.93199734E-02 4.20535241E-03 1.00000000E-01 1.20000000E-01
3.02468877E-02 4.00557023E-03 1.00000000E-01 1.20000000E-01
3.12031052E-02 3.69325772E-03 1.00000000E-01 1.20000000E-01
3.21895523E-02 3.23652887E-03 1.00000000E-01 1.20000000E-01
3.32071848E-02 2.35700961E-03 1.00000000E-01 1.20000000E-01
3.42569884E-02 1.26453407E-03 1.00000000E-01 1.20000000E-01
3.53399802E-02 6.05723136E-04 1.00000000E-01 1.20000000E-01
3.64572095E-02 2.92260784E-04 1.00000000E-01 1.20000000E-01
3.76097586E-02 1.43409257E-04 1.00000000E-01 1.20000000E-01
3.87987440E-02 7.17571086E-05 1.00000000E-01 1.20000000E-01
4.00253178E-02 3.64169851E-05 1.00000000E-01 1.20000000E-01
4.12906681E-02 1.87383648E-05 1.00000000E-01 1.20000000E-01
4.25960210E-02 9.77279591E-06 1.00000000E-01 1.20000000E-01
4.39426409E-02 5.15168288E-06 1.00000000E-01 1.20000000E-01
4.53318325E-02 2.73556882E-06 1.00000000E-01 1.20000000E-01
4.67649417E-02 1.44983474E-06 1.00000000E-01 1.20000000E-01
4.82433569E-02 7.52305804E-07 1.00000000E-01 1.20000000E-01
