9.85213366E-05 8.67804306E-02 1.00000000E-01 1.20000000E-01
1.01635965E-04 8.54366654E-02 1.00000000E-01 1.20000000E-01
1.04849059E-04 8.43803103E-02 1.00000000E-01 1.20000000E-01
1.08163731E-04 8.32794888E-02 1.00000000E-01 1.20000000E-01
1.11583192E-04 8.21099333E-02 1.00000000E-01 1.20000000E-01
1.15110755E-04 8.08905912E-02 1.00000000E-01 1.20000000E-01
1.18749838E-04 7.95948235E-02 1.00000000E-01 1.20000000E-01
1.22503966E-04 7.82436564E-02 1.00000000E-01 1.20000000E-01
1.26376775E-04 7.72686288E-02 1.00000000E-01 1.20000000E-01
1.30372019E-04 7.62831645E-02 1.00000000E-01 1.20000000E-01
1.34493567E-04 7.52361237E-02 1.00000000E-01 1.20000000E-01
1.38745413E-04 7.41443282E-02 1.00000000E-01 1.20000000E-01
1.43131676E-04 7.29839278E-02 1.00000000E-01 1.20000000E-01
1.47656605E-04 7.17730415E-02 1.00000000E-01 1.20000000E-01
1.52324584E-04 7.07419450E-02 1.00000000E-01 1.20000000E-01
1.57140135E-04 6.98595528E-02 1.00000000E-01 1.20000000E-01
1.62107924E-04 6.89219602E-02 1.00000000E-01 1.20000000E-01
1.67232763E-04 6.79403393E-02 1.00000000E-01 1.20000000E-01
1.72519617E-04 6.69047507E-02 1.00000000E-01 1.20000000E-01
1.77973609E-04 6.58193910E-02 1.00000000E-01 1.20000000E-01
1.83600022E-04 6.47541722E-02 1.00000000E-01 1.20000000E-01
1.89404307E-04 6.39638909E-02 1.00000000E-01 1.20000000E-01
1.95392088E-04 6.31240772E-02 1.00000000E-01 1.20000000E-01
2.01569164E-04 6.22442492E-02 1.00000000E-01 1.20000000E-01
2.07941521E-04 6.13169132E-02 1.00000000E-01 1.20000000E-01
2.14515332E-04 6.03438559E-02 1.00000000E-01 1.20000000E-01
2.21296966E-04 5.93123930E-02 1.00000000E-01 1.20000000E-01
2.28292993E-04 5.85488443E-02 1.00000000E-01 1.20000000E-01
2.35510190E-04 5.78022270E-02 1.00000000E-01 1.20000000E-01
2.42955550E-04 5.70134539E-02 1.00000000E-01 1.20000000E-01
2.50636286E-04 5.61828773E-02 1.00000000E-01 1.20000000E-01
2.58559839E-04 5.53035934E-02 1.00000000E-01 1.20000000E-01
2.66733885E-04 5.43855617E-02 1.00000000E-01 1.20000000E-01
2.75166343E-04 5.35876493E-02 1.00000000E-01 1.20000000E-01
2.83865383E-04 5.29189430E-02 1.00000000E-01 1.20000000E-01
2.92839432E-04 5.22086237E-02 1.00000000E-01 1.20000000E-01
3.02097184E-04 5.14645572E-02 1.00000000E-01 1.20000000E-01
3.11647609E-04 5.06792649E-02 1.00000000E-01 1.20000000E-01
3.21499958E-04 4.98557101E-02 1.00000000E-01 1.20000000E-01
3.31663777E-04 4.90382639E-02 1.00000000E-01 1.20000000E-01
3.42148913E-04 4.84347701E-02 1.00000000E-01 1.20000000E-01
3.52965523E-04 4.78025452E-02 1.00000000E-01 1.20000000E-01
3.64124086E-04 4.71350237E-02 1.00000000E-01 1.20000000E-01
3.75635414E-04 4.64311050E-02 1.00000000E-01 1.20000000E-01
3.87510658E-04 4.56859441E-02 1.00000000E-01 1.20000000E-01
3.99761322E-04 4.49079572E-02 1.00000000E-01 1.20000000E-01
4.12399276E-04 4.43262660E-02 1.00000000E-01 1.20000000E-01
4.25436764E-04 4.37592689E-02 1.00000000E-01 1.20000000E-01
4.38886415E-04 4.31569337E-02 1.00000000E-01 1.20000000E-01
4.52761260E-04 4.25258951E-02 1.00000000E-01 1.20000000E-01
4.67074741E-04 4.18587138E-02 1.00000000E-01 1.20000000E-01
4.81840725E-04 4.11591499E-02 1.00000000E-01 1.20000000E-01
4.97073516E-04 4.05557029E-02 1.00000000E-01 1.20000000E-01
5.12787874E-04 4.00427090E-02 1.00000000E-01 1.20000000E-01
5.28999021E-04 3.95039179E-02 1.00000000E-01 1.20000000E-01
5.45722664E-04 3.89372556E-02 1.00000000E-01 1.20000000E-01
5.62975003E-04 3.83377000E-02 1.00000000E-01 1.20000000E-01
5.80772754E-04 3.77017137E-02 1.00000000E-01 1.20000000E-01
5.99133158E-04 3.70895155E-02 1.00000000E-01 1.20000000E-01
6.18074003E-04 3.66276757E-02 1.00000000E-01 1.20000000E-01
6.37613640E-04 3.61371337E-02 1.00000000E-01 1.20000000E-01
6.57770997E-04 3.56173703E-02 1.00000000E-01 1.20000000E-01
6.78565605E-04 3.50689943E-02 1.00000000E-01 1.20000000E-01
7.00017608E-04 3.44910030E-02 1.00000000E-01 1.20000000E-01
7.22147789E-04 3.38864861E-02 1.00000000E-01 1.20000000E-01
7.44977588E-04 3.34588553E-02 1.00000000E-01 1.20000000E-01
7.68529123E-04 3.30081726E-02 1.00000000E-01 1.20000000E-01
7.92825209E-04 3.25267710E-02 1.00000000E-01 1.20000000E-01
8.17889387E-04 3.20193018E-02 1.00000000E-01 1.20000000E-01
8.43745937E-04 3.14779319E-02 1.00000000E-01 1.20000000E-01
8.70419909E-04 3.09031756E-02 1.00000000E-01 1.20000000E-01
8.97937146E-04 3.05021763E-02 1.00000000E-01 1.20000000E-01
9.26324306E-04 3.00782742E-02 1.00000000E-01 1.20000000E-01
9.55608890E-04 2.96241915E-02 1.00000000E-01 1.20000000E-01
9.85819270E-04 2.91410327E-02 1.00000000E-01 1.20000000E-01
1.01698471E-03 2.86307885E-02 1.00000000E-01 1.20000000E-01
1.04913541E-03 2.81119539E-02 1.00000000E-01 1.20000000E-01
1.08230252E-03 2.77287541E-02 1.00000000E-01 1.20000000E-01
1.11651816E-03 2.73221155E-02 1.00000000E-01 1.20000000E-01
1.15181548E-03 2.68880950E-02 1.00000000E-01 1.20000000E-01
1.18822869E-03 2.64267887E-02 1.00000000E-01 1.20000000E-01
1.22579305E-03 2.59336779E-02 1.00000000E-01 1.20000000E-01
1.26454497E-03 2.54977083E-02 1.00000000E-01 1.20000000E-01
1.30452197E-03 2.51304996E-02 1.00000000E-01 1.20000000E-01
1.34576280E-03 2.47392288E-02 1.00000000E-01 1.20000000E-01
1.38830741E-03 2.43227098E-02 1.00000000E-01 1.20000000E-01
1.43219701E-03 2.38800606E-02 1.00000000E-01 1.20000000E-01
1.47747413E-03 2.34078154E-02 1.00000000E-01 1.20000000E-01
1.52418263E-03 2.30728113E-02 1.00000000E-01 1.20000000E-01
1.57236775E-03 2.27213642E-02 1.00000000E-01 1.20000000E-01
1.62207619E-03 2.23479334E-02 1.00000000E-01 1.20000000E-01
1.67335610E-03 2.19512258E-02 1.00000000E-01 1.20000000E-01
1.72625717E-03 2.15332313E-02 1.00000000E-01 1.20000000E-01
1.78083063E-03 2.11671010E-02 1.00000000E-01 1.20000000E-01
1.83712936E-03 2.08551621E-02 1.00000000E-01 1.20000000E-01
1.89520791E-03 2.05243372E-02 1.00000000E-01 1.20000000E-01
1.95512253E-03 2.01737236E-02 1.00000000E-01 1.20000000E-01
2.01693129E-03 1.98021413E-02 1.00000000E-01 1.20000000E-01
2.08069405E-03 1.94167381E-02 1.00000000E-01 1.20000000E-01
2.14647259E-03 1.91432709E-02 1.00000000E-01 1.20000000E-01
2.21433063E-03 1.88537969E-02 1.00000000E-01 1.20000000E-01
2.28433393E-03 1.85485611E-02 1.00000000E-01 1.20000000E-01
2.35655029E-03 1.82240707E-02 1.00000000E-01 1.20000000E-01
2.43104968E-03 1.78806999E-02 1.00000000E-01 1.20000000E-01
2.50790427E-03 1.75839916E-02 1.00000000E-01 1.20000000E-01
2.58718853E-03 1.73327903E-02 1.00000000E-01 1.20000000E-01
2.66897926E-03 1.70670580E-02 1.00000000E-01 1.20000000E-01
2.75335570E-03 1.67870037E-02 1.00000000E-01 1.20000000E-01
2.84039959E-03 1.64897526E-02 1.00000000E-01 1.20000000E-01
2.93019527E-03 1.61756281E-02 1.00000000E-01 1.20000000E-01
3.02282973E-03 1.59467129E-02 1.00000000E-01 1.20000000E-01
3.11839271E-03 1.57186396E-02 1.00000000E-01 1.20000000E-01
3.21697680E-03 1.54761722E-02 1.00000000E-01 1.20000000E-01
3.31867750E-03 1.52200251E-02 1.00000000E-01 1.20000000E-01
3.42359333E-03 1.49514820E-02 1.00000000E-01 1.20000000E-01
3.53182596E-03 1.46815868E-02 1.00000000E-01 1.20000000E-01
3.64348022E-03 1.44840963E-02 1.00000000E-01 1.20000000E-01
3.75866429E-03 1.42762972E-02 1.00000000E-01 1.20000000E-01
3.87748976E-03 1.40563408E-02 1.00000000E-01 1.20000000E-01
4.00007174E-03 1.38245282E-02 1.00000000E-01 1.20000000E-01
4.12652901E-03 1.35787620E-02 1.00000000E-01 1.20000000E-01
4.25698406E-03 1.33497875E-02 1.00000000E-01 1.20000000E-01
4.39156329E-03 1.31719799E-02 1.00000000E-01 1.20000000E-01
4.53039707E-03 1.29826332E-02 1.00000000E-01 1.20000000E-01
4.67361991E-03 1.27835726E-02 1.00000000E-01 1.20000000E-01
4.82137055E-03 1.25724311E-02 1.00000000E-01 1.20000000E-01
4.97379215E-03 1.23493498E-02 1.00000000E-01 1.20000000E-01
5.13103237E-03 1.21501126E-02 1.00000000E-01 1.20000000E-01
5.29324354E-03 1.19882790E-02 1.00000000E-01 1.20000000E-01
5.46058282E-03 1.18165453E-02 1.00000000E-01 1.20000000E-01
5.63321231E-03 1.16344682E-02 1.00000000E-01 1.20000000E-01
5.81129927E-03 1.14421766E-02 1.00000000E-01 1.20000000E-01
5.99501623E-03 1.12379215E-02 1.00000000E-01 1.20000000E-01
6.18454117E-03 1.10630114E-02 1.00000000E-01 1.20000000E-01
6.38005771E-03 1.09154090E-02 1.00000000E-01 1.20000000E-01
6.58175525E-03 1.07577388E-02 1.00000000E-01 1.20000000E-01
6.78982921E-03 1.05911990E-02 1.00000000E-01 1.20000000E-01
7.00448117E-03 1.04139432E-02 1.00000000E-01 1.20000000E-01
7.22591908E-03 1.02275612E-02 1.00000000E-01 1.20000000E-01
7.45435747E-03 1.00708777E-02 1.00000000E-01 1.20000000E-01
7.69001766E-03 9.93336719E-03 1.00000000E-01 1.20000000E-01
7.93312795E-03 9.78921443E-03 1.00000000E-01 1.20000000E-01
8.18392387E-03 9.63501002E-03 1.00000000E-01 1.20000000E-01
8.44264838E-03 9.47054017E-03 1.00000000E-01 1.20000000E-01
8.70955215E-03 9.29574955E-03 1.00000000E-01 1.20000000E-01
8.98489375E-03 9.16076224E-03 1.00000000E-01 1.20000000E-01
9.26893993E-03 9.03227229E-03 1.00000000E-01 1.20000000E-01
9.56196587E-03 8.89531723E-03 1.00000000E-01 1.20000000E-01
9.86425546E-03 8.74975557E-03 1.00000000E-01 1.20000000E-01
1.01761016E-02 8.59642853E-03 1.00000000E-01 1.20000000E-01
1.04978063E-02 8.43074607E-03 1.00000000E-01 1.20000000E-01
1.08296813E-02 8.31558103E-03 1.00000000E-01 1.20000000E-01
1.11720481E-02 8.19355382E-03 1.00000000E-01 1.20000000E-01
1.15252385E-02 8.06213395E-03 1.00000000E-01 1.20000000E-01
1.18895945E-02 7.92281827E-03 1.00000000E-01 1.20000000E-01
1.22654691E-02 7.77309821E-03 1.00000000E-01 1.20000000E-01
1.26532266E-02 7.63683453E-03 1.00000000E-01 1.20000000E-01
1.30532425E-02 7.52495871E-03 1.00000000E-01 1.20000000E-01
1.34659044E-02 7.40429485E-03 1.00000000E-01 1.20000000E-01
1.38916122E-02 7.27446210E-03 1.00000000E-01 1.20000000E-01
1.43307781E-02 7.13401981E-03 1.00000000E-01 1.20000000E-01
1.47838277E-02 6.99116055E-03 1.00000000E-01 1.20000000E-01
1.52512000E-02 6.88474444E-03 1.00000000E-01 1.20000000E-01
1.57333476E-02 6.76951817E-03 1.00000000E-01 1.20000000E-01
1.62307377E-02 6.64617066E-03 1.00000000E-01 1.20000000E-01
1.67438521E-02 6.51027412E-03 1.00000000E-01 1.20000000E-01
1.72731881E-02 6.37207859E-03 1.00000000E-01 1.20000000E-01
1.78192583E-02 6.26744191E-03 1.00000000E-01 1.20000000E-01
1.83825919E-02 6.15298206E-03 1.00000000E-01 1.20000000E-01
1.89637345E-02 6.02772118E-03 1.00000000E-01 1.20000000E-01
1.95632493E-02 5.89152566E-03 1.00000000E-01 1.20000000E-01
2.01817169E-02 5.76651047E-03 1.00000000E-01 1.20000000E-01
2.08197367E-02 5.65751306E-03 1.00000000E-01 1.20000000E-01
2.14779266E-02 5.53671996E-03 1.00000000E-01 1.20000000E-01
2.21569244E-02 5.40184057E-03 1.00000000E-01 1.20000000E-01
2.28573879E-02 5.26814675E-03 1.00000000E-01 1.20000000E-01
2.35799956E-02 5.15764622E-03 1.00000000E-01 1.20000000E-01
2.43254476E-02 5.03255602E-03 1.00000000E-01 1.20000000E-01
2.50944663E-02 4.89100413E-03 1.00000000E-01 1.20000000E-01
2.58877964E-02 4.76466385E-03 1.00000000E-01 1.20000000E-01
2.67062067E-02 4.64259059E-03 1.00000000E-01 1.20000000E-01
2.75504900E-02 4.50000145E-03 1.00000000E-01 1.20000000E-01
2.84214643E-02 4.35277577E-03 1.00000000E-01 1.20000000E-01
2.93199734E-02 4.20443997E-03 1.00000000E-01 1.20000000E-01
3.02468877E-02 4.00293195E-03 1.00000000E-01 1.20000000E-01
3.12031052E-02 3.69843247E-03 1.00000000E-01 1.20000000E-01
3.21895523E-02 3.23867582E-03 1.00000000E-01 1.20000000E-01
3.32071848E-02 2.35854483E-03 1.00000000E-01 1.20000000E-01
3.42569884E-02 1.26494007E-03 1.00000000E-01 1.20000000E-01
3.53399802E-02 6.06123554E-04 1.00000000E-01 1.20000000E-01
3.64572095E-02 2.92488112E-04 1.00000000E-01 1.20000000E-01
3.76097586E-02 1.43628458E-04 1.00000000E-01 1.20000000E-01
3.87987440E-02 7.18074642E-05 1.00000000E-01 1.20000000E-01
4.00253178E-02 3.64504647E-05 1.00000000E-01 1.20000000E-01
4.12906681E-02 1.87600627E-05 1.00000000E-01 1.20000000E-01
4.25960210E-02 9.78601533E-06 1.00000000E-01 1.20000000E-01
4.39426409E-02 5.16212801E-06 1.00000000E-01 1.20000000E-01
4.53318325E-02 2.73999289E-06 1.00000000E-01 1.20000000E-01
4.67649417E-02 1.45257867E-06 1.00000000E-01 1.20000000E-01
4.82433569E-02 7.53512167E-07 1.00000000E-01 1.20000000E-01
