8.70419909E+00 1.04400587E+00 1.00000000E+03 1.20000000E-01
8.97937146E+00 1.02939257E+00 1.00000000E+03 1.20000000E-01
9.26324306E+00 1.01389974E+00 1.00000000E+03 1.20000000E-01
9.55608890E+00 9.97624243E-01 1.00000000E+03 1.20000000E-01
9.85819270E+00 9.80214808E-01 1.00000000E+03 1.20000000E-01
1.01698471E+01 9.61925919E-01 1.00000000E+03 1.20000000E-01
1.04913541E+01 9.47546948E-01 1.00000000E+03 1.20000000E-01
1.08230252E+01 9.34114478E-01 1.00000000E+03 1.20000000E-01
1.11651816E+01 9.19949138E-01 1.00000000E+03 1.20000000E-01
1.15181548E+01 9.05088685E-01 1.00000000E+03 1.20000000E-01
1.18822869E+01 8.89154546E-01 1.00000000E+03 1.20000000E-01
1.22579305E+01 8.72470507E-01 1.00000000E+03 1.20000000E-01
1.26454497E+01 8.60890350E-01 1.00000000E+03 1.20000000E-01
1.30452197E+01 8.48933276E-01 1.00000000E+03 1.20000000E-01
1.34576280E+01 8.36172917E-01 1.00000000E+03 1.20000000E-01
1.38830741E+01 8.22761150E-01 1.00000000E+03 1.20000000E-01
1.43219701E+01 8.08408480E-01 1.00000000E+03 1.20000000E-01
1.47747413E+01 7.93897462E-01 1.00000000E+03 1.20000000E-01
1.52418263E+01 7.83480301E-01 1.00000000E+03 1.20000000E-01
1.57236775E+01 7.72474052E-01 1.00000000E+03 1.20000000E-01
1.62207619E+01 7.60673333E-01 1.00000000E+03 1.20000000E-01
1.67335610E+01 7.48164756E-01 1.00000000E+03 1.20000000E-01
1.72625717E+01 7.35037050E-01 1.00000000E+03 1.20000000E-01
1.78083063E+01 7.22418743E-01 1.00000000E+03 1.20000000E-01
1.83712936E+01 7.12797325E-01 1.00000000E+03 1.20000000E-01
1.89520791E+01 7.02720361E-01 1.00000000E+03 1.20000000E-01
1.95512253E+01 6.91963396E-01 1.00000000E+03 1.20000000E-01
2.01693129E+01 6.80782901E-01 1.00000000E+03 1.20000000E-01
2.08069405E+01 6.69154388E-01 1.00000000E+03 1.20000000E-01
2.14647259E+01 6.57973245E-01 1.00000000E+03 1.20000000E-01
2.21433063E+01 6.49501891E-01 1.00000000E+03 1.20000000E-01
2.28433393E+01 6.40446757E-01 1.00000000E+03 1.20000000E-01
2.35655029E+01 6.30891114E-01 1.00000000E+03 1.20000000E-01
2.43104968E+01 6.20902307E-01 1.00000000E+03 1.20000000E-01
2.50790427E+01 6.10115670E-01 1.00000000E+03 1.20000000E-01
2.58718853E+01 5.99788926E-01 1.00000000E+03 1.20000000E-01
2.66897926E+01 5.91939725E-01 1.00000000E+03 1.20000000E-01
2.75335570E+01 5.83783330E-01 1.00000000E+03 1.20000000E-01
2.84039959E+01 5.75045879E-01 1.00000000E+03 1.20000000E-01
2.93019527E+01 5.65747849E-01 1.00000000E+03 1.20000000E-01
3.02282973E+01 5.55898804E-01 1.00000000E+03 1.20000000E-01
3.11839271E+01 5.46537419E-01 1.00000000E+03 1.20000000E-01
3.21697680E+01 5.39505956E-01 1.00000000E+03 1.20000000E-01
3.31867750E+01 5.32002046E-01 1.00000000E+03 1.20000000E-01
3.42359333E+01 5.24004642E-01 1.00000000E+03 1.20000000E-01
3.53182596E+01 5.15538412E-01 1.00000000E+03 1.20000000E-01
3.64348022E+01 5.06581778E-01 1.00000000E+03 1.20000000E-01
3.75866429E+01 4.98133821E-01 1.00000000E+03 1.20000000E-01
3.87748976E+01 4.91633658E-01 1.00000000E+03 1.20000000E-01
4.00007174E+01 4.84856776E-01 1.00000000E+03 1.20000000E-01
4.12652901E+01 4.77597825E-01 1.00000000E+03 1.20000000E-01
4.25698406E+01 4.69864364E-01 1.00000000E+03 1.20000000E-01
4.39156329E+01 4.61735664E-01 1.00000000E+03 1.20000000E-01
4.53039707E+01 4.53962879E-01 1.00000000E+03 1.20000000E-01
4.67361991E+01 4.48024643E-01 1.00000000E+03 1.20000000E-01
4.82137055E+01 4.41773647E-01 1.00000000E+03 1.20000000E-01
4.97379215E+01 4.35139867E-01 1.00000000E+03 1.20000000E-01
5.13103237E+01 4.28086669E-01 1.00000000E+03 1.20000000E-01
5.29324354E+01 4.20606410E-01 1.00000000E+03 1.20000000E-01
5.46058282E+01 4.13625580E-01 1.00000000E+03 1.20000000E-01
5.63321231E+01 4.08187143E-01 1.00000000E+03 1.20000000E-01
5.81129927E+01 4.02513405E-01 1.00000000E+03 1.20000000E-01
5.99501623E+01 3.96397257E-01 1.00000000E+03 1.20000000E-01
6.18454117E+01 3.89968673E-01 1.00000000E+03 1.20000000E-01
6.38005771E+01 3.83081629E-01 1.00000000E+03 1.20000000E-01
6.58175525E+01 3.76710355E-01 1.00000000E+03 1.20000000E-01
6.78982921E+01 3.71687229E-01 1.00000000E+03 1.20000000E-01
7.00448117E+01 3.66401275E-01 1.00000000E+03 1.20000000E-01
7.22591908E+01 3.60733037E-01 1.00000000E+03 1.20000000E-01
7.45435747E+01 3.54707625E-01 1.00000000E+03 1.20000000E-01
7.69001766E+01 3.48299586E-01 1.00000000E+03 1.20000000E-01
7.93312795E+01 3.42733238E-01 1.00000000E+03 1.20000000E-01
8.18392387E+01 3.38047377E-01 1.00000000E+03 1.20000000E-01
8.44264838E+01 3.33058361E-01 1.00000000E+03 1.20000000E-01
8.70955215E+01 3.27743400E-01 1.00000000E+03 1.20000000E-01
8.98489375E+01 3.22131308E-01 1.00000000E+03 1.20000000E-01
9.26893993E+01 3.16198336E-01 1.00000000E+03 1.20000000E-01
9.56196587E+01 3.11382850E-01 1.00000000E+03 1.20000000E-01
9.86425546E+01 3.06943189E-01 1.00000000E+03 1.20000000E-01
1.01761016E+02 3.02243888E-01 1.00000000E+03 1.20000000E-01
1.04978063E+02 2.97176860E-01 1.00000000E+03 1.20000000E-01
1.08296813E+02 2.91755424E-01 1.00000000E+03 1.20000000E-01
1.11720481E+02 2.86139960E-01 1.00000000E+03 1.20000000E-01
1.15252385E+02 2.82155983E-01 1.00000000E+03 1.20000000E-01
1.18895945E+02 2.77847370E-01 1.00000000E+03 1.20000000E-01
1.22654691E+02 2.73222974E-01 1.00000000E+03 1.20000000E-01
1.26532266E+02 2.68289815E-01 1.00000000E+03 1.20000000E-01
1.30532425E+02 2.62959580E-01 1.00000000E+03 1.20000000E-01
1.34659044E+02 2.58587423E-01 1.00000000E+03 1.20000000E-01
1.38916122E+02 2.54582333E-01 1.00000000E+03 1.20000000E-01
1.43307781E+02 2.50294304E-01 1.00000000E+03 1.20000000E-01
1.47838277E+02 2.45621536E-01 1.00000000E+03 1.20000000E-01
1.52512000E+02 2.40561347E-01 1.00000000E+03 1.20000000E-01
1.57333476E+02 2.36096744E-01 1.00000000E+03 1.20000000E-01
1.62307377E+02 2.32275491E-01 1.00000000E+03 1.20000000E-01
1.67438521E+02 2.28084024E-01 1.00000000E+03 1.20000000E-01
1.72731881E+02 2.23511195E-01 1.00000000E+03 1.20000000E-01
1.78192583E+02 2.18546690E-01 1.00000000E+03 1.20000000E-01
1.83825919E+02 2.14420046E-01 1.00000000E+03 1.20000000E-01
1.89637345E+02 2.10533176E-01 1.00000000E+03 1.20000000E-01
1.95632493E+02 2.06312630E-01 1.00000000E+03 1.20000000E-01
2.01817169E+02 2.01621964E-01 1.00000000E+03 1.20000000E-01
2.08197367E+02 1.96838787E-01 1.00000000E+03 1.20000000E-01
2.14779266E+02 1.93077723E-01 1.00000000E+03 1.20000000E-01
2.21569244E+02 1.88907165E-01 1.00000000E+03 1.20000000E-01
2.28573879E+02 1.84202908E-01 1.00000000E+03 1.20000000E-01
2.35799956E+02 1.79344693E-01 1.00000000E+03 1.20000000E-01
2.43254476E+02 1.75495647E-01 1.00000000E+03 1.20000000E-01
2.50944663E+02 1.71091716E-01 1.00000000E+03 1.20000000E-01
2.58877964E+02 1.66050952E-01 1.00000000E+03 1.20000000E-01
2.67062067E+02 1.61658876E-01 1.00000000E+03 1.20000000E-01
2.75504900E+02 1.57307519E-01 1.00000000E+03 1.20000000E-01
2.84214643E+02 1.52216682E-01 1.00000000E+03 1.20000000E-01
2.93199734E+02 1.47439710E-01 1.00000000E+03 1.20000000E-01
3.02468877E+02 1.42812286E-01 1.00000000E+03 1.20000000E-01
3.12031052E+02 1.37253841E-01 1.00000000E+03 1.20000000E-01
3.21895523E+02 1.32533268E-01 1.00000000E+03 1.20000000E-01
3.32071848E+02 1.27072859E-01 1.00000000E+03 1.20000000E-01
3.42569884E+02 1.21611564E-01 1.00000000E+03 1.20000000E-01
3.53399802E+02 1.15797591E-01 1.00000000E+03 1.20000000E-01
3.64572095E+02 1.09856292E-01 1.00000000E+03 1.20000000E-01
3.76097586E+02 1.02788532E-01 1.00000000E+03 1.20000000E-01
3.87987440E+02 9.47732798E-02 1.00000000E+03 1.20000000E-01
4.00253178E+02 8.36618098E-02 1.00000000E+03 1.20000000E-01
4.12906681E+02 6.45709306E-02 1.00000000E+03 1.20000000E-01
4.25960210E+02 3.68784689E-02 1.00000000E+03 1.20000000E-01
4.39426409E+02 1.70815929E-02 1.00000000E+03 1.20000000E-01
4.53318325E+02 7.71169626E-03 1.00000000E+03 1.20000000E-01
4.67649417E+02 3.50162496E-03 1.00000000E+03 1.20000000E-01
4.82433569E+02 1.55715085E-03 1.00000000E+03 1.20000000E-01
