1.87190540E-03 3.92796221E-01 1.90000000E+00 1.20000000E-01
1.93108334E-03 3.85608452E-01 1.90000000E+00 1.20000000E-01
1.99213213E-03 3.78117783E-01 1.90000000E+00 1.20000000E-01
2.05511089E-03 3.72780920E-01 1.90000000E+00 1.20000000E-01
2.12008065E-03 3.67132474E-01 1.90000000E+00 1.20000000E-01
2.18710435E-03 3.61155273E-01 1.90000000E+00 1.20000000E-01
2.25624692E-03 3.54832064E-01 1.90000000E+00 1.20000000E-01
2.32757534E-03 3.48142445E-01 1.90000000E+00 1.20000000E-01
2.40115873E-03 3.42425967E-01 1.90000000E+00 1.20000000E-01
2.47706836E-03 3.37520456E-01 1.90000000E+00 1.20000000E-01
2.55537778E-03 3.32338684E-01 1.90000000E+00 1.20000000E-01
2.63616285E-03 3.26864564E-01 1.90000000E+00 1.20000000E-01
2.71950184E-03 3.21081944E-01 1.90000000E+00 1.20000000E-01
2.80547549E-03 3.14972032E-01 1.90000000E+00 1.20000000E-01
2.89416709E-03 3.10563865E-01 1.90000000E+00 1.20000000E-01
2.98566256E-03 3.06104959E-01 1.90000000E+00 1.20000000E-01
3.08005055E-03 3.01398384E-01 1.90000000E+00 1.20000000E-01
3.17742249E-03 2.96461004E-01 1.90000000E+00 1.20000000E-01
3.27787273E-03 2.91228099E-01 1.90000000E+00 1.20000000E-01
3.38149858E-03 2.85974843E-01 1.90000000E+00 1.20000000E-01
3.48840042E-03 2.82155387E-01 1.90000000E+00 1.20000000E-01
3.59868184E-03 2.78142481E-01 1.90000000E+00 1.20000000E-01
3.71244967E-03 2.73902023E-01 1.90000000E+00 1.20000000E-01
3.82981412E-03 2.69437664E-01 1.90000000E+00 1.20000000E-01
3.95088890E-03 2.64713053E-01 1.90000000E+00 1.20000000E-01
4.07579131E-03 2.60233495E-01 1.90000000E+00 1.20000000E-01
4.20464236E-03 2.56799476E-01 1.90000000E+00 1.20000000E-01
4.33756687E-03 2.53191397E-01 1.90000000E+00 1.20000000E-01
4.47469362E-03 2.49379655E-01 1.90000000E+00 1.20000000E-01
4.61615546E-03 2.45368500E-01 1.90000000E+00 1.20000000E-01
4.76208944E-03 2.41121998E-01 1.90000000E+00 1.20000000E-01
4.91263694E-03 2.37129386E-01 1.90000000E+00 1.20000000E-01
5.06794381E-03 2.34048084E-01 1.90000000E+00 1.20000000E-01
5.22816052E-03 2.30810538E-01 1.90000000E+00 1.20000000E-01
5.39344227E-03 2.27390765E-01 1.90000000E+00 1.20000000E-01
5.56394921E-03 2.23792328E-01 1.90000000E+00 1.20000000E-01
5.73984650E-03 2.19983326E-01 1.90000000E+00 1.20000000E-01
5.92130457E-03 2.16307110E-01 1.90000000E+00 1.20000000E-01
6.10849921E-03 2.13545146E-01 1.90000000E+00 1.20000000E-01
6.30161177E-03 2.10643479E-01 1.90000000E+00 1.20000000E-01
6.50082934E-03 2.07603233E-01 1.90000000E+00 1.20000000E-01
6.70634493E-03 2.04379194E-01 1.90000000E+00 1.20000000E-01
6.91835764E-03 2.00991877E-01 1.90000000E+00 1.20000000E-01
7.13707286E-03 1.97489604E-01 1.90000000E+00 1.20000000E-01
7.36270249E-03 1.95019726E-01 1.90000000E+00 1.20000000E-01
7.59546512E-03 1.92429987E-01 1.90000000E+00 1.20000000E-01
7.83558625E-03 1.89679460E-01 1.90000000E+00 1.20000000E-01
8.08329851E-03 1.86820606E-01 1.90000000E+00 1.20000000E-01
8.33884188E-03 1.83766421E-01 1.90000000E+00 1.20000000E-01
8.60246394E-03 1.80544572E-01 1.90000000E+00 1.20000000E-01
8.87442008E-03 1.78210175E-01 1.90000000E+00 1.20000000E-01
9.15497377E-03 1.75900915E-01 1.90000000E+00 1.20000000E-01
9.44439681E-03 1.73441069E-01 1.90000000E+00 1.20000000E-01
9.74296961E-03 1.70854289E-01 1.90000000E+00 1.20000000E-01
1.00509814E-02 1.68132795E-01 1.90000000E+00 1.20000000E-01
1.03687306E-02 1.65270932E-01 1.90000000E+00 1.20000000E-01
1.06965251E-02 1.62910084E-01 1.90000000E+00 1.20000000E-01
1.10346823E-02 1.60819599E-01 1.90000000E+00 1.20000000E-01
1.13835300E-02 1.58634775E-01 1.90000000E+00 1.20000000E-01
1.17434061E-02 1.56317528E-01 1.90000000E+00 1.20000000E-01
1.21146592E-02 1.53899800E-01 1.90000000E+00 1.20000000E-01
1.24976490E-02 1.51312392E-01 1.90000000E+00 1.20000000E-01
1.28927465E-02 1.48950752E-01 1.90000000E+00 1.20000000E-01
1.33003345E-02 1.47108074E-01 1.90000000E+00 1.20000000E-01
1.37208080E-02 1.45137229E-01 1.90000000E+00 1.20000000E-01
1.41545742E-02 1.43053168E-01 1.90000000E+00 1.20000000E-01
1.46020533E-02 1.40875109E-01 1.90000000E+00 1.20000000E-01
1.50636790E-02 1.38582244E-01 1.90000000E+00 1.20000000E-01
1.55398983E-02 1.36245749E-01 1.90000000E+00 1.20000000E-01
1.60311728E-02 1.34575414E-01 1.90000000E+00 1.20000000E-01
1.65379783E-02 1.32802883E-01 1.90000000E+00 1.20000000E-01
1.70608058E-02 1.30928653E-01 1.90000000E+00 1.20000000E-01
1.76001618E-02 1.29004520E-01 1.90000000E+00 1.20000000E-01
1.81565689E-02 1.26938890E-01 1.90000000E+00 1.20000000E-01
1.87305661E-02 1.24744421E-01 1.90000000E+00 1.20000000E-01
1.93227095E-02 1.23097229E-01 1.90000000E+00 1.20000000E-01
1.99335728E-02 1.21508691E-01 1.90000000E+00 1.20000000E-01
2.05637478E-02 1.19831408E-01 1.90000000E+00 1.20000000E-01
2.12138450E-02 1.18077324E-01 1.90000000E+00 1.20000000E-01
2.18844942E-02 1.16230244E-01 1.90000000E+00 1.20000000E-01
2.25763451E-02 1.14255665E-01 1.90000000E+00 1.20000000E-01
2.32900680E-02 1.12556069E-01 1.90000000E+00 1.20000000E-01
2.40263543E-02 1.11140398E-01 1.90000000E+00 1.20000000E-01
2.47859175E-02 1.09633265E-01 1.90000000E+00 1.20000000E-01
2.55694933E-02 1.08037107E-01 1.90000000E+00 1.20000000E-01
2.63778408E-02 1.06339995E-01 1.90000000E+00 1.20000000E-01
2.72117433E-02 1.04541425E-01 1.90000000E+00 1.20000000E-01
2.80720085E-02 1.02861021E-01 1.90000000E+00 1.20000000E-01
2.89594699E-02 1.01545046E-01 1.90000000E+00 1.20000000E-01
2.98749873E-02 1.00154260E-01 1.90000000E+00 1.20000000E-01
3.08194477E-02 9.86728343E-02 1.90000000E+00 1.20000000E-01
3.17937660E-02 9.70890592E-02 1.90000000E+00 1.20000000E-01
3.27988861E-02 9.54209906E-02 1.90000000E+00 1.20000000E-01
3.38357819E-02 9.37807369E-02 1.90000000E+00 1.20000000E-01
3.49054578E-02 9.25234660E-02 1.90000000E+00 1.20000000E-01
3.60089502E-02 9.11748753E-02 1.90000000E+00 1.20000000E-01
3.71473281E-02 8.97262730E-02 1.90000000E+00 1.20000000E-01
3.83216944E-02 8.81679349E-02 1.90000000E+00 1.20000000E-01
3.95331869E-02 8.64884783E-02 1.90000000E+00 1.20000000E-01
4.07829791E-02 8.50625251E-02 1.90000000E+00 1.20000000E-01
4.20722820E-02 8.37739836E-02 1.90000000E+00 1.20000000E-01
4.34023446E-02 8.23646926E-02 1.90000000E+00 1.20000000E-01
4.47744554E-02 8.08396717E-02 1.90000000E+00 1.20000000E-01
4.61899438E-02 7.91722416E-02 1.90000000E+00 1.20000000E-01
4.76501811E-02 7.76331258E-02 1.90000000E+00 1.20000000E-01
4.91565820E-02 7.63175345E-02 1.90000000E+00 1.20000000E-01
5.07106059E-02 7.48742951E-02 1.90000000E+00 1.20000000E-01
5.23137582E-02 7.32872178E-02 1.90000000E+00 1.20000000E-01
5.39675923E-02 7.15212256E-02 1.90000000E+00 1.20000000E-01
5.56737102E-02 7.01433442E-02 1.90000000E+00 1.20000000E-01
5.74337649E-02 6.86976209E-02 1.90000000E+00 1.20000000E-01
5.92494616E-02 6.70952227E-02 1.90000000E+00 1.20000000E-01
6.11225592E-02 6.52804771E-02 1.90000000E+00 1.20000000E-01
6.30548724E-02 6.38056004E-02 1.90000000E+00 1.20000000E-01
6.50482734E-02 6.22873486E-02 1.90000000E+00 1.20000000E-01
6.71046932E-02 6.05550925E-02 1.90000000E+00 1.20000000E-01
6.92261241E-02 5.87910889E-02 1.90000000E+00 1.20000000E-01
7.14146214E-02 5.72852706E-02 1.90000000E+00 1.20000000E-01
7.36723054E-02 5.55788478E-02 1.90000000E+00 1.20000000E-01
7.60013632E-02 5.37216635E-02 1.90000000E+00 1.20000000E-01
7.84040512E-02 5.21907396E-02 1.90000000E+00 1.20000000E-01
8.08826972E-02 5.04399887E-02 1.90000000E+00 1.20000000E-01
8.34397025E-02 4.86473902E-02 1.90000000E+00 1.20000000E-01
8.60775443E-02 4.70477611E-02 1.90000000E+00 1.20000000E-01
8.87987782E-02 4.51905531E-02 1.90000000E+00 1.20000000E-01
9.16060405E-02 4.35583215E-02 1.90000000E+00 1.20000000E-01
9.45020509E-02 4.17481390E-02 1.90000000E+00 1.20000000E-01
9.74896151E-02 3.98835394E-02 1.90000000E+00 1.20000000E-01
1.00571627E-01 3.76817550E-02 1.90000000E+00 1.20000000E-01
1.03751074E-01 3.50946760E-02 1.90000000E+00 1.20000000E-01
1.07031034E-01 3.23701631E-02 1.90000000E+00 1.20000000E-01
1.10414686E-01 3.03772619E-02 1.90000000E+00 1.20000000E-01
1.13905308E-01 2.87157000E-02 1.90000000E+00 1.20000000E-01
1.17506282E-01 2.72633266E-02 1.90000000E+00 1.20000000E-01
1.21221096E-01 2.58340123E-02 1.90000000E+00 1.20000000E-01
1.25053350E-01 2.46761339E-02 1.90000000E+00 1.20000000E-01
1.29006755E-01 2.34535326E-02 1.90000000E+00 1.20000000E-01
1.33085142E-01 2.24949589E-02 1.90000000E+00 1.20000000E-01
1.37292462E-01 2.14676803E-02 1.90000000E+00 1.20000000E-01
1.41632792E-01 2.06455948E-02 1.90000000E+00 1.20000000E-01
1.46110336E-01 1.98051804E-02 1.90000000E+00 1.20000000E-01
1.50729431E-01 1.90683855E-02 1.90000000E+00 1.20000000E-01
1.55494553E-01 1.84082717E-02 1.90000000E+00 1.20000000E-01
1.60410319E-01 1.77033890E-02 1.90000000E+00 1.20000000E-01
1.65481491E-01 1.71869374E-02 1.90000000E+00 1.20000000E-01
1.70712981E-01 1.66392074E-02 1.90000000E+00 1.20000000E-01
1.76109859E-01 1.60842122E-02 1.90000000E+00 1.20000000E-01
1.81677352E-01 1.56610400E-02 1.90000000E+00 1.20000000E-01
1.87420854E-01 1.52122103E-02 1.90000000E+00 1.20000000E-01
1.93345930E-01 1.47318818E-02 1.90000000E+00 1.20000000E-01
1.99458319E-01 1.43798915E-02 1.90000000E+00 1.20000000E-01
2.05763945E-01 1.40119117E-02 1.90000000E+00 1.20000000E-01
2.12268914E-01 1.36151546E-02 1.90000000E+00 1.20000000E-01
2.18979531E-01 1.32626320E-02 1.90000000E+00 1.20000000E-01
2.25902295E-01 1.29551505E-02 1.90000000E+00 1.20000000E-01
2.33043913E-01 1.26264975E-02 1.90000000E+00 1.20000000E-01
2.40411305E-01 1.22712659E-02 1.90000000E+00 1.20000000E-01
2.48011608E-01 1.19978734E-02 1.90000000E+00 1.20000000E-01
2.55852184E-01 1.17209809E-02 1.90000000E+00 1.20000000E-01
2.63940631E-01 1.14191608E-02 1.90000000E+00 1.20000000E-01
2.72284784E-01 1.11089537E-02 1.90000000E+00 1.20000000E-01
2.80892727E-01 1.08720985E-02 1.90000000E+00 1.20000000E-01
2.89772799E-01 1.06144366E-02 1.90000000E+00 1.20000000E-01
2.98933604E-01 1.03335765E-02 1.90000000E+00 1.20000000E-01
3.08384016E-01 1.00691084E-02 1.90000000E+00 1.20000000E-01
3.18133191E-01 9.84513185E-03 1.90000000E+00 1.20000000E-01
3.28190574E-01 9.59963239E-03 1.90000000E+00 1.20000000E-01
3.38565908E-01 9.33158876E-03 1.90000000E+00 1.20000000E-01
3.49269246E-01 9.10662626E-03 1.90000000E+00 1.20000000E-01
3.60310956E-01 8.88883929E-03 1.90000000E+00 1.20000000E-01
3.71701736E-01 8.64782778E-03 1.90000000E+00 1.20000000E-01
3.83452622E-01 8.39668256E-03 1.90000000E+00 1.20000000E-01
3.95574997E-01 8.19882240E-03 1.90000000E+00 1.20000000E-01
4.08080606E-01 7.97667627E-03 1.90000000E+00 1.20000000E-01
4.20981564E-01 7.72905395E-03 1.90000000E+00 1.20000000E-01
4.34290369E-01 7.52739722E-03 1.90000000E+00 1.20000000E-01
4.48019916E-01 7.31773466E-03 1.90000000E+00 1.20000000E-01
4.62183505E-01 7.07805499E-03 1.90000000E+00 1.20000000E-01
4.76794859E-01 6.87083151E-03 1.90000000E+00 1.20000000E-01
4.91868132E-01 6.65562254E-03 1.90000000E+00 1.20000000E-01
5.07417928E-01 6.39414843E-03 1.90000000E+00 1.20000000E-01
5.23459311E-01 6.14843322E-03 1.90000000E+00 1.20000000E-01
5.40007822E-01 5.80119451E-03 1.90000000E+00 1.20000000E-01
5.57079494E-01 5.36995188E-03 1.90000000E+00 1.20000000E-01
5.74690865E-01 4.74855706E-03 1.90000000E+00 1.20000000E-01
5.92858998E-01 3.65307607E-03 1.90000000E+00 1.20000000E-01
6.11601494E-01 2.26525326E-03 1.90000000E+00 1.20000000E-01
6.30936510E-01 1.22724033E-03 1.90000000E+00 1.20000000E-01
6.50882779E-01 6.59051148E-04 1.90000000E+00 1.20000000E-01
6.71459624E-01 3.58616590E-04 1.90000000E+00 1.20000000E-01
6.92686980E-01 1.98878064E-04 1.90000000E+00 1.20000000E-01
7.14585412E-01 1.11858790E-04 1.90000000E+00 1.20000000E-01
7.37176137E-01 6.38568890E-05 1.90000000E+00 1.20000000E-01
7.60481038E-01 3.69793387E-05 1.90000000E+00 1.20000000E-01
7.84522695E-01 2.16687521E-05 1.90000000E+00 1.20000000E-01
8.09324399E-01 1.28263226E-05 1.90000000E+00 1.20000000E-01
8.34910177E-01 7.69350856E-06 1.90000000E+00 1.20000000E-01
8.61304818E-01 4.63014978E-06 1.90000000E+00 1.20000000E-01
8.88533893E-01 2.80368621E-06 1.90000000E+00 1.20000000E-01
9.16623780E-01 1.68627360E-06 1.90000000E+00 1.20000000E-01
