1.11583192E-01 5.43925792E-02 1.00000000E+02 1.20000000E-01
1.15110755E-01 5.54051521E-02 1.00000000E+02 1.20000000E-01
1.18749838E-01 5.65108111E-02 1.00000000E+02 1.20000000E-01
1.22503966E-01 5.76512425E-02 1.00000000E+02 1.20000000E-01
1.26376775E-01 5.89290348E-02 1.00000000E+02 1.20000000E-01
1.30372019E-01 6.00566653E-02 1.00000000E+02 1.20000000E-01
1.34493567E-01 6.11454287E-02 1.00000000E+02 1.20000000E-01
1.38745413E-01 6.23828249E-02 1.00000000E+02 1.20000000E-01
1.43131676E-01 6.37005513E-02 1.00000000E+02 1.20000000E-01
1.43131676E-01 9.98271963E-01 1.00000000E+02 1.20000000E-01
1.47656605E-01 6.49883364E-02 1.00000000E+02 1.20000000E-01
1.47656605E-01 9.41133846E-01 1.00000000E+02 1.20000000E-01
1.52324584E-01 6.61995095E-02 1.00000000E+02 1.20000000E-01
1.52324584E-01 8.87740455E-01 1.00000000E+02 1.20000000E-01
1.57140135E-01 6.75029681E-02 1.00000000E+02 1.20000000E-01
1.57140135E-01 8.38007463E-01 1.00000000E+02 1.20000000E-01
1.62107924E-01 6.87877209E-02 1.00000000E+02 1.20000000E-01
1.62107924E-01 7.87612080E-01 1.00000000E+02 1.20000000E-01
1.67232763E-01 7.02806240E-02 1.00000000E+02 1.20000000E-01
1.67232763E-01 7.41861754E-01 1.00000000E+02 1.20000000E-01
1.72519617E-01 7.17832773E-02 1.00000000E+02 1.20000000E-01
1.72519617E-01 6.97613933E-01 1.00000000E+02 1.20000000E-01
1.77973609E-01 7.31752646E-02 1.00000000E+02 1.20000000E-01
1.77973609E-01 6.53397976E-01 1.00000000E+02 1.20000000E-01
1.83600022E-01 7.48173972E-02 1.00000000E+02 1.20000000E-01
1.83600022E-01 6.12333253E-01 1.00000000E+02 1.20000000E-01
1.89404307E-01 7.66650697E-02 1.00000000E+02 1.20000000E-01
1.89404307E-01 5.73081931E-01 1.00000000E+02 1.20000000E-01
1.95392088E-01 7.85843086E-02 1.00000000E+02 1.20000000E-01
1.95392088E-01 5.34172900E-01 1.00000000E+02 1.20000000E-01
2.01569164E-01 8.07323110E-02 1.00000000E+02 1.20000000E-01
2.01569164E-01 4.96059226E-01 1.00000000E+02 1.20000000E-01
2.07941521E-01 8.33650974E-02 1.00000000E+02 1.20000000E-01
2.07941521E-01 4.59774493E-01 1.00000000E+02 1.20000000E-01
2.14515332E-01 8.62957864E-02 1.00000000E+02 1.20000000E-01
2.14515332E-01 4.24640553E-01 1.00000000E+02 1.20000000E-01
2.21296966E-01 9.02044706E-02 1.00000000E+02 1.20000000E-01
2.21296966E-01 3.89794609E-01 1.00000000E+02 1.20000000E-01
2.28292993E-01 9.53746155E-02 1.00000000E+02 1.20000000E-01
2.28292993E-01 3.55082868E-01 1.00000000E+02 1.20000000E-01
2.35510190E-01 1.02194682E-01 1.00000000E+02 1.20000000E-01
2.35510190E-01 3.20005731E-01 1.00000000E+02 1.20000000E-01
2.42955550E-01 1.13102034E-01 1.00000000E+02 1.20000000E-01
2.42955550E-01 2.83575273E-01 1.00000000E+02 1.20000000E-01
2.50636286E-01 1.32114418E-01 1.00000000E+02 1.20000000E-01
2.50636286E-01 2.42574706E-01 1.00000000E+02 1.20000000E-01
5.80772754E-01 1.19346628E-06 1.00000000E+02 1.20000000E-01
5.80772754E-01 1.65178373E-02 1.00000000E+02 1.20000000E-01
5.99133158E-01 1.91832367E-02 1.00000000E+02 1.20000000E-01
6.18074003E-01 2.12784783E-02 1.00000000E+02 1.20000000E-01
6.37613640E-01 2.26752597E-02 1.00000000E+02 1.20000000E-01
6.57770997E-01 2.37171685E-02 1.00000000E+02 1.20000000E-01
6.78565605E-01 2.44857071E-02 1.00000000E+02 1.20000000E-01
7.00017608E-01 2.51575096E-02 1.00000000E+02 1.20000000E-01
7.22147789E-01 2.56165714E-02 1.00000000E+02 1.20000000E-01
7.44977588E-01 2.59806317E-02 1.00000000E+02 1.20000000E-01
7.68529123E-01 2.62788555E-02 1.00000000E+02 1.20000000E-01
7.92825209E-01 2.64322003E-02 1.00000000E+02 1.20000000E-01
8.17889387E-01 2.65667035E-02 1.00000000E+02 1.20000000E-01
8.43745937E-01 2.67848510E-02 1.00000000E+02 1.20000000E-01
8.70419909E-01 2.67854391E-02 1.00000000E+02 1.20000000E-01
8.97937146E-01 2.67709569E-02 1.00000000E+02 1.20000000E-01
9.26324306E-01 2.67558280E-02 1.00000000E+02 1.20000000E-01
9.55608890E-01 2.66557495E-02 1.00000000E+02 1.20000000E-01
9.85819270E-01 2.66663279E-02 1.00000000E+02 1.20000000E-01
1.01698471E+00 2.65640968E-02 1.00000000E+02 1.20000000E-01
1.04913541E+00 2.63852520E-02 1.00000000E+02 1.20000000E-01
1.08230252E+00 2.62091946E-02 1.00000000E+02 1.20000000E-01
1.11651816E+00 2.60147289E-02 1.00000000E+02 1.20000000E-01
1.15181548E+00 2.57688218E-02 1.00000000E+02 1.20000000E-01
1.18822869E+00 2.56738659E-02 1.00000000E+02 1.20000000E-01
1.22579305E+00 2.54513585E-02 1.00000000E+02 1.20000000E-01
1.26454497E+00 2.51781966E-02 1.00000000E+02 1.20000000E-01
1.30452197E+00 2.48833344E-02 1.00000000E+02 1.20000000E-01
1.34576280E+00 2.45978977E-02 1.00000000E+02 1.20000000E-01
1.38830741E+00 2.44589923E-02 1.00000000E+02 1.20000000E-01
1.43219701E+00 2.41107529E-02 1.00000000E+02 1.20000000E-01
1.47747413E+00 2.37684941E-02 1.00000000E+02 1.20000000E-01
1.52418263E+00 2.33657758E-02 1.00000000E+02 1.20000000E-01
1.57236775E+00 2.30345181E-02 1.00000000E+02 1.20000000E-01
1.62207619E+00 2.26827316E-02 1.00000000E+02 1.20000000E-01
1.67335610E+00 2.23138373E-02 1.00000000E+02 1.20000000E-01
1.72625717E+00 2.19227324E-02 1.00000000E+02 1.20000000E-01
1.78083063E+00 2.15189527E-02 1.00000000E+02 1.20000000E-01
1.83712936E+00 2.11776924E-02 1.00000000E+02 1.20000000E-01
1.89520791E+00 2.08788918E-02 1.00000000E+02 1.20000000E-01
1.95512253E+00 2.05855647E-02 1.00000000E+02 1.20000000E-01
2.01693129E+00 2.02949952E-02 1.00000000E+02 1.20000000E-01
2.08069405E+00 2.00060437E-02 1.00000000E+02 1.20000000E-01
2.14647259E+00 1.97187750E-02 1.00000000E+02 1.20000000E-01
2.21433063E+00 1.94327318E-02 1.00000000E+02 1.20000000E-01
2.28433393E+00 1.91942724E-02 1.00000000E+02 1.20000000E-01
2.35655029E+00 1.89508145E-02 1.00000000E+02 1.20000000E-01
2.43104968E+00 1.86977909E-02 1.00000000E+02 1.20000000E-01
2.50790427E+00 1.84379099E-02 1.00000000E+02 1.20000000E-01
2.58718853E+00 1.81723453E-02 1.00000000E+02 1.20000000E-01
2.66897926E+00 1.79012871E-02 1.00000000E+02 1.20000000E-01
2.75335570E+00 1.76438203E-02 1.00000000E+02 1.20000000E-01
2.84039959E+00 1.74212416E-02 1.00000000E+02 1.20000000E-01
2.93019527E+00 1.71957253E-02 1.00000000E+02 1.20000000E-01
3.02282973E+00 1.69621188E-02 1.00000000E+02 1.20000000E-01
3.11839271E+00 1.67174560E-02 1.00000000E+02 1.20000000E-01
3.21697680E+00 1.64639999E-02 1.00000000E+02 1.20000000E-01
3.31867750E+00 1.62024289E-02 1.00000000E+02 1.20000000E-01
3.42359333E+00 1.59775111E-02 1.00000000E+02 1.20000000E-01
3.53182596E+00 1.57637540E-02 1.00000000E+02 1.20000000E-01
3.64348022E+00 1.55458404E-02 1.00000000E+02 1.20000000E-01
3.75866429E+00 1.53238102E-02 1.00000000E+02 1.20000000E-01
3.87748976E+00 1.50926251E-02 1.00000000E+02 1.20000000E-01
4.00007174E+00 1.48491215E-02 1.00000000E+02 1.20000000E-01
4.12652901E+00 1.46219957E-02 1.00000000E+02 1.20000000E-01
4.25698406E+00 1.44200068E-02 1.00000000E+02 1.20000000E-01
4.39156329E+00 1.42120945E-02 1.00000000E+02 1.20000000E-01
4.53039707E+00 1.39999080E-02 1.00000000E+02 1.20000000E-01
4.67361991E+00 1.37808141E-02 1.00000000E+02 1.20000000E-01
4.82137055E+00 1.35553380E-02 1.00000000E+02 1.20000000E-01
4.97379215E+00 1.33406174E-02 1.00000000E+02 1.20000000E-01
5.13103237E+00 1.31520524E-02 1.00000000E+02 1.20000000E-01
5.29324354E+00 1.29571304E-02 1.00000000E+02 1.20000000E-01
5.46058282E+00 1.27550461E-02 1.00000000E+02 1.20000000E-01
5.63321231E+00 1.25450631E-02 1.00000000E+02 1.20000000E-01
5.81129927E+00 1.23278548E-02 1.00000000E+02 1.20000000E-01
5.99501623E+00 1.21310917E-02 1.00000000E+02 1.20000000E-01
6.18454117E+00 1.19557750E-02 1.00000000E+02 1.20000000E-01
6.38005771E+00 1.17739426E-02 1.00000000E+02 1.20000000E-01
6.58175525E+00 1.15836125E-02 1.00000000E+02 1.20000000E-01
6.78982921E+00 1.13852806E-02 1.00000000E+02 1.20000000E-01
7.00448117E+00 1.11780159E-02 1.00000000E+02 1.20000000E-01
7.22591908E+00 1.10052955E-02 1.00000000E+02 1.20000000E-01
7.45435747E+00 1.08369444E-02 1.00000000E+02 1.20000000E-01
7.69001766E+00 1.06639127E-02 1.00000000E+02 1.20000000E-01
7.93312795E+00 1.04809787E-02 1.00000000E+02 1.20000000E-01
8.18392387E+00 1.02890223E-02 1.00000000E+02 1.20000000E-01
8.44264838E+00 1.01047836E-02 1.00000000E+02 1.20000000E-01
8.70955215E+00 9.95170257E-03 1.00000000E+02 1.20000000E-01
8.98489375E+00 9.78953444E-03 1.00000000E+02 1.20000000E-01
9.26893993E+00 9.61868270E-03 1.00000000E+02 1.20000000E-01
9.56196587E+00 9.43928454E-03 1.00000000E+02 1.20000000E-01
9.86425546E+00 9.25166294E-03 1.00000000E+02 1.20000000E-01
1.01761016E+01 9.10450339E-03 1.00000000E+02 1.20000000E-01
1.04978063E+01 8.95283942E-03 1.00000000E+02 1.20000000E-01
1.08296813E+01 8.79337617E-03 1.00000000E+02 1.20000000E-01
1.11720481E+01 8.62274793E-03 1.00000000E+02 1.20000000E-01
1.15252385E+01 8.44166737E-03 1.00000000E+02 1.20000000E-01
1.18895945E+01 8.29584373E-03 1.00000000E+02 1.20000000E-01
1.22654691E+01 8.14066016E-03 1.00000000E+02 1.20000000E-01
1.26532266E+01 7.97303377E-03 1.00000000E+02 1.20000000E-01
1.30532425E+01 7.79870494E-03 1.00000000E+02 1.20000000E-01
1.34659044E+01 7.63599436E-03 1.00000000E+02 1.20000000E-01
1.38916122E+01 7.50436964E-03 1.00000000E+02 1.20000000E-01
1.43307781E+01 7.33238715E-03 1.00000000E+02 1.20000000E-01
1.47838277E+01 7.15286742E-03 1.00000000E+02 1.20000000E-01
1.52512000E+01 6.93903144E-03 1.00000000E+02 1.20000000E-01
1.57333476E+01 6.72429278E-03 1.00000000E+02 1.20000000E-01
1.62307377E+01 6.45960850E-03 1.00000000E+02 1.20000000E-01
1.67438521E+01 6.20913331E-03 1.00000000E+02 1.20000000E-01
1.72731881E+01 5.89552777E-03 1.00000000E+02 1.20000000E-01
1.78192583E+01 5.57476025E-03 1.00000000E+02 1.20000000E-01
1.83825919E+01 5.13362161E-03 1.00000000E+02 1.20000000E-01
1.89637345E+01 4.68079283E-03 1.00000000E+02 1.20000000E-01
1.95632493E+01 3.99381239E-03 1.00000000E+02 1.20000000E-01
2.01817169E+01 3.27603028E-03 1.00000000E+02 1.20000000E-01
2.08197367E+01 2.42668049E-03 1.00000000E+02 1.20000000E-01
2.14779266E+01 1.74207730E-03 1.00000000E+02 1.20000000E-01
2.21569244E+01 1.23448212E-03 1.00000000E+02 1.20000000E-01
2.28573879E+01 8.76577668E-04 1.00000000E+02 1.20000000E-01
2.35799956E+01 6.25260668E-04 1.00000000E+02 1.20000000E-01
2.43254476E+01 4.50358695E-04 1.00000000E+02 1.20000000E-01
2.50944663E+01 3.26047212E-04 1.00000000E+02 1.20000000E-01
2.58877964E+01 2.38315693E-04 1.00000000E+02 1.20000000E-01
2.67062067E+01 1.75156891E-04 1.00000000E+02 1.20000000E-01
2.75504900E+01 1.29527682E-04 1.00000000E+02 1.20000000E-01
2.84214643E+01 9.65281601E-05 1.00000000E+02 1.20000000E-01
2.93199734E+01 7.24359706E-05 1.00000000E+02 1.20000000E-01
3.02468877E+01 5.46986803E-05 1.00000000E+02 1.20000000E-01
3.12031052E+01 4.15138807E-05 1.00000000E+02 1.20000000E-01
3.21895523E+01 3.17014388E-05 1.00000000E+02 1.20000000E-01
3.32071848E+01 2.43148151E-05 1.00000000E+02 1.20000000E-01
3.42569884E+01 1.88037977E-05 1.00000000E+02 1.20000000E-01
3.53399802E+01 1.46062251E-05 1.00000000E+02 1.20000000E-01
3.64572095E+01 1.13845531E-05 1.00000000E+02 1.20000000E-01
3.76097586E+01 8.91784362E-06 1.00000000E+02 1.20000000E-01
3.87987440E+01 7.02646091E-06 1.00000000E+02 1.20000000E-01
4.00253178E+01 5.54162085E-06 1.00000000E+02 1.20000000E-01
4.12906681E+01 4.40406706E-06 1.00000000E+02 1.20000000E-01
4.25960210E+01 3.49659003E-06 1.00000000E+02 1.20000000E-01
4.39426409E+01 2.79093720E-06 1.00000000E+02 1.20000000E-01
4.53318325E+01 2.22483926E-06 1.00000000E+02 1.20000000E-01
4.67649417E+01 1.77544142E-06 1.00000000E+02 1.20000000E-01
4.82433569E+01 1.41533638E-06 1.00000000E+02 1.20000000E-01
