1.12266029E-01 5.67477251E-01 1.00000000E+03 1.20000000E-01
1.21764718E-01 6.04420588E-01 1.00000000E+03 1.20000000E-01
1.32067079E-01 6.44395033E-01 1.00000000E+03 1.20000000E-01
1.43241110E-01 6.90135977E-01 1.00000000E+03 1.20000000E-01
1.55360561E-01 7.42616764E-01 1.00000000E+03 1.20000000E-01
1.68505425E-01 8.05687975E-01 1.00000000E+03 1.20000000E-01
1.82762458E-01 8.91184168E-01 1.00000000E+03 1.20000000E-01
1.98225762E-01 1.03603783E+00 1.00000000E+03 1.20000000E-01
5.69784273E-01 5.53907355E-02 1.00000000E+03 1.20000000E-01
5.69784273E-01 1.36640193E-01 1.00000000E+03 1.20000000E-01
6.17993009E-01 2.12506531E-01 1.00000000E+03 1.20000000E-01
6.70280627E-01 2.42352906E-01 1.00000000E+03 1.20000000E-01
7.26992234E-01 2.57355110E-01 1.00000000E+03 1.20000000E-01
7.88502140E-01 2.64724001E-01 1.00000000E+03 1.20000000E-01
8.55216323E-01 2.68668946E-01 1.00000000E+03 1.20000000E-01
9.27575109E-01 2.68233434E-01 1.00000000E+03 1.20000000E-01
1.00605608E+00 2.66702871E-01 1.00000000E+03 1.20000000E-01
1.09117723E+00 2.62070448E-01 1.00000000E+03 1.20000000E-01
1.18350038E+00 2.57749935E-01 1.00000000E+03 1.20000000E-01
1.28363487E+00 2.51031862E-01 1.00000000E+03 1.20000000E-01
1.39224161E+00 2.44784151E-01 1.00000000E+03 1.20000000E-01
1.51003744E+00 2.35321026E-01 1.00000000E+03 1.20000000E-01
1.63779982E+00 2.26191454E-01 1.00000000E+03 1.20000000E-01
1.77637202E+00 2.15860040E-01 1.00000000E+03 1.20000000E-01
1.92666864E+00 2.07731505E-01 1.00000000E+03 1.20000000E-01
2.08968167E+00 1.99923121E-01 1.00000000E+03 1.20000000E-01
2.26648703E+00 1.93156102E-01 1.00000000E+03 1.20000000E-01
2.45825167E+00 1.86485047E-01 1.00000000E+03 1.20000000E-01
2.66624128E+00 1.79470977E-01 1.00000000E+03 1.20000000E-01
2.89182863E+00 1.73523111E-01 1.00000000E+03 1.20000000E-01
3.13650264E+00 1.67138127E-01 1.00000000E+03 1.20000000E-01
3.40187821E+00 1.60985785E-01 1.00000000E+03 1.20000000E-01
3.68970689E+00 1.55212707E-01 1.00000000E+03 1.20000000E-01
4.00188838E+00 1.49106747E-01 1.00000000E+03 1.20000000E-01
4.34048317E+00 1.43771690E-01 1.00000000E+03 1.20000000E-01
4.70772603E+00 1.38064494E-01 1.00000000E+03 1.20000000E-01
5.10604086E+00 1.32910412E-01 1.00000000E+03 1.20000000E-01
5.53805661E+00 1.27678451E-01 1.00000000E+03 1.20000000E-01
6.00662467E+00 1.22537543E-01 1.00000000E+03 1.20000000E-01
6.51483769E+00 1.17863756E-01 1.00000000E+03 1.20000000E-01
7.06604998E+00 1.12832142E-01 1.00000000E+03 1.20000000E-01
7.66389965E+00 1.08601670E-01 1.00000000E+03 1.20000000E-01
8.31233264E+00 1.03900102E-01 1.00000000E+03 1.20000000E-01
9.01562874E+00 9.99247166E-02 1.00000000E+03 1.20000000E-01
9.77842984E+00 9.57029185E-02 1.00000000E+03 1.20000000E-01
1.06057706E+01 9.18480616E-02 1.00000000E+03 1.20000000E-01
1.15031116E+01 8.80491904E-02 1.00000000E+03 1.20000000E-01
1.24763755E+01 8.43370750E-02 1.00000000E+03 1.20000000E-01
1.35319861E+01 8.09091848E-02 1.00000000E+03 1.20000000E-01
1.46769106E+01 7.73687815E-02 1.00000000E+03 1.20000000E-01
1.59187057E+01 7.42822732E-02 1.00000000E+03 1.20000000E-01
1.72655675E+01 7.09318537E-02 1.00000000E+03 1.20000000E-01
1.87263856E+01 6.81484309E-02 1.00000000E+03 1.20000000E-01
2.03108017E+01 6.50074505E-02 1.00000000E+03 1.20000000E-01
2.20292733E+01 6.24837716E-02 1.00000000E+03 1.20000000E-01
2.38931427E+01 5.96618996E-02 1.00000000E+03 1.20000000E-01
2.59147117E+01 5.72569507E-02 1.00000000E+03 1.20000000E-01
2.81073231E+01 5.46977107E-02 1.00000000E+03 1.20000000E-01
3.04854486E+01 5.24312104E-02 1.00000000E+03 1.20000000E-01
3.30647844E+01 5.01120751E-02 1.00000000E+03 1.20000000E-01
3.58623546E+01 4.79801999E-02 1.00000000E+03 1.20000000E-01
3.88966236E+01 4.58772915E-02 1.00000000E+03 1.20000000E-01
4.21876184E+01 4.38774564E-02 1.00000000E+03 1.20000000E-01
4.57570602E+01 4.19638956E-02 1.00000000E+03 1.20000000E-01
4.96285080E+01 4.00948127E-02 1.00000000E+03 1.20000000E-01
5.38275141E+01 3.83434159E-02 1.00000000E+03 1.20000000E-01
5.83817930E+01 3.66006859E-02 1.00000000E+03 1.20000000E-01
6.33214036E+01 3.49900745E-02 1.00000000E+03 1.20000000E-01
6.86789486E+01 3.33661555E-02 1.00000000E+03 1.20000000E-01
7.44897888E+01 3.18758419E-02 1.00000000E+03 1.20000000E-01
8.07922769E+01 3.03719103E-02 1.00000000E+03 1.20000000E-01
8.76280106E+01 2.89668534E-02 1.00000000E+03 1.20000000E-01
9.50421073E+01 2.75853597E-02 1.00000000E+03 1.20000000E-01
1.03083501E+02 2.62472907E-02 1.00000000E+03 1.20000000E-01
1.11805268E+02 2.49747586E-02 1.00000000E+03 1.20000000E-01
1.21264972E+02 2.36761488E-02 1.00000000E+03 1.20000000E-01
1.31525050E+02 2.25221992E-02 1.00000000E+03 1.20000000E-01
1.42653221E+02 2.12603032E-02 1.00000000E+03 1.20000000E-01
1.54722932E+02 2.01732063E-02 1.00000000E+03 1.20000000E-01
1.67813846E+02 1.90259177E-02 1.00000000E+03 1.20000000E-01
1.82012366E+02 1.78820761E-02 1.00000000E+03 1.20000000E-01
1.97412205E+02 1.68299691E-02 1.00000000E+03 1.20000000E-01
2.14115006E+02 1.57109107E-02 1.00000000E+03 1.20000000E-01
2.32231009E+02 1.45220692E-02 1.00000000E+03 1.20000000E-01
2.51879785E+02 1.31384879E-02 1.00000000E+03 1.20000000E-01
2.73191019E+02 1.11005734E-02 1.00000000E+03 1.20000000E-01
2.96305371E+02 7.35810592E-03 1.00000000E+03 1.20000000E-01
3.21375399E+02 2.95222523E-03 1.00000000E+03 1.20000000E-01
3.48566570E+02 1.08230086E-03 1.00000000E+03 1.20000000E-01
3.78058353E+02 4.20821252E-04 1.00000000E+03 1.20000000E-01
4.10045398E+02 1.72116102E-04 1.00000000E+03 1.20000000E-01
4.44738828E+02 7.34938898E-05 1.00000000E+03 1.20000000E-01
4.82367626E+02 3.19322803E-05 1.00000000E+03 1.20000000E-01
5.23180149E+02 4.49187856E-03 1.00000000E+03 1.20000000E-01
5.67445768E+02 6.46717359E-03 1.00000000E+03 1.20000000E-01
6.15456647E+02 7.89770147E-03 1.00000000E+03 1.20000000E-01
6.67529666E+02 9.06893960E-03 1.00000000E+03 1.20000000E-01
7.24008518E+02 1.00812561E-02 1.00000000E+03 1.20000000E-01
7.85265976E+02 1.10187580E-02 1.00000000E+03 1.20000000E-01
8.51706350E+02 1.18307236E-02 1.00000000E+03 1.20000000E-01
9.23768162E+02 1.18692258E-02 1.00000000E+03 1.20000000E-01
1.00192703E+03 9.24155679E-03 1.00000000E+03 1.20000000E-01
1.08669883E+03 1.05832848E-02 1.00000000E+03 1.20000000E-01
1.17864306E+03 1.13160530E-02 1.00000000E+03 1.20000000E-01
1.27836658E+03 1.19477863E-02 1.00000000E+03 1.20000000E-01
1.38652758E+03 1.25068690E-02 1.00000000E+03 1.20000000E-01
1.50383995E+03 1.30543774E-02 1.00000000E+03 1.20000000E-01
1.63107798E+03 1.35564273E-02 1.00000000E+03 1.20000000E-01
1.76908145E+03 1.41293172E-02 1.00000000E+03 1.20000000E-01
1.91876122E+03 1.46192979E-02 1.00000000E+03 1.20000000E-01
2.08110522E+03 1.52119206E-02 1.00000000E+03 1.20000000E-01
2.25718493E+03 1.57686722E-02 1.00000000E+03 1.20000000E-01
2.44816253E+03 1.63071402E-02 1.00000000E+03 1.20000000E-01
2.65529851E+03 1.69479445E-02 1.00000000E+03 1.20000000E-01
2.87996001E+03 1.75104090E-02 1.00000000E+03 1.20000000E-01
3.12362983E+03 1.81530207E-02 1.00000000E+03 1.20000000E-01
3.38791625E+03 1.88126312E-02 1.00000000E+03 1.20000000E-01
3.67456362E+03 1.93946936E-02 1.00000000E+03 1.20000000E-01
3.98546386E+03 2.01525934E-02 1.00000000E+03 1.20000000E-01
4.32266899E+03 2.08391561E-02 1.00000000E+03 1.20000000E-01
4.68840462E+03 2.15170974E-02 1.00000000E+03 1.20000000E-01
5.08508469E+03 2.23348992E-02 1.00000000E+03 1.20000000E-01
5.51532736E+03 2.30573358E-02 1.00000000E+03 1.20000000E-01
5.98197233E+03 2.38570860E-02 1.00000000E+03 1.20000000E-01
6.48809954E+03 2.47220748E-02 1.00000000E+03 1.20000000E-01
7.03704955E+03 2.54867940E-02 1.00000000E+03 1.20000000E-01
7.63244553E+03 2.64262827E-02 1.00000000E+03 1.20000000E-01
8.27821723E+03 2.73448509E-02 1.00000000E+03 1.20000000E-01
8.97862686E+03 2.81604670E-02 1.00000000E+03 1.20000000E-01
9.73829728E+03 2.92539131E-02 1.00000000E+03 1.20000000E-01
1.05622425E+04 3.02318179E-02 1.00000000E+03 1.20000000E-01
