3.03060644E-04 2.83793479E-05 1.01020215E-03 1.20000000E-01
3.28702227E-04 3.27723145E-05 1.09567409E-03 1.20000000E-01
3.56513312E-04 3.78905775E-05 1.18837771E-03 1.20000000E-01
3.86677459E-04 4.38055388E-05 1.28892486E-03 1.20000000E-01
4.19393756E-04 5.06098979E-05 1.39797919E-03 1.20000000E-01
4.54878139E-04 5.85787812E-05 1.51626046E-03 1.20000000E-01
4.93364810E-04 6.76187265E-05 1.64454937E-03 1.20000000E-01
5.35107792E-04 7.83359447E-05 1.78369264E-03 1.20000000E-01
5.80382594E-04 8.99380587E-05 1.93460865E-03 1.20000000E-01
6.29488042E-04 1.03949499E-04 2.09829347E-03 1.20000000E-01
6.82748239E-04 1.19686698E-04 2.27582746E-03 1.20000000E-01
7.40514716E-04 1.40461187E-04 2.46838239E-03 1.20000000E-01
8.03168743E-04 1.61334720E-04 2.67722914E-03 1.20000000E-01
8.71123848E-04 1.83991014E-04 2.90374616E-03 1.20000000E-01
9.44828550E-04 2.08207365E-04 3.14942850E-03 1.20000000E-01
1.02476931E-03 2.34201782E-04 3.41589772E-03 1.20000000E-01
1.11147377E-03 2.60483892E-04 3.70491256E-03 1.20000000E-01
1.20551418E-03 2.87134961E-04 4.01838059E-03 1.20000000E-01
1.30751123E-03 3.23809656E-04 4.35837076E-03 1.20000000E-01
1.41813812E-03 3.50574549E-04 4.72712707E-03 1.20000000E-01
1.53812502E-03 3.89613484E-04 5.12708340E-03 1.20000000E-01
1.66826386E-03 4.31704816E-04 5.56087953E-03 1.20000000E-01
1.80941358E-03 4.76991288E-04 6.03137861E-03 1.20000000E-01
1.96250581E-03 5.06166885E-04 6.54168603E-03 1.20000000E-01
2.12855098E-03 5.56411526E-04 7.09516992E-03 1.20000000E-01
2.30864502E-03 6.11496421E-04 7.69548340E-03 1.20000000E-01
2.50397659E-03 6.73127019E-04 8.34658865E-03 1.20000000E-01
2.71583493E-03 7.40056835E-04 9.05278310E-03 1.20000000E-01
2.94561834E-03 7.86408482E-04 9.81872778E-03 1.20000000E-01
3.19484343E-03 8.63214700E-04 1.06494781E-02 1.20000000E-01
3.46515514E-03 9.46432508E-04 1.15505171E-02 1.20000000E-01
3.75833760E-03 1.00578987E-03 1.25277920E-02 1.20000000E-01
4.07632585E-03 1.09723661E-03 1.35877528E-02 1.20000000E-01
4.42121870E-03 1.16746128E-03 1.47373957E-02 1.20000000E-01
4.79529250E-03 1.24214557E-03 1.59843083E-02 1.20000000E-01
5.20101622E-03 1.34280091E-03 1.73367207E-02 1.20000000E-01
5.64106771E-03 1.42413910E-03 1.88035590E-02 1.20000000E-01
6.11835141E-03 1.51111354E-03 2.03945047E-02 1.20000000E-01
6.63601749E-03 1.62144141E-03 2.21200583E-02 1.20000000E-01
7.19748265E-03 1.71272271E-03 2.39916088E-02 1.20000000E-01
7.80645268E-03 1.81038676E-03 2.60215089E-02 1.20000000E-01
8.46694690E-03 1.90609865E-03 2.82231563E-02 1.20000000E-01
9.18332472E-03 2.01461720E-03 3.06110824E-02 1.20000000E-01
9.96031437E-03 2.11911876E-03 3.32010479E-02 1.20000000E-01
1.08030441E-02 2.23537810E-03 3.60101471E-02 1.20000000E-01
1.17170762E-02 2.36022660E-03 3.90569208E-02 1.20000000E-01
1.27084434E-02 2.47954201E-03 4.23614781E-02 1.20000000E-01
1.37836890E-02 2.60716027E-03 4.59456299E-02 1.20000000E-01
1.49499097E-02 2.73334156E-03 4.98330323E-02 1.20000000E-01
1.62148029E-02 2.88052052E-03 5.40493430E-02 1.20000000E-01
1.75867172E-02 3.01292125E-03 5.86223905E-02 1.20000000E-01
1.90747074E-02 3.16441552E-03 6.35823579E-02 1.20000000E-01
2.06885946E-02 3.30235691E-03 6.89619818E-02 1.20000000E-01
2.24390307E-02 3.46692465E-03 7.47967691E-02 1.20000000E-01
2.43375691E-02 3.62578321E-03 8.11252304E-02 1.20000000E-01
2.63967405E-02 3.80094786E-03 8.79891350E-02 1.20000000E-01
2.86301358E-02 3.96220644E-03 9.54337859E-02 1.20000000E-01
3.10524958E-02 4.14323388E-03 1.03508319E-01 1.20000000E-01
3.36798088E-02 4.32304833E-03 1.12266029E-01 1.20000000E-01
3.65294154E-02 4.50179427E-03 1.21764718E-01 1.20000000E-01
3.96201237E-02 4.68685783E-03 1.32067079E-01 1.20000000E-01
4.29723329E-02 4.84801693E-03 1.43241110E-01 1.20000000E-01
4.66081684E-02 5.03478147E-03 1.55360561E-01 1.20000000E-01
5.05516274E-02 5.18498604E-03 1.68505425E-01 1.20000000E-01
5.48287375E-02 5.31032396E-03 1.82762458E-01 1.20000000E-01
5.94677286E-02 5.44279913E-03 1.98225762E-01 1.20000000E-01
6.44992189E-02 5.54205499E-03 2.14997396E-01 1.20000000E-01
6.99564173E-02 5.56556145E-03 2.33188058E-01 1.20000000E-01
7.58753425E-02 5.56353077E-03 2.52917808E-01 1.20000000E-01
8.22950606E-02 5.50018835E-03 2.74316869E-01 1.20000000E-01
8.92579430E-02 5.36954516E-03 2.97526477E-01 1.20000000E-01
9.68099462E-02 5.16210051E-03 3.22699821E-01 1.20000000E-01
1.05000915E-01 4.62935327E-03 3.50003050E-01 1.20000000E-01
1.13884911E-01 4.14183433E-03 3.79616371E-01 1.20000000E-01
1.23520572E-01 3.71168404E-03 4.11735239E-01 1.20000000E-01
1.33971493E-01 3.23504584E-03 4.46571644E-01 1.20000000E-01
1.45306654E-01 2.65169978E-03 4.84355514E-01 1.20000000E-01
1.57600869E-01 1.97969886E-03 5.25336230E-01 1.20000000E-01
1.70935282E-01 1.35959270E-03 5.69784273E-01 1.20000000E-01
1.85397903E-01 9.35503846E-04 6.17993009E-01 1.20000000E-01
2.01084188E-01 6.91679176E-04 6.70280627E-01 1.20000000E-01
2.18097670E-01 5.65800738E-04 7.26992234E-01 1.20000000E-01
2.36550642E-01 5.05277643E-04 7.88502140E-01 1.20000000E-01
2.56564897E-01 4.81121477E-04 8.55216323E-01 1.20000000E-01
2.78272533E-01 4.79279390E-04 9.27575109E-01 1.20000000E-01
3.01816825E-01 4.93464442E-04 1.00605608E+00 1.20000000E-01
3.27353170E-01 5.17336961E-04 1.09117723E+00 1.20000000E-01
3.55050113E-01 5.52297338E-04 1.18350038E+00 1.20000000E-01
3.85090460E-01 5.95151777E-04 1.28363487E+00 1.20000000E-01
4.17672483E-01 6.46816228E-04 1.39224161E+00 1.20000000E-01
4.53011231E-01 7.07879545E-04 1.51003744E+00 1.20000000E-01
4.91339946E-01 7.78823968E-04 1.63779982E+00 1.20000000E-01
5.32911606E-01 8.60261663E-04 1.77637202E+00 1.20000000E-01
5.78000592E-01 9.52532312E-04 1.92666864E+00 1.20000000E-01
6.26904501E-01 1.05789016E-03 2.08968167E+00 1.20000000E-01
6.79946109E-01 1.17604358E-03 2.26648703E+00 1.20000000E-01
7.37475501E-01 1.30866268E-03 2.45825167E+00 1.20000000E-01
7.99872384E-01 1.45455637E-03 2.66624128E+00 1.20000000E-01
8.67548588E-01 1.61959146E-03 2.89182863E+00 1.20000000E-01
9.40950792E-01 1.79768406E-03 3.13650264E+00 1.20000000E-01
1.02056346E+00 1.98879067E-03 3.40187821E+00 1.20000000E-01
1.10691207E+00 2.13707150E-03 3.68970689E+00 1.20000000E-01
1.20056652E+00 2.30983487E-03 4.00188838E+00 1.20000000E-01
1.30214495E+00 2.45809465E-03 4.34048317E+00 1.20000000E-01
1.41231781E+00 2.58406339E-03 4.70772603E+00 1.20000000E-01
1.53181226E+00 2.68177711E-03 5.10604086E+00 1.20000000E-01
1.66141698E+00 2.73651407E-03 5.53805661E+00 1.20000000E-01
1.80198740E+00 2.74327564E-03 6.00662467E+00 1.20000000E-01
1.95445131E+00 2.85621269E-03 6.51483769E+00 1.20000000E-01
2.11981499E+00 3.01359890E-03 7.06604998E+00 1.20000000E-01
2.29916990E+00 3.05909711E-03 7.66389965E+00 1.20000000E-01
2.49369979E+00 3.09009502E-03 8.31233264E+00 1.20000000E-01
2.70468862E+00 3.18458271E-03 9.01562874E+00 1.20000000E-01
2.93352895E+00 3.40402295E-03 9.77842984E+00 1.20000000E-01
3.18173118E+00 3.66708120E-03 1.06057706E+01 1.20000000E-01
3.45093348E+00 3.94416381E-03 1.15031116E+01 1.20000000E-01
3.74291266E+00 4.23345522E-03 1.24763755E+01 1.20000000E-01
4.05959583E+00 4.53141299E-03 1.35319861E+01 1.20000000E-01
4.40307317E+00 4.83848942E-03 1.46769106E+01 1.20000000E-01
4.77561170E+00 5.16385940E-03 1.59187057E+01 1.20000000E-01
5.17967024E+00 5.49619270E-03 1.72655675E+01 1.20000000E-01
5.61791568E+00 5.82349555E-03 1.87263856E+01 1.20000000E-01
6.09324052E+00 6.17725401E-03 2.03108017E+01 1.20000000E-01
6.60878200E+00 6.51807863E-03 2.20292733E+01 1.20000000E-01
7.16794280E+00 6.86399706E-03 2.38931427E+01 1.20000000E-01
7.77441350E+00 7.21105251E-03 2.59147117E+01 1.20000000E-01
8.43219692E+00 7.55818930E-03 2.81073231E+01 1.20000000E-01
9.14563459E+00 7.92284206E-03 3.04854486E+01 1.20000000E-01
9.91943532E+00 8.30160002E-03 3.30647844E+01 1.20000000E-01
1.07587064E+01 8.69292801E-03 3.58623546E+01 1.20000000E-01
1.16689871E+01 9.06380980E-03 3.88966236E+01 1.20000000E-01
1.26562855E+01 9.44794135E-03 4.21876184E+01 1.20000000E-01
1.37271181E+01 9.84805704E-03 4.57570602E+01 1.20000000E-01
1.48885524E+01 1.02400016E-02 4.96285080E+01 1.20000000E-01
1.61482542E+01 1.06997396E-02 5.38275141E+01 1.20000000E-01
1.75145379E+01 1.11131570E-02 5.83817930E+01 1.20000000E-01
1.89964211E+01 1.15907237E-02 6.33214036E+01 1.20000000E-01
2.06036846E+01 1.20327149E-02 6.86789486E+01 1.20000000E-01
2.23469366E+01 1.25080790E-02 7.44897888E+01 1.20000000E-01
2.42376831E+01 1.30022374E-02 8.07922769E+01 1.20000000E-01
2.62884032E+01 1.34618862E-02 8.76280106E+01 1.20000000E-01
2.85126322E+01 1.40203755E-02 9.50421073E+01 1.20000000E-01
3.09250504E+01 1.45226487E-02 1.03083501E+02 1.20000000E-01
3.35415804E+01 1.50863593E-02 1.11805268E+02 1.20000000E-01
3.63794916E+01 1.56612243E-02 1.21264972E+02 1.20000000E-01
3.94575150E+01 1.61934601E-02 1.31525050E+02 1.20000000E-01
4.27959662E+01 1.68587648E-02 1.42653221E+02 1.20000000E-01
4.64168795E+01 1.74536740E-02 1.54722932E+02 1.20000000E-01
5.03441537E+01 1.81075402E-02 1.67813846E+02 1.20000000E-01
5.46037098E+01 1.88009739E-02 1.82012366E+02 1.20000000E-01
5.92236616E+01 1.94179316E-02 1.97412205E+02 1.20000000E-01
6.42345017E+01 2.02166189E-02 2.14115006E+02 1.20000000E-01
6.96693027E+01 2.09371414E-02 2.32231009E+02 1.20000000E-01
7.55639355E+01 2.17016153E-02 2.51879785E+02 1.20000000E-01
8.19573058E+01 2.25494367E-02 2.73191019E+02 1.20000000E-01
8.88916113E+01 2.33022657E-02 2.96305371E+02 1.20000000E-01
9.64126196E+01 2.42504600E-02 3.21375399E+02 1.20000000E-01
1.04569971E+02 2.51294592E-02 3.48566570E+02 1.20000000E-01
1.13417506E+02 2.60308694E-02 3.78058353E+02 1.20000000E-01
1.23013620E+02 2.70655532E-02 4.10045398E+02 1.20000000E-01
1.33421648E+02 2.79840879E-02 4.44738828E+02 1.20000000E-01
1.44710288E+02 2.91110220E-02 4.82367626E+02 1.20000000E-01
1.56954045E+02 3.01951105E-02 5.23180149E+02 1.20000000E-01
1.70233730E+02 3.12661992E-02 5.67445768E+02 1.20000000E-01
1.84636994E+02 3.25340871E-02 6.15456647E+02 1.20000000E-01
2.00258900E+02 3.36503674E-02 6.67529666E+02 1.20000000E-01
2.17202555E+02 3.50082146E-02 7.24008518E+02 1.20000000E-01
2.35579793E+02 3.63193881E-02 7.85265976E+02 1.20000000E-01
2.55511905E+02 3.76106124E-02 8.51706350E+02 1.20000000E-01
2.77130449E+02 3.91477733E-02 9.23768162E+02 1.20000000E-01
3.00578110E+02 4.04994322E-02 1.00192703E+03 1.20000000E-01
3.26009649E+02 4.21433565E-02 1.08669883E+03 1.20000000E-01
3.53592919E+02 4.37359589E-02 1.17864306E+03 1.20000000E-01
3.83509975E+02 4.53076913E-02 1.27836658E+03 1.20000000E-01
4.15958275E+02 4.71829708E-02 1.38652758E+03 1.20000000E-01
4.51151986E+02 4.88298071E-02 1.50383995E+03 1.20000000E-01
4.89323393E+02 5.08717453E-02 1.63107798E+03 1.20000000E-01
5.30724434E+02 5.28070623E-02 1.76908145E+03 1.20000000E-01
5.75628367E+02 5.48071498E-02 1.91876122E+03 1.20000000E-01
6.24331565E+02 5.70844145E-02 2.08110522E+03 1.20000000E-01
6.77155480E+02 5.90766856E-02 2.25718493E+03 1.20000000E-01
7.34448760E+02 6.16908985E-02 2.44816253E+03 1.20000000E-01
7.96589553E+02 6.40191997E-02 2.65529851E+03 1.20000000E-01
8.63988002E+02 6.66583537E-02 2.87996001E+03 1.20000000E-01
9.37088949E+02 6.93769343E-02 3.12362983E+03 1.20000000E-01
1.01637488E+03 7.20171586E-02 3.38791625E+03 1.20000000E-01
1.10236909E+03 7.51650886E-02 3.67456362E+03 1.20000000E-01
1.19563916E+03 7.79228730E-02 3.98546386E+03 1.20000000E-01
1.29680070E+03 8.14558276E-02 4.32266899E+03 1.20000000E-01
1.40652139E+03 8.46273055E-02 4.68840462E+03 1.20000000E-01
1.52552541E+03 8.82342143E-02 5.08508469E+03 1.20000000E-01
1.65459821E+03 9.18893925E-02 5.51532736E+03 1.20000000E-01
1.79459170E+03 9.55703933E-02 5.98197233E+03 1.20000000E-01
1.94642986E+03 9.97769417E-02 6.48809954E+03 1.20000000E-01
2.11111486E+03 1.03500195E-01 7.03704955E+03 1.20000000E-01
2.28973366E+03 1.08309956E-01 7.63244553E+03 1.20000000E-01
2.48346517E+03 1.12474686E-01 8.27821723E+03 1.20000000E-01
2.69358806E+03 1.17595798E-01 8.97862686E+03 1.20000000E-01
2.92148918E+03 1.22355778E-01 9.73829728E+03 1.20000000E-01
3.16867274E+03 1.27624017E-01 1.05622425E+04 1.20000000E-01
