3.03060644E-04 2.83793762E-05 1.01020215E-03 1.20000000E-01
3.28702227E-04 3.27723506E-05 1.09567409E-03 1.20000000E-01
3.56513312E-04 3.78906169E-05 1.18837771E-03 1.20000000E-01
3.86677459E-04 4.38055901E-05 1.28892486E-03 1.20000000E-01
4.19393756E-04 5.06099547E-05 1.39797919E-03 1.20000000E-01
4.54878139E-04 5.85788547E-05 1.51626046E-03 1.20000000E-01
4.93364810E-04 6.76188073E-05 1.64454937E-03 1.20000000E-01
5.35107792E-04 7.83360465E-05 1.78369264E-03 1.20000000E-01
5.80382594E-04 8.99381759E-05 1.93460865E-03 1.20000000E-01
6.29488042E-04 1.03949632E-04 2.09829347E-03 1.20000000E-01
6.82748239E-04 1.19686866E-04 2.27582746E-03 1.20000000E-01
7.40514716E-04 1.40461436E-04 2.46838239E-03 1.20000000E-01
8.03168743E-04 1.61335015E-04 2.67722914E-03 1.20000000E-01
8.71123848E-04 1.83991532E-04 2.90374616E-03 1.20000000E-01
9.44828550E-04 2.08207989E-04 3.14942850E-03 1.20000000E-01
1.02476931E-03 2.34202383E-04 3.41589772E-03 1.20000000E-01
1.11147377E-03 2.60484744E-04 3.70491256E-03 1.20000000E-01
1.20551418E-03 2.87135708E-04 4.01838059E-03 1.20000000E-01
1.30751123E-03 3.23810655E-04 4.35837076E-03 1.20000000E-01
1.41813812E-03 3.50575372E-04 4.72712707E-03 1.20000000E-01
1.53812502E-03 3.89614654E-04 5.12708340E-03 1.20000000E-01
1.66826386E-03 4.31706251E-04 5.56087953E-03 1.20000000E-01
1.80941358E-03 4.76993149E-04 6.03137861E-03 1.20000000E-01
1.96250581E-03 5.06168263E-04 6.54168603E-03 1.20000000E-01
2.12855098E-03 5.56413048E-04 7.09516992E-03 1.20000000E-01
2.30864502E-03 6.11498159E-04 7.69548340E-03 1.20000000E-01
2.50397659E-03 6.73129001E-04 8.34658865E-03 1.20000000E-01
2.71583493E-03 7.40059033E-04 9.05278310E-03 1.20000000E-01
2.94561834E-03 7.86410321E-04 9.81872778E-03 1.20000000E-01
3.19484343E-03 8.63216738E-04 1.06494781E-02 1.20000000E-01
3.46515514E-03 9.46434839E-04 1.15505171E-02 1.20000000E-01
3.75833760E-03 1.00579195E-03 1.25277920E-02 1.20000000E-01
4.07632585E-03 1.09723891E-03 1.35877528E-02 1.20000000E-01
4.42121870E-03 1.16746312E-03 1.47373957E-02 1.20000000E-01
4.79529250E-03 1.24214717E-03 1.59843083E-02 1.20000000E-01
5.20101622E-03 1.34280297E-03 1.73367207E-02 1.20000000E-01
5.64106771E-03 1.42414059E-03 1.88035590E-02 1.20000000E-01
6.11835141E-03 1.51111495E-03 2.03945047E-02 1.20000000E-01
6.63601749E-03 1.62144332E-03 2.21200583E-02 1.20000000E-01
7.19748265E-03 1.71272447E-03 2.39916088E-02 1.20000000E-01
7.80645268E-03 1.81038852E-03 2.60215089E-02 1.20000000E-01
8.46694690E-03 1.90610017E-03 2.82231563E-02 1.20000000E-01
9.18332472E-03 2.01461868E-03 3.06110824E-02 1.20000000E-01
9.96031437E-03 2.11912034E-03 3.32010479E-02 1.20000000E-01
1.08030441E-02 2.23537940E-03 3.60101471E-02 1.20000000E-01
1.17170762E-02 2.36022811E-03 3.90569208E-02 1.20000000E-01
1.27084434E-02 2.47954324E-03 4.23614781E-02 1.20000000E-01
1.37836890E-02 2.60716159E-03 4.59456299E-02 1.20000000E-01
1.49499097E-02 2.73334265E-03 4.98330323E-02 1.20000000E-01
1.62148029E-02 2.88052185E-03 5.40493430E-02 1.20000000E-01
1.75867172E-02 3.01292233E-03 5.86223905E-02 1.20000000E-01
1.90747074E-02 3.16441672E-03 6.35823579E-02 1.20000000E-01
2.06885946E-02 3.30235786E-03 6.89619818E-02 1.20000000E-01
2.24390307E-02 3.46692571E-03 7.47967691E-02 1.20000000E-01
2.43375691E-02 3.62578411E-03 8.11252304E-02 1.20000000E-01
2.63967405E-02 3.80094889E-03 8.79891350E-02 1.20000000E-01
2.86301358E-02 3.96220721E-03 9.54337859E-02 1.20000000E-01
3.10524958E-02 4.14323466E-03 1.03508319E-01 1.20000000E-01
3.36798088E-02 4.32304880E-03 1.12266029E-01 1.20000000E-01
3.65294154E-02 4.50179442E-03 1.21764718E-01 1.20000000E-01
3.96201237E-02 4.68685733E-03 1.32067079E-01 1.20000000E-01
4.29723329E-02 4.84801499E-03 1.43241110E-01 1.20000000E-01
4.66081684E-02 5.03477791E-03 1.55360561E-01 1.20000000E-01
5.05516274E-02 5.18498007E-03 1.68505425E-01 1.20000000E-01
5.48287375E-02 5.31031015E-03 1.82762458E-01 1.20000000E-01
5.94677286E-02 5.44278143E-03 1.98225762E-01 1.20000000E-01
6.44992189E-02 5.54540268E-03 2.14997396E-01 1.20000000E-01
6.99564173E-02 5.56338751E-03 2.33188058E-01 1.20000000E-01
7.58753425E-02 5.56185604E-03 2.52917808E-01 1.20000000E-01
8.22950606E-02 5.49837915E-03 2.74316869E-01 1.20000000E-01
8.92579430E-02 5.36994752E-03 2.97526477E-01 1.20000000E-01
9.68099462E-02 5.15768144E-03 3.22699821E-01 1.20000000E-01
1.05000915E-01 4.62575604E-03 3.50003050E-01 1.20000000E-01
1.13884911E-01 4.13298818E-03 3.79616371E-01 1.20000000E-01
1.23520572E-01 3.70022143E-03 4.11735239E-01 1.20000000E-01
1.33971493E-01 3.21211024E-03 4.46571644E-01 1.20000000E-01
1.45306654E-01 2.60017237E-03 4.84355514E-01 1.20000000E-01
1.57600869E-01 1.86294296E-03 5.25336230E-01 1.20000000E-01
1.70935282E-01 1.15681506E-03 5.69784273E-01 1.20000000E-01
1.85397903E-01 6.61139979E-04 6.17993009E-01 1.20000000E-01
2.01084188E-01 3.58821585E-04 6.70280627E-01 1.20000000E-01
2.18097670E-01 1.89999012E-04 7.26992234E-01 1.20000000E-01
2.36550642E-01 1.05800246E-04 7.88502140E-01 1.20000000E-01
2.56564897E-01 6.90051419E-05 8.55216323E-01 1.20000000E-01
2.78272533E-01 5.46089991E-05 9.27575109E-01 1.20000000E-01
3.01816825E-01 4.88783213E-05 1.00605608E+00 1.20000000E-01
3.27353170E-01 4.72544275E-05 1.09117723E+00 1.20000000E-01
3.55050113E-01 4.80259921E-05 1.18350038E+00 1.20000000E-01
3.85090460E-01 5.02362197E-05 1.28363487E+00 1.20000000E-01
4.17672483E-01 5.36973171E-05 1.39224161E+00 1.20000000E-01
4.53011231E-01 5.81333461E-05 1.51003744E+00 1.20000000E-01
4.91339946E-01 6.35176641E-05 1.63779982E+00 1.20000000E-01
5.32911606E-01 6.98822562E-05 1.77637202E+00 1.20000000E-01
5.78000592E-01 7.73060767E-05 1.92666864E+00 1.20000000E-01
6.26904501E-01 8.57342896E-05 2.08968167E+00 1.20000000E-01
6.79946109E-01 9.51808134E-05 2.26648703E+00 1.20000000E-01
7.37475501E-01 1.05770305E-04 2.45825167E+00 1.20000000E-01
7.99872384E-01 1.17399565E-04 2.66624128E+00 1.20000000E-01
8.67548588E-01 1.30102509E-04 2.89182863E+00 1.20000000E-01
9.40950792E-01 1.42067766E-04 3.13650264E+00 1.20000000E-01
1.02056346E+00 1.52562409E-04 3.40187821E+00 1.20000000E-01
1.10691207E+00 1.56681761E-04 3.68970689E+00 1.20000000E-01
1.20056652E+00 1.60358322E-04 4.00188838E+00 1.20000000E-01
1.30214495E+00 1.62283497E-04 4.34048317E+00 1.20000000E-01
1.41231781E+00 1.64572168E-04 4.70772603E+00 1.20000000E-01
1.53181226E+00 1.74180923E-04 5.10604086E+00 1.20000000E-01
1.66141698E+00 1.82787574E-04 5.53805661E+00 1.20000000E-01
1.80198740E+00 1.85278371E-04 6.00662467E+00 1.20000000E-01
1.95445131E+00 1.87325885E-04 6.51483769E+00 1.20000000E-01
2.11981499E+00 1.97203504E-04 7.06604998E+00 1.20000000E-01
2.29916990E+00 2.15504387E-04 7.66389965E+00 1.20000000E-01
2.49369979E+00 2.38369328E-04 8.31233264E+00 1.20000000E-01
2.70468862E+00 2.64709633E-04 9.01562874E+00 1.20000000E-01
2.93352895E+00 2.94236506E-04 9.77842984E+00 1.20000000E-01
3.18173118E+00 3.28063067E-04 1.06057706E+01 1.20000000E-01
3.45093348E+00 3.67490413E-04 1.15031116E+01 1.20000000E-01
3.74291266E+00 4.12248898E-04 1.24763755E+01 1.20000000E-01
4.05959583E+00 4.62835676E-04 1.35319861E+01 1.20000000E-01
4.40307317E+00 5.19812050E-04 1.46769106E+01 1.20000000E-01
4.77561170E+00 5.86059725E-04 1.59187057E+01 1.20000000E-01
5.17967024E+00 6.59739242E-04 1.72655675E+01 1.20000000E-01
5.61791568E+00 7.39682269E-04 1.87263856E+01 1.20000000E-01
6.09324052E+00 8.27689706E-04 2.03108017E+01 1.20000000E-01
6.60878200E+00 9.28478633E-04 2.20292733E+01 1.20000000E-01
7.16794280E+00 1.04164228E-03 2.38931427E+01 1.20000000E-01
7.77441350E+00 1.17276491E-03 2.59147117E+01 1.20000000E-01
8.43219692E+00 1.33005992E-03 2.81073231E+01 1.20000000E-01
9.14563459E+00 1.49820643E-03 3.04854486E+01 1.20000000E-01
9.91943532E+00 1.67433040E-03 3.30647844E+01 1.20000000E-01
1.07587064E+01 1.87069634E-03 3.58623546E+01 1.20000000E-01
1.16689871E+01 2.09079478E-03 3.88966236E+01 1.20000000E-01
1.26562855E+01 2.34894099E-03 4.21876184E+01 1.20000000E-01
1.37271181E+01 2.66403862E-03 4.57570602E+01 1.20000000E-01
1.48885524E+01 3.00221328E-03 4.96285080E+01 1.20000000E-01
1.61482542E+01 3.34452736E-03 5.38275141E+01 1.20000000E-01
1.75145379E+01 3.72035855E-03 5.83817930E+01 1.20000000E-01
1.89964211E+01 4.13176939E-03 6.33214036E+01 1.20000000E-01
2.06036846E+01 4.56833946E-03 6.86789486E+01 1.20000000E-01
2.23469366E+01 5.02872250E-03 7.44897888E+01 1.20000000E-01
2.42376831E+01 5.51018091E-03 8.07922769E+01 1.20000000E-01
2.62884032E+01 6.00351399E-03 8.76280106E+01 1.20000000E-01
2.85126322E+01 6.50710562E-03 9.50421073E+01 1.20000000E-01
3.09250504E+01 7.02107486E-03 1.03083501E+02 1.20000000E-01
3.35415804E+01 7.55753622E-03 1.11805268E+02 1.20000000E-01
3.63794916E+01 8.09397693E-03 1.21264972E+02 1.20000000E-01
3.94575150E+01 8.62302884E-03 1.31525050E+02 1.20000000E-01
4.27959662E+01 9.15821135E-03 1.42653221E+02 1.20000000E-01
4.64168795E+01 9.71167352E-03 1.54722932E+02 1.20000000E-01
5.03441537E+01 1.02486964E-02 1.67813846E+02 1.20000000E-01
5.46037098E+01 1.08175374E-02 1.82012366E+02 1.20000000E-01
5.92236616E+01 1.13737835E-02 1.97412205E+02 1.20000000E-01
6.42345017E+01 1.19474328E-02 2.14115006E+02 1.20000000E-01
6.96693027E+01 1.25301525E-02 2.32231009E+02 1.20000000E-01
7.55639355E+01 1.31150810E-02 2.51879785E+02 1.20000000E-01
8.19573058E+01 1.37132741E-02 2.73191019E+02 1.20000000E-01
8.88916113E+01 1.43280260E-02 2.96305371E+02 1.20000000E-01
9.64126196E+01 1.49373888E-02 3.21375399E+02 1.20000000E-01
1.04569971E+02 1.55904496E-02 3.48566570E+02 1.20000000E-01
1.13417506E+02 1.61954652E-02 3.78058353E+02 1.20000000E-01
1.23013620E+02 1.69080294E-02 4.10045398E+02 1.20000000E-01
1.33421648E+02 1.75460477E-02 4.44738828E+02 1.20000000E-01
1.44710288E+02 1.82728925E-02 4.82367626E+02 1.20000000E-01
1.56954045E+02 1.89764327E-02 5.23180149E+02 1.20000000E-01
1.70233730E+02 1.96782194E-02 5.67445768E+02 1.20000000E-01
1.84636994E+02 2.04654787E-02 6.15456647E+02 1.20000000E-01
2.00258900E+02 2.11712020E-02 6.67529666E+02 1.20000000E-01
2.17202555E+02 2.20036735E-02 7.24008518E+02 1.20000000E-01
2.35579793E+02 2.28003336E-02 7.85265976E+02 1.20000000E-01
2.55511905E+02 2.35718524E-02 8.51706350E+02 1.20000000E-01
2.77130449E+02 2.44938269E-02 9.23768162E+02 1.20000000E-01
3.00578110E+02 2.53168415E-02 1.00192703E+03 1.20000000E-01
3.26009649E+02 2.62335459E-02 1.08669883E+03 1.20000000E-01
3.53592919E+02 2.71951905E-02 1.17864306E+03 1.20000000E-01
3.83509975E+02 2.80601780E-02 1.27836658E+03 1.20000000E-01
4.15958275E+02 2.91467341E-02 1.38652758E+03 1.20000000E-01
4.51151986E+02 3.01623917E-02 1.50383995E+03 1.20000000E-01
4.89323393E+02 3.11581380E-02 1.63107798E+03 1.20000000E-01
5.30724434E+02 3.23628816E-02 1.76908145E+03 1.20000000E-01
5.75628367E+02 3.34465903E-02 1.91876122E+03 1.20000000E-01
6.24331565E+02 3.46584780E-02 2.08110522E+03 1.20000000E-01
6.77155480E+02 3.59512038E-02 2.25718493E+03 1.20000000E-01
7.34448760E+02 3.70995188E-02 2.44816253E+03 1.20000000E-01
7.96589553E+02 3.85837352E-02 2.65529851E+03 1.20000000E-01
8.63988002E+02 3.99475673E-02 2.87996001E+03 1.20000000E-01
9.37088949E+02 4.13350885E-02 3.12362983E+03 1.20000000E-01
1.01637488E+03 4.29616373E-02 3.38791625E+03 1.20000000E-01
1.10236909E+03 4.44053206E-02 3.67456362E+03 1.20000000E-01
1.19563916E+03 4.61433794E-02 3.98546386E+03 1.20000000E-01
1.29680070E+03 4.78552050E-02 4.32266899E+03 1.20000000E-01
1.40652139E+03 4.94933367E-02 4.68840462E+03 1.20000000E-01
1.52552541E+03 5.15221104E-02 5.08508469E+03 1.20000000E-01
1.65459821E+03 5.33221871E-02 5.51532736E+03 1.20000000E-01
1.79459170E+03 5.54125082E-02 5.98197233E+03 1.20000000E-01
1.94642986E+03 5.75357747E-02 6.48809954E+03 1.20000000E-01
2.11111486E+03 5.95330147E-02 7.03704955E+03 1.20000000E-01
2.28973366E+03 6.20501012E-02 7.63244553E+03 1.20000000E-01
2.48346517E+03 6.42542799E-02 8.27821723E+03 1.20000000E-01
2.69358806E+03 6.68580053E-02 8.97862686E+03 1.20000000E-01
2.92148918E+03 6.94500700E-02 9.73829728E+03 1.20000000E-01
3.16867274E+03 7.19825383E-02 1.05622425E+04 1.20000000E-01
