2.02040429E-04 5.68193746E-04 1.01020215E-03 1.20000000E-01
2.19134818E-04 5.95147384E-04 1.09567409E-03 1.20000000E-01
2.37675541E-04 6.20018822E-04 1.18837771E-03 1.20000000E-01
2.57784972E-04 6.48521140E-04 1.28892486E-03 1.20000000E-01
2.79595837E-04 6.76358271E-04 1.39797919E-03 1.20000000E-01
3.03252092E-04 7.06473534E-04 1.51626046E-03 1.20000000E-01
3.28909874E-04 7.37718771E-04 1.64454937E-03 1.20000000E-01
3.56738528E-04 7.69364442E-04 1.78369264E-03 1.20000000E-01
3.86921729E-04 8.04444447E-04 1.93460865E-03 1.20000000E-01
4.19658694E-04 8.37562847E-04 2.09829347E-03 1.20000000E-01
4.55165493E-04 8.76944236E-04 2.27582746E-03 1.20000000E-01
4.93676477E-04 9.11395991E-04 2.46838239E-03 1.20000000E-01
5.35445828E-04 9.55565146E-04 2.67722914E-03 1.20000000E-01
5.80749232E-04 9.93288316E-04 2.90374616E-03 1.20000000E-01
6.29885700E-04 1.04030534E-03 3.14942850E-03 1.20000000E-01
6.83179543E-04 1.08253930E-03 3.41589772E-03 1.20000000E-01
7.40982512E-04 1.13102396E-03 3.70491256E-03 1.20000000E-01
8.03676118E-04 1.17809506E-03 4.01838059E-03 1.20000000E-01
8.71674152E-04 1.22689949E-03 4.35837076E-03 1.20000000E-01
9.45425415E-04 1.27898057E-03 4.72712707E-03 1.20000000E-01
1.02541668E-03 1.32626423E-03 5.12708340E-03 1.20000000E-01
1.11217591E-03 1.38419695E-03 5.56087953E-03 1.20000000E-01
1.20627572E-03 1.43381787E-03 6.03137861E-03 1.20000000E-01
1.30833721E-03 1.49254765E-03 6.54168603E-03 1.20000000E-01
1.41903398E-03 1.54906451E-03 7.09516992E-03 1.20000000E-01
1.53909668E-03 1.60392811E-03 7.69548340E-03 1.20000000E-01
1.66931773E-03 1.66935556E-03 8.34658865E-03 1.20000000E-01
1.81055662E-03 1.72684781E-03 9.05278310E-03 1.20000000E-01
1.96374556E-03 1.79610386E-03 9.81872778E-03 1.20000000E-01
2.12989562E-03 1.86413678E-03 1.06494781E-02 1.20000000E-01
2.31010343E-03 1.93114075E-03 1.15505171E-02 1.20000000E-01
2.50555840E-03 2.01203694E-03 1.25277920E-02 1.20000000E-01
2.71755057E-03 2.08347042E-03 1.35877528E-02 1.20000000E-01
2.94747913E-03 2.17264902E-03 1.47373957E-02 1.20000000E-01
3.19686167E-03 2.25698587E-03 1.59843083E-02 1.20000000E-01
3.46734414E-03 2.34742846E-03 1.73367207E-02 1.20000000E-01
3.76071181E-03 2.44674031E-03 1.88035590E-02 1.20000000E-01
4.07890094E-03 2.53836510E-03 2.03945047E-02 1.20000000E-01
4.42401166E-03 2.65410605E-03 2.21200583E-02 1.20000000E-01
4.79832177E-03 2.75447342E-03 2.39916088E-02 1.20000000E-01
5.20430179E-03 2.88064904E-03 2.60215089E-02 1.20000000E-01
5.64463127E-03 2.99687808E-03 2.82231563E-02 1.20000000E-01
6.12221648E-03 3.12837200E-03 3.06110824E-02 1.20000000E-01
6.64020958E-03 3.26116891E-03 3.32010479E-02 1.20000000E-01
7.20202943E-03 3.39833958E-03 3.60101471E-02 1.20000000E-01
7.81138415E-03 3.55006687E-03 3.90569208E-02 1.20000000E-01
8.47229562E-03 3.69233010E-03 4.23614781E-02 1.20000000E-01
9.18912598E-03 3.86491695E-03 4.59456299E-02 1.20000000E-01
9.96660647E-03 4.01282170E-03 4.98330323E-02 1.20000000E-01
1.08098686E-02 4.20774863E-03 5.40493430E-02 1.20000000E-01
1.17244781E-02 4.37540749E-03 5.86223905E-02 1.20000000E-01
1.27164716E-02 4.58141707E-03 6.35823579E-02 1.20000000E-01
1.37923964E-02 4.77084226E-03 6.89619818E-02 1.20000000E-01
1.49593538E-02 4.98719765E-03 7.47967691E-02 1.20000000E-01
1.62250461E-02 5.20093676E-03 8.11252304E-02 1.20000000E-01
1.75978270E-02 5.42810726E-03 8.79891350E-02 1.20000000E-01
1.90867572E-02 5.66844585E-03 9.54337859E-02 1.20000000E-01
2.07016639E-02 5.90710727E-03 1.03508319E-01 1.20000000E-01
2.24532059E-02 6.17735735E-03 1.12266029E-01 1.20000000E-01
2.43529436E-02 6.42326849E-03 1.21764718E-01 1.20000000E-01
2.64134158E-02 6.72768118E-03 1.32067079E-01 1.20000000E-01
2.86482219E-02 6.98585202E-03 1.43241110E-01 1.20000000E-01
3.10721122E-02 7.31325723E-03 1.55360561E-01 1.20000000E-01
3.37010849E-02 7.59761628E-03 1.68505425E-01 1.20000000E-01
3.65524917E-02 7.91778014E-03 1.82762458E-01 1.20000000E-01
3.96451524E-02 8.22502992E-03 1.98225762E-01 1.20000000E-01
4.29994793E-02 8.50524474E-03 2.14997396E-01 1.20000000E-01
4.66376116E-02 8.82406129E-03 2.33188058E-01 1.20000000E-01
5.05835617E-02 9.08202476E-03 2.52917808E-01 1.20000000E-01
5.48633737E-02 9.30690131E-03 2.74316869E-01 1.20000000E-01
5.95052953E-02 9.54257979E-03 2.97526477E-01 1.20000000E-01
6.45399642E-02 9.70740116E-03 3.22699821E-01 1.20000000E-01
7.00006100E-02 9.80427829E-03 3.50003050E-01 1.20000000E-01
7.59232743E-02 9.82984765E-03 3.79616371E-01 1.20000000E-01
8.23470478E-02 9.77788389E-03 4.11735239E-01 1.20000000E-01
8.93143288E-02 9.63567373E-03 4.46571644E-01 1.20000000E-01
9.68711028E-02 9.32578790E-03 4.84355514E-01 1.20000000E-01
1.05067246E-01 8.46047040E-03 5.25336230E-01 1.20000000E-01
1.13956855E-01 7.73791107E-03 5.69784273E-01 1.20000000E-01
1.23598602E-01 7.26172867E-03 6.17993009E-01 1.20000000E-01
1.34056125E-01 6.80958067E-03 6.70280627E-01 1.20000000E-01
1.45398447E-01 6.35756923E-03 7.26992234E-01 1.20000000E-01
1.57700428E-01 5.93195855E-03 7.88502140E-01 1.20000000E-01
1.71043265E-01 5.49277509E-03 8.55216323E-01 1.20000000E-01
1.85515022E-01 5.03159058E-03 9.27575109E-01 1.20000000E-01
2.01211216E-01 4.54015538E-03 1.00605608E+00 1.20000000E-01
2.18235446E-01 4.00055164E-03 1.09117723E+00 1.20000000E-01
2.36700075E-01 3.40852602E-03 1.18350038E+00 1.20000000E-01
2.56726973E-01 2.70682791E-03 1.28363487E+00 1.20000000E-01
2.78448322E-01 1.79611406E-03 1.39224161E+00 1.20000000E-01
3.02007487E-01 9.29434279E-04 1.51003744E+00 1.20000000E-01
3.27559964E-01 6.27911252E-04 1.63779982E+00 1.20000000E-01
3.55274404E-01 5.45459948E-04 1.77637202E+00 1.20000000E-01
3.85333728E-01 5.28859884E-04 1.92666864E+00 1.20000000E-01
4.17936334E-01 5.49221827E-04 2.08968167E+00 1.20000000E-01
4.53297406E-01 5.93176165E-04 2.26648703E+00 1.20000000E-01
4.91650334E-01 6.56749167E-04 2.45825167E+00 1.20000000E-01
5.33248256E-01 7.37804935E-04 2.66624128E+00 1.20000000E-01
5.78365725E-01 8.33773973E-04 2.89182863E+00 1.20000000E-01
6.27300528E-01 9.34738678E-04 3.13650264E+00 1.20000000E-01
6.80375643E-01 1.01450999E-03 3.40187821E+00 1.20000000E-01
7.37941377E-01 1.05133897E-03 3.68970689E+00 1.20000000E-01
8.00377677E-01 1.06743229E-03 4.00188838E+00 1.20000000E-01
8.68096633E-01 1.05848355E-03 4.34048317E+00 1.20000000E-01
9.41545207E-01 1.04226795E-03 4.70772603E+00 1.20000000E-01
1.02120817E+00 1.11140456E-03 5.10604086E+00 1.20000000E-01
1.10761132E+00 1.15997242E-03 5.53805661E+00 1.20000000E-01
1.20132493E+00 1.14238243E-03 6.00662467E+00 1.20000000E-01
1.30296754E+00 1.12513764E-03 6.51483769E+00 1.20000000E-01
1.41321000E+00 1.18655036E-03 7.06604998E+00 1.20000000E-01
1.53277993E+00 1.32984495E-03 7.66389965E+00 1.20000000E-01
1.66246653E+00 1.51092462E-03 8.31233264E+00 1.20000000E-01
1.80312575E+00 1.70950875E-03 9.01562874E+00 1.20000000E-01
1.95568597E+00 1.93044101E-03 9.77842984E+00 1.20000000E-01
2.12115412E+00 2.17042296E-03 1.06057706E+01 1.20000000E-01
2.30062232E+00 2.42177811E-03 1.15031116E+01 1.20000000E-01
2.49527511E+00 2.66700385E-03 1.24763755E+01 1.20000000E-01
2.70639722E+00 2.92061154E-03 1.35319861E+01 1.20000000E-01
2.93538211E+00 3.16489232E-03 1.46769106E+01 1.20000000E-01
3.18374113E+00 3.41524907E-03 1.59187057E+01 1.20000000E-01
3.45311350E+00 3.65027416E-03 1.72655675E+01 1.20000000E-01
3.74527712E+00 3.88275571E-03 1.87263856E+01 1.20000000E-01
4.06216035E+00 4.11149588E-03 2.03108017E+01 1.20000000E-01
4.40585467E+00 4.34028814E-03 2.20292733E+01 1.20000000E-01
4.77862853E+00 4.57919530E-03 2.38931427E+01 1.20000000E-01
5.18294233E+00 4.81104197E-03 2.59147117E+01 1.20000000E-01
5.62146462E+00 5.05800005E-03 2.81073231E+01 1.20000000E-01
6.09708972E+00 5.28528596E-03 3.04854486E+01 1.20000000E-01
6.61295688E+00 5.53353801E-03 3.30647844E+01 1.20000000E-01
7.17247091E+00 5.76988936E-03 3.58623546E+01 1.20000000E-01
7.77932473E+00 6.02474921E-03 3.88966236E+01 1.20000000E-01
8.43752369E+00 6.27564195E-03 4.21876184E+01 1.20000000E-01
9.15141204E+00 6.54577991E-03 4.57570602E+01 1.20000000E-01
9.92570160E+00 6.81931377E-03 4.96285080E+01 1.20000000E-01
1.07655028E+01 7.08707448E-03 5.38275141E+01 1.20000000E-01
1.16763586E+01 7.38496714E-03 5.83817930E+01 1.20000000E-01
1.26642807E+01 7.65373955E-03 6.33214036E+01 1.20000000E-01
1.37357897E+01 7.97307303E-03 6.86789486E+01 1.20000000E-01
1.48979578E+01 8.26936530E-03 7.44897888E+01 1.20000000E-01
1.61584554E+01 8.57937626E-03 8.07922769E+01 1.20000000E-01
1.75256021E+01 8.91287980E-03 8.76280106E+01 1.20000000E-01
1.90084215E+01 9.21663307E-03 9.50421073E+01 1.20000000E-01
2.06167003E+01 9.58721405E-03 1.03083501E+02 1.20000000E-01
2.23610536E+01 9.93282464E-03 1.11805268E+02 1.20000000E-01
2.42529944E+01 1.02860160E-02 1.21264972E+02 1.20000000E-01
2.63050100E+01 1.06848253E-02 1.31525050E+02 1.20000000E-01
2.85306441E+01 1.10447271E-02 1.42653221E+02 1.20000000E-01
3.09445863E+01 1.14688355E-02 1.54722932E+02 1.20000000E-01
3.35627692E+01 1.18866211E-02 1.67813846E+02 1.20000000E-01
3.64024732E+01 1.22813506E-02 1.82012366E+02 1.20000000E-01
3.94824410E+01 1.27682642E-02 1.97412205E+02 1.20000000E-01
4.28230011E+01 1.32042019E-02 2.14115006E+02 1.20000000E-01
4.64462018E+01 1.36810349E-02 2.32231009E+02 1.20000000E-01
5.03759570E+01 1.41899565E-02 2.51879785E+02 1.20000000E-01
5.46382039E+01 1.46469745E-02 2.73191019E+02 1.20000000E-01
5.92610742E+01 1.52173524E-02 2.96305371E+02 1.20000000E-01
6.42750797E+01 1.57539108E-02 3.21375399E+02 1.20000000E-01
6.97133140E+01 1.62768883E-02 3.48566570E+02 1.20000000E-01
7.56116706E+01 1.69052003E-02 3.78058353E+02 1.20000000E-01
8.20090797E+01 1.74698208E-02 4.10045398E+02 1.20000000E-01
8.89477656E+01 1.80983827E-02 4.44738828E+02 1.20000000E-01
9.64735251E+01 1.87617067E-02 4.82367626E+02 1.20000000E-01
1.04636030E+02 1.93504437E-02 5.23180149E+02 1.20000000E-01
1.13489154E+02 2.00924574E-02 5.67445768E+02 1.20000000E-01
1.23091329E+02 2.07891647E-02 6.15456647E+02 1.20000000E-01
1.33505933E+02 2.14484222E-02 6.67529666E+02 1.20000000E-01
1.44801704E+02 2.22711542E-02 7.24008518E+02 1.20000000E-01
1.57053195E+02 2.30033012E-02 7.85265976E+02 1.20000000E-01
1.70341270E+02 2.37781226E-02 8.51706350E+02 1.20000000E-01
1.84753632E+02 2.46435602E-02 9.23768162E+02 1.20000000E-01
2.00385407E+02 2.54162723E-02 1.00192703E+03 1.20000000E-01
2.17339766E+02 2.63141987E-02 1.08669883E+03 1.20000000E-01
2.35728613E+02 2.72321588E-02 1.17864306E+03 1.20000000E-01
2.55673316E+02 2.80533966E-02 1.27836658E+03 1.20000000E-01
2.77305517E+02 2.90877713E-02 1.38652758E+03 1.20000000E-01
3.00767991E+02 3.00688327E-02 1.50383995E+03 1.20000000E-01
3.26215595E+02 3.09634455E-02 1.63107798E+03 1.20000000E-01
3.53816290E+02 3.21395294E-02 1.76908145E+03 1.20000000E-01
3.83752244E+02 3.31904125E-02 1.91876122E+03 1.20000000E-01
4.16221043E+02 3.42470023E-02 2.08110522E+03 1.20000000E-01
4.51436986E+02 3.55116282E-02 2.25718493E+03 1.20000000E-01
4.89632507E+02 3.66446936E-02 2.44816253E+03 1.20000000E-01
5.31059702E+02 3.78907151E-02 2.65529851E+03 1.20000000E-01
5.75992001E+02 3.92528882E-02 2.87996001E+03 1.20000000E-01
6.24725966E+02 4.04730303E-02 3.12362983E+03 1.20000000E-01
6.77583250E+02 4.19381591E-02 3.38791625E+03 1.20000000E-01
7.34912724E+02 4.34010367E-02 3.67456362E+03 1.20000000E-01
7.97092773E+02 4.47147030E-02 3.98546386E+03 1.20000000E-01
8.64533798E+02 4.64356715E-02 4.32266899E+03 1.20000000E-01
9.37680924E+02 4.80048154E-02 4.68840462E+03 1.20000000E-01
1.01701694E+03 4.95478594E-02 5.08508469E+03 1.20000000E-01
1.10306547E+03 5.14307170E-02 5.51532736E+03 1.20000000E-01
1.19639447E+03 5.31087784E-02 5.98197233E+03 1.20000000E-01
1.29761991E+03 5.49544178E-02 6.48809954E+03 1.20000000E-01
1.40740991E+03 5.69602180E-02 7.03704955E+03 1.20000000E-01
1.52648911E+03 5.87556036E-02 7.63244553E+03 1.20000000E-01
1.65564345E+03 6.09538711E-02 8.27821723E+03 1.20000000E-01
1.79572537E+03 6.30923389E-02 8.97862686E+03 1.20000000E-01
1.94765946E+03 6.50459494E-02 9.73829728E+03 1.20000000E-01
2.11244849E+03 6.76076739E-02 1.05622425E+04 1.20000000E-01
