4.94999051E-04 1.88664794E-08 1.01020215E-03 1.20000000E-01
5.36880304E-04 2.01258430E-08 1.09567409E-03 1.20000000E-01
5.82305076E-04 2.39972689E-08 1.18837771E-03 1.20000000E-01
6.31573182E-04 2.56258459E-08 1.28892486E-03 1.20000000E-01
6.85009802E-04 2.75165611E-08 1.39797919E-03 1.20000000E-01
7.42967626E-04 2.89679024E-08 1.51626046E-03 1.20000000E-01
8.05829190E-04 3.27236610E-08 1.64454937E-03 1.20000000E-01
8.74009393E-04 3.51516069E-08 1.78369264E-03 1.20000000E-01
9.47958237E-04 3.79432678E-08 1.93460865E-03 1.20000000E-01
1.02816380E-03 4.21538717E-08 2.09829347E-03 1.20000000E-01
1.11515546E-03 4.50521022E-08 2.27582746E-03 1.20000000E-01
1.20950737E-03 4.85619059E-08 2.46838239E-03 1.20000000E-01
1.31184228E-03 5.24306385E-08 2.67722914E-03 1.20000000E-01
1.42283562E-03 5.65305009E-08 2.90374616E-03 1.20000000E-01
1.54321996E-03 6.12254171E-08 3.14942850E-03 1.20000000E-01
1.67378988E-03 6.60345767E-08 3.41589772E-03 1.20000000E-01
1.81540715E-03 7.08862772E-08 3.70491256E-03 1.20000000E-01
1.96900649E-03 7.62829552E-08 4.01838059E-03 1.20000000E-01
2.13560167E-03 8.27838657E-08 4.35837076E-03 1.20000000E-01
2.31629227E-03 8.90971995E-08 4.72712707E-03 1.20000000E-01
2.51227086E-03 9.57717335E-08 5.12708340E-03 1.20000000E-01
2.72483097E-03 1.03318729E-07 5.56087953E-03 1.20000000E-01
2.95537552E-03 1.11358820E-07 6.03137861E-03 1.20000000E-01
3.20542615E-03 1.20288014E-07 6.54168603E-03 1.20000000E-01
3.47663326E-03 1.29962492E-07 7.09516992E-03 1.20000000E-01
3.77078686E-03 1.40446857E-07 7.69548340E-03 1.20000000E-01
4.08982844E-03 1.51760522E-07 8.34658865E-03 1.20000000E-01
4.43586372E-03 1.64024404E-07 9.05278310E-03 1.20000000E-01
4.81117661E-03 1.77534542E-07 9.81872778E-03 1.20000000E-01
5.21824427E-03 1.92574702E-07 1.06494781E-02 1.20000000E-01
5.65975340E-03 2.08913330E-07 1.15505171E-02 1.20000000E-01
6.13861808E-03 2.26697681E-07 1.25277920E-02 1.20000000E-01
6.65799890E-03 2.46122351E-07 1.35877528E-02 1.20000000E-01
7.22132388E-03 2.67106365E-07 1.47373957E-02 1.20000000E-01
7.83231108E-03 2.89978778E-07 1.59843083E-02 1.20000000E-01
8.49499315E-03 3.14875131E-07 1.73367207E-02 1.20000000E-01
9.21374392E-03 3.41929321E-07 1.88035590E-02 1.20000000E-01
9.99330730E-03 3.72046666E-07 2.03945047E-02 1.20000000E-01
1.08388286E-02 4.05068435E-07 2.21200583E-02 1.20000000E-01
1.17558883E-02 4.40911821E-07 2.39916088E-02 1.20000000E-01
1.27505394E-02 4.79904442E-07 2.60215089E-02 1.20000000E-01
1.38293466E-02 5.22351418E-07 2.82231563E-02 1.20000000E-01
1.49994304E-02 5.68537168E-07 3.06110824E-02 1.20000000E-01
1.62685135E-02 6.18574880E-07 3.32010479E-02 1.20000000E-01
1.76449721E-02 6.72944403E-07 3.60101471E-02 1.20000000E-01
1.91378912E-02 7.31785009E-07 3.90569208E-02 1.20000000E-01
2.07571243E-02 7.95710158E-07 4.23614781E-02 1.20000000E-01
2.25133587E-02 8.65007952E-07 4.59456299E-02 1.20000000E-01
2.44181859E-02 9.41758068E-07 4.98330323E-02 1.20000000E-01
2.64841781E-02 1.02474089E-06 5.40493430E-02 1.20000000E-01
2.87249714E-02 1.11447309E-06 5.86223905E-02 1.20000000E-01
3.11553554E-02 1.21029198E-06 6.35823579E-02 1.20000000E-01
3.37913711E-02 1.31262508E-06 6.89619818E-02 1.20000000E-01
3.66504169E-02 1.41955960E-06 7.47967691E-02 1.20000000E-01
3.97513629E-02 1.53044832E-06 8.11252304E-02 1.20000000E-01
4.31146761E-02 1.64435826E-06 8.79891350E-02 1.20000000E-01
4.67625551E-02 1.76378935E-06 9.54337859E-02 1.20000000E-01
5.07190765E-02 1.87788921E-06 1.03508319E-01 1.20000000E-01
5.50103543E-02 1.98262497E-06 1.12266029E-01 1.20000000E-01
5.96647118E-02 2.08329990E-06 1.21764718E-01 1.20000000E-01
6.47128686E-02 2.16026087E-06 1.32067079E-01 1.20000000E-01
7.01881437E-02 2.21807985E-06 1.43241110E-01 1.20000000E-01
7.61266750E-02 2.24861037E-06 1.55360561E-01 1.20000000E-01
8.25676580E-02 2.24378899E-06 1.68505425E-01 1.20000000E-01
8.95536045E-02 2.20197502E-06 1.82762458E-01 1.20000000E-01
9.71306233E-02 2.13150752E-06 1.98225762E-01 1.20000000E-01
1.05348724E-01 1.97734242E-06 2.14997396E-01 1.20000000E-01
1.14262148E-01 1.81864936E-06 2.33188058E-01 1.20000000E-01
1.23929726E-01 1.68047213E-06 2.52917808E-01 1.20000000E-01
1.34415266E-01 1.54117939E-06 2.74316869E-01 1.20000000E-01
1.45787974E-01 1.40452641E-06 2.97526477E-01 1.20000000E-01
1.58122912E-01 1.28003612E-06 3.22699821E-01 1.20000000E-01
1.71501495E-01 1.17627768E-06 3.50003050E-01 1.20000000E-01
1.86012022E-01 1.10148978E-06 3.79616371E-01 1.20000000E-01
2.01750267E-01 1.05509647E-06 4.11735239E-01 1.20000000E-01
2.18820106E-01 1.03429116E-06 4.46571644E-01 1.20000000E-01
2.37334202E-01 1.03333356E-06 4.84355514E-01 1.20000000E-01
2.57414752E-01 1.04561677E-06 5.25336230E-01 1.20000000E-01
2.79194294E-01 1.07047587E-06 5.69784273E-01 1.20000000E-01
3.02816574E-01 1.10238066E-06 6.17993009E-01 1.20000000E-01
3.28437507E-01 1.13824581E-06 6.70280627E-01 1.20000000E-01
3.56226195E-01 1.18614681E-06 7.26992234E-01 1.20000000E-01
3.86366049E-01 1.23606135E-06 7.88502140E-01 1.20000000E-01
4.19055998E-01 1.29519675E-06 8.55216323E-01 1.20000000E-01
4.54511803E-01 1.35730633E-06 9.27575109E-01 1.20000000E-01
4.92967480E-01 1.42939955E-06 1.00605608E+00 1.20000000E-01
5.34676844E-01 1.50279397E-06 1.09117723E+00 1.20000000E-01
5.79915184E-01 1.59032949E-06 1.18350038E+00 1.20000000E-01
6.28981085E-01 1.67858707E-06 1.28363487E+00 1.20000000E-01
6.82198390E-01 1.77807577E-06 1.39224161E+00 1.20000000E-01
7.39918344E-01 1.88522667E-06 1.51003744E+00 1.20000000E-01
8.02521912E-01 1.99340406E-06 1.63779982E+00 1.20000000E-01
8.70422290E-01 2.12077466E-06 1.77637202E+00 1.20000000E-01
9.44067634E-01 2.24963178E-06 1.92666864E+00 1.20000000E-01
1.02394402E+00 2.38193059E-06 2.08968167E+00 1.20000000E-01
1.11057865E+00 2.52755604E-06 2.26648703E+00 1.20000000E-01
1.20454332E+00 2.66631910E-06 2.45825167E+00 1.20000000E-01
1.30645823E+00 2.81489083E-06 2.66624128E+00 1.20000000E-01
1.41699603E+00 2.95695057E-06 2.89182863E+00 1.20000000E-01
1.53688629E+00 3.09955191E-06 3.13650264E+00 1.20000000E-01
1.66692033E+00 3.24633679E-06 3.40187821E+00 1.20000000E-01
1.80795637E+00 3.36335852E-06 3.68970689E+00 1.20000000E-01
1.96092531E+00 3.48757358E-06 4.00188838E+00 1.20000000E-01
2.12683675E+00 3.63685883E-06 4.34048317E+00 1.20000000E-01
2.30678576E+00 3.77935969E-06 4.70772603E+00 1.20000000E-01
2.50196002E+00 3.95217633E-06 5.10604086E+00 1.20000000E-01
2.71364774E+00 4.13491333E-06 5.53805661E+00 1.20000000E-01
2.94324609E+00 4.35079260E-06 6.00662467E+00 1.20000000E-01
3.19227047E+00 4.56906656E-06 6.51483769E+00 1.20000000E-01
3.46236449E+00 4.82832539E-06 7.06604998E+00 1.20000000E-01
3.75531083E+00 5.08918458E-06 7.66389965E+00 1.20000000E-01
4.07304299E+00 5.38721122E-06 8.31233264E+00 1.20000000E-01
4.41765808E+00 5.70378473E-06 9.01562874E+00 1.20000000E-01
4.79143062E+00 6.03093339E-06 9.77842984E+00 1.20000000E-01
5.19682759E+00 6.41132312E-06 1.06057706E+01 1.20000000E-01
5.63652469E+00 6.79731070E-06 1.15031116E+01 1.20000000E-01
6.11342401E+00 7.21451681E-06 1.24763755E+01 1.20000000E-01
6.63067319E+00 7.67716631E-06 1.35319861E+01 1.20000000E-01
7.19168617E+00 8.14863057E-06 1.46769106E+01 1.20000000E-01
7.80016577E+00 8.66749866E-06 1.59187057E+01 1.20000000E-01
8.46012806E+00 9.23757264E-06 1.72655675E+01 1.20000000E-01
9.17592895E+00 9.82590054E-06 1.87263856E+01 1.20000000E-01
9.95229285E+00 1.04639240E-05 2.03108017E+01 1.20000000E-01
1.07943439E+01 1.11645872E-05 2.20292733E+01 1.20000000E-01
1.17076399E+01 1.18872820E-05 2.38931427E+01 1.20000000E-01
1.26982087E+01 1.26496236E-05 2.59147117E+01 1.20000000E-01
1.37725883E+01 1.35147928E-05 2.81073231E+01 1.20000000E-01
1.49378698E+01 1.44137179E-05 3.04854486E+01 1.20000000E-01
1.62017444E+01 1.53537312E-05 3.30647844E+01 1.20000000E-01
1.75725537E+01 1.64253567E-05 3.58623546E+01 1.20000000E-01
1.90593456E+01 1.75390326E-05 3.88966236E+01 1.20000000E-01
2.06719330E+01 1.86935772E-05 4.21876184E+01 1.20000000E-01
2.24209595E+01 1.99588396E-05 4.57570602E+01 1.20000000E-01
2.43179689E+01 2.13371910E-05 4.96285080E+01 1.20000000E-01
2.63754819E+01 2.27685350E-05 5.38275141E+01 1.20000000E-01
2.86070786E+01 2.42717937E-05 5.83817930E+01 1.20000000E-01
3.10274878E+01 2.59850247E-05 6.33214036E+01 1.20000000E-01
3.36526848E+01 2.77595132E-05 6.86789486E+01 1.20000000E-01
3.64999965E+01 2.96091817E-05 7.44897888E+01 1.20000000E-01
3.95882157E+01 3.16824531E-05 8.07922769E+01 1.20000000E-01
4.29377252E+01 3.39118623E-05 8.76280106E+01 1.20000000E-01
4.65706326E+01 3.62415736E-05 9.50421073E+01 1.20000000E-01
5.05109157E+01 3.86841352E-05 1.03083501E+02 1.20000000E-01
5.47845813E+01 4.14925675E-05 1.11805268E+02 1.20000000E-01
5.94198363E+01 4.44275925E-05 1.21264972E+02 1.20000000E-01
6.44472746E+01 4.74958534E-05 1.31525050E+02 1.20000000E-01
6.99000781E+01 5.08274349E-05 1.42653221E+02 1.20000000E-01
7.58142365E+01 5.45310329E-05 1.54722932E+02 1.20000000E-01
8.22287844E+01 5.84524115E-05 1.67813846E+02 1.20000000E-01
8.91860593E+01 6.25577289E-05 1.82012366E+02 1.20000000E-01
9.67319805E+01 6.70349965E-05 1.97412205E+02 1.20000000E-01
1.04916353E+02 7.20041435E-05 2.14115006E+02 1.20000000E-01
1.13793194E+02 7.72310994E-05 2.32231009E+02 1.20000000E-01
1.23421095E+02 8.27618515E-05 2.51879785E+02 1.20000000E-01
1.33863600E+02 8.87504973E-05 2.73191019E+02 1.20000000E-01
1.45189632E+02 9.54414826E-05 2.96305371E+02 1.20000000E-01
1.57473945E+02 1.02558653E-04 3.21375399E+02 1.20000000E-01
1.70797619E+02 1.10043195E-04 3.48566570E+02 1.20000000E-01
1.85248593E+02 1.17986794E-04 3.78058353E+02 1.20000000E-01
2.00922245E+02 1.27004481E-04 4.10045398E+02 1.20000000E-01
2.17922026E+02 1.36596501E-04 4.44738828E+02 1.20000000E-01
2.36360137E+02 1.46762079E-04 4.82367626E+02 1.20000000E-01
2.56358273E+02 1.57483727E-04 5.23180149E+02 1.20000000E-01
2.78048426E+02 1.69387281E-04 5.67445768E+02 1.20000000E-01
3.01573757E+02 1.82386187E-04 6.15456647E+02 1.20000000E-01
3.27089536E+02 1.96240226E-04 6.67529666E+02 1.20000000E-01
3.54764174E+02 2.10947170E-04 7.24008518E+02 1.20000000E-01
3.84780328E+02 2.26515937E-04 7.85265976E+02 1.20000000E-01
4.17336112E+02 2.44254437E-04 8.51706350E+02 1.20000000E-01
4.52646399E+02 2.63256751E-04 9.23768162E+02 1.20000000E-01
4.90944247E+02 2.83607445E-04 1.00192703E+03 1.20000000E-01
5.32482427E+02 3.05309129E-04 1.08669883E+03 1.20000000E-01
5.77535101E+02 3.28473628E-04 1.17864306E+03 1.20000000E-01
6.26399625E+02 3.54681126E-04 1.27836658E+03 1.20000000E-01
6.79398516E+02 3.83105597E-04 1.38652758E+03 1.20000000E-01
7.36881577E+02 4.13567835E-04 1.50383995E+03 1.20000000E-01
7.99228208E+02 4.46395763E-04 1.63107798E+03 1.20000000E-01
8.66849910E+02 4.81612519E-04 1.76908145E+03 1.20000000E-01
9.40192999E+02 5.19818667E-04 1.91876122E+03 1.20000000E-01
1.01974156E+03 5.62881077E-04 2.08110522E+03 1.20000000E-01
1.10602062E+03 6.09248601E-04 2.25718493E+03 1.20000000E-01
1.19959964E+03 6.59722440E-04 2.44816253E+03 1.20000000E-01
1.30109627E+03 7.13837902E-04 2.65529851E+03 1.20000000E-01
1.41118040E+03 7.72271287E-04 2.87996001E+03 1.20000000E-01
1.53057862E+03 8.35481634E-04 3.12362983E+03 1.20000000E-01
1.66007896E+03 9.04840216E-04 3.38791625E+03 1.20000000E-01
1.80053617E+03 9.81671691E-04 3.67456362E+03 1.20000000E-01
1.95287729E+03 1.06484468E-03 3.98546386E+03 1.20000000E-01
2.11810780E+03 1.15503786E-03 4.32266899E+03 1.20000000E-01
2.29731826E+03 1.25242722E-03 4.68840462E+03 1.20000000E-01
2.49169150E+03 1.35816393E-03 5.08508469E+03 1.20000000E-01
2.70251041E+03 1.47297461E-03 5.51532736E+03 1.20000000E-01
2.93116644E+03 1.59669539E-03 5.98197233E+03 1.20000000E-01
3.17916878E+03 1.73255749E-03 6.48809954E+03 1.20000000E-01
3.44815428E+03 1.88243215E-03 7.03704955E+03 1.20000000E-01
3.73989831E+03 2.04486744E-03 7.63244553E+03 1.20000000E-01
4.05632644E+03 2.22124905E-03 8.27821723E+03 1.20000000E-01
4.39952716E+03 2.41227155E-03 8.97862686E+03 1.20000000E-01
4.77176567E+03 2.61884195E-03 9.73829728E+03 1.20000000E-01
5.17549881E+03 2.84265913E-03 1.05622425E+04 1.20000000E-01
