1.87190540E-03 3.92793739E-01 1.90000000E+00 1.20000000E-01
1.93108334E-03 3.85556043E-01 1.90000000E+00 1.20000000E-01
1.99213213E-03 3.78117004E-01 1.90000000E+00 1.20000000E-01
2.05511089E-03 3.72780196E-01 1.90000000E+00 1.20000000E-01
2.12008065E-03 3.67131632E-01 1.90000000E+00 1.20000000E-01
2.18710435E-03 3.61154518E-01 1.90000000E+00 1.20000000E-01
2.25624692E-03 3.54830752E-01 1.90000000E+00 1.20000000E-01
2.32757534E-03 3.48142121E-01 1.90000000E+00 1.20000000E-01
2.40115873E-03 3.42389091E-01 1.90000000E+00 1.20000000E-01
2.47706836E-03 3.37519673E-01 1.90000000E+00 1.20000000E-01
2.55537778E-03 3.32338454E-01 1.90000000E+00 1.20000000E-01
2.63616285E-03 3.26864388E-01 1.90000000E+00 1.20000000E-01
2.71950184E-03 3.21081810E-01 1.90000000E+00 1.20000000E-01
2.80547549E-03 3.14972142E-01 1.90000000E+00 1.20000000E-01
2.89416709E-03 3.10564268E-01 1.90000000E+00 1.20000000E-01
2.98566256E-03 3.06104684E-01 1.90000000E+00 1.20000000E-01
3.08005055E-03 3.01398567E-01 1.90000000E+00 1.20000000E-01
3.17742249E-03 2.96430216E-01 1.90000000E+00 1.20000000E-01
3.27787273E-03 2.91227605E-01 1.90000000E+00 1.20000000E-01
3.38149858E-03 2.85974783E-01 1.90000000E+00 1.20000000E-01
3.48840042E-03 2.82155560E-01 1.90000000E+00 1.20000000E-01
3.59868184E-03 2.78142490E-01 1.90000000E+00 1.20000000E-01
3.71244967E-03 2.73901882E-01 1.90000000E+00 1.20000000E-01
3.82981412E-03 2.69438010E-01 1.90000000E+00 1.20000000E-01
3.95088890E-03 2.64712806E-01 1.90000000E+00 1.20000000E-01
4.07579131E-03 2.60205508E-01 1.90000000E+00 1.20000000E-01
4.20464236E-03 2.56798486E-01 1.90000000E+00 1.20000000E-01
4.33756687E-03 2.53177224E-01 1.90000000E+00 1.20000000E-01
4.47469362E-03 2.49379016E-01 1.90000000E+00 1.20000000E-01
4.61615546E-03 2.45359017E-01 1.90000000E+00 1.20000000E-01
4.76208944E-03 2.41121493E-01 1.90000000E+00 1.20000000E-01
4.91263694E-03 2.37103929E-01 1.90000000E+00 1.20000000E-01
5.06794381E-03 2.34047883E-01 1.90000000E+00 1.20000000E-01
5.22816052E-03 2.30798100E-01 1.90000000E+00 1.20000000E-01
5.39344227E-03 2.27390321E-01 1.90000000E+00 1.20000000E-01
5.56394921E-03 2.23783726E-01 1.90000000E+00 1.20000000E-01
5.73984650E-03 2.19983356E-01 1.90000000E+00 1.20000000E-01
5.92130457E-03 2.16306729E-01 1.90000000E+00 1.20000000E-01
6.10849921E-03 2.13545012E-01 1.90000000E+00 1.20000000E-01
6.30161177E-03 2.10643364E-01 1.90000000E+00 1.20000000E-01
6.50082934E-03 2.07602769E-01 1.90000000E+00 1.20000000E-01
6.70634493E-03 2.04377947E-01 1.90000000E+00 1.20000000E-01
6.91835764E-03 2.00991622E-01 1.90000000E+00 1.20000000E-01
7.13707286E-03 1.97489022E-01 1.90000000E+00 1.20000000E-01
7.36270249E-03 1.95019457E-01 1.90000000E+00 1.20000000E-01
7.59546512E-03 1.92414781E-01 1.90000000E+00 1.20000000E-01
7.83558625E-03 1.89701844E-01 1.90000000E+00 1.20000000E-01
8.08329851E-03 1.86820307E-01 1.90000000E+00 1.20000000E-01
8.33884188E-03 1.83766312E-01 1.90000000E+00 1.20000000E-01
8.60246394E-03 1.80544419E-01 1.90000000E+00 1.20000000E-01
8.87442008E-03 1.78209793E-01 1.90000000E+00 1.20000000E-01
9.15497377E-03 1.75893243E-01 1.90000000E+00 1.20000000E-01
9.44439681E-03 1.73440795E-01 1.90000000E+00 1.20000000E-01
9.74296961E-03 1.70844695E-01 1.90000000E+00 1.20000000E-01
1.00509814E-02 1.68135767E-01 1.90000000E+00 1.20000000E-01
1.03687306E-02 1.65270625E-01 1.90000000E+00 1.20000000E-01
1.06965251E-02 1.62909720E-01 1.90000000E+00 1.20000000E-01
1.10346823E-02 1.60819275E-01 1.90000000E+00 1.20000000E-01
1.13835300E-02 1.58634644E-01 1.90000000E+00 1.20000000E-01
1.17434061E-02 1.56316438E-01 1.90000000E+00 1.20000000E-01
1.21146592E-02 1.53899474E-01 1.90000000E+00 1.20000000E-01
1.24976490E-02 1.51312278E-01 1.90000000E+00 1.20000000E-01
1.28927465E-02 1.48950579E-01 1.90000000E+00 1.20000000E-01
1.33003345E-02 1.47094442E-01 1.90000000E+00 1.20000000E-01
1.37208080E-02 1.45129258E-01 1.90000000E+00 1.20000000E-01
1.41545742E-02 1.43052940E-01 1.90000000E+00 1.20000000E-01
1.46020533E-02 1.40874714E-01 1.90000000E+00 1.20000000E-01
1.50636790E-02 1.38557176E-01 1.90000000E+00 1.20000000E-01
1.55398983E-02 1.36215273E-01 1.90000000E+00 1.20000000E-01
1.60311728E-02 1.34574836E-01 1.90000000E+00 1.20000000E-01
1.65379783E-02 1.32802451E-01 1.90000000E+00 1.20000000E-01
1.70608058E-02 1.30928232E-01 1.90000000E+00 1.20000000E-01
1.76001618E-02 1.29003746E-01 1.90000000E+00 1.20000000E-01
1.81565689E-02 1.26938137E-01 1.90000000E+00 1.20000000E-01
1.87305661E-02 1.24743739E-01 1.90000000E+00 1.20000000E-01
1.93227095E-02 1.23080125E-01 1.90000000E+00 1.20000000E-01
1.99335728E-02 1.21519784E-01 1.90000000E+00 1.20000000E-01
2.05637478E-02 1.19848508E-01 1.90000000E+00 1.20000000E-01
2.12138450E-02 1.18087256E-01 1.90000000E+00 1.20000000E-01
2.18844942E-02 1.16229623E-01 1.90000000E+00 1.20000000E-01
2.25763451E-02 1.14255270E-01 1.90000000E+00 1.20000000E-01
2.32900680E-02 1.12557443E-01 1.90000000E+00 1.20000000E-01
2.40263543E-02 1.11134101E-01 1.90000000E+00 1.20000000E-01
2.47859175E-02 1.09641398E-01 1.90000000E+00 1.20000000E-01
2.55694933E-02 1.08038877E-01 1.90000000E+00 1.20000000E-01
2.63778408E-02 1.06345982E-01 1.90000000E+00 1.20000000E-01
2.72117433E-02 1.04561312E-01 1.90000000E+00 1.20000000E-01
2.80720085E-02 1.02860597E-01 1.90000000E+00 1.20000000E-01
2.89594699E-02 1.01544979E-01 1.90000000E+00 1.20000000E-01
2.98749873E-02 1.00147115E-01 1.90000000E+00 1.20000000E-01
3.08194477E-02 9.86852207E-02 1.90000000E+00 1.20000000E-01
3.17937660E-02 9.71115462E-02 1.90000000E+00 1.20000000E-01
3.27988861E-02 9.54245630E-02 1.90000000E+00 1.20000000E-01
3.38357819E-02 9.37847210E-02 1.90000000E+00 1.20000000E-01
3.49054578E-02 9.25262602E-02 1.90000000E+00 1.20000000E-01
3.60089502E-02 9.11775230E-02 1.90000000E+00 1.20000000E-01
3.71473281E-02 8.97550834E-02 1.90000000E+00 1.20000000E-01
3.83216944E-02 8.82014614E-02 1.90000000E+00 1.20000000E-01
3.95331869E-02 8.65280239E-02 1.90000000E+00 1.20000000E-01
4.07829791E-02 8.50779371E-02 1.90000000E+00 1.20000000E-01
4.20722820E-02 8.37890973E-02 1.90000000E+00 1.20000000E-01
4.34023446E-02 8.23939850E-02 1.90000000E+00 1.20000000E-01
4.47744554E-02 8.08780598E-02 1.90000000E+00 1.20000000E-01
4.61899438E-02 7.92246423E-02 1.90000000E+00 1.20000000E-01
4.76501811E-02 7.76768708E-02 1.90000000E+00 1.20000000E-01
4.91565820E-02 7.63813890E-02 1.90000000E+00 1.20000000E-01
5.07106059E-02 7.49487764E-02 1.90000000E+00 1.20000000E-01
5.23137582E-02 7.33842839E-02 1.90000000E+00 1.20000000E-01
5.39675923E-02 7.16600299E-02 1.90000000E+00 1.20000000E-01
5.56737102E-02 7.02435275E-02 1.90000000E+00 1.20000000E-01
5.74337649E-02 6.88425745E-02 1.90000000E+00 1.20000000E-01
5.92494616E-02 6.72763683E-02 1.90000000E+00 1.20000000E-01
6.11225592E-02 6.55451914E-02 1.90000000E+00 1.20000000E-01
6.30548724E-02 6.40403735E-02 1.90000000E+00 1.20000000E-01
6.50482734E-02 6.25992667E-02 1.90000000E+00 1.20000000E-01
6.71046932E-02 6.09707587E-02 1.90000000E+00 1.20000000E-01
6.92261241E-02 5.91643220E-02 1.90000000E+00 1.20000000E-01
7.14146214E-02 5.77949677E-02 1.90000000E+00 1.20000000E-01
7.36723054E-02 5.62605323E-02 1.90000000E+00 1.20000000E-01
7.60013632E-02 5.45433675E-02 1.90000000E+00 1.20000000E-01
7.84040512E-02 5.30468794E-02 1.90000000E+00 1.20000000E-01
8.08826972E-02 5.15990314E-02 1.90000000E+00 1.20000000E-01
8.34397025E-02 4.99946072E-02 1.90000000E+00 1.20000000E-01
8.60775443E-02 4.85113667E-02 1.90000000E+00 1.20000000E-01
8.87987782E-02 4.71666382E-02 1.90000000E+00 1.20000000E-01
9.16060405E-02 4.56689173E-02 1.90000000E+00 1.20000000E-01
9.45020509E-02 4.42285457E-02 1.90000000E+00 1.20000000E-01
9.74896151E-02 4.28263255E-02 1.90000000E+00 1.20000000E-01
1.00571627E-01 4.08859037E-02 1.90000000E+00 1.20000000E-01
1.03751074E-01 3.87292861E-02 1.90000000E+00 1.20000000E-01
1.07031034E-01 3.61929546E-02 1.90000000E+00 1.20000000E-01
1.10414686E-01 3.45117309E-02 1.90000000E+00 1.20000000E-01
1.13905308E-01 3.32137553E-02 1.90000000E+00 1.20000000E-01
1.17506282E-01 3.20906961E-02 1.90000000E+00 1.20000000E-01
1.21221096E-01 3.09317794E-02 1.90000000E+00 1.20000000E-01
1.25053350E-01 3.01108590E-02 1.90000000E+00 1.20000000E-01
1.29006755E-01 2.92647409E-02 1.90000000E+00 1.20000000E-01
1.33085142E-01 2.83668113E-02 1.90000000E+00 1.20000000E-01
1.37292462E-01 2.76711940E-02 1.90000000E+00 1.20000000E-01
1.41632792E-01 2.70064140E-02 1.90000000E+00 1.20000000E-01
1.46110336E-01 2.63020178E-02 1.90000000E+00 1.20000000E-01
1.50729431E-01 2.55939384E-02 1.90000000E+00 1.20000000E-01
1.55494553E-01 2.50665352E-02 1.90000000E+00 1.20000000E-01
1.60410319E-01 2.45067183E-02 1.90000000E+00 1.20000000E-01
1.65481491E-01 2.39104482E-02 1.90000000E+00 1.20000000E-01
1.70712981E-01 2.33137866E-02 1.90000000E+00 1.20000000E-01
1.76109859E-01 2.28640972E-02 1.90000000E+00 1.20000000E-01
1.81677352E-01 2.23828688E-02 1.90000000E+00 1.20000000E-01
1.87420854E-01 2.18654659E-02 1.90000000E+00 1.20000000E-01
1.93345930E-01 2.13175803E-02 1.90000000E+00 1.20000000E-01
1.99458319E-01 2.09253348E-02 1.90000000E+00 1.20000000E-01
2.05763945E-01 2.05042033E-02 1.90000000E+00 1.20000000E-01
2.12268914E-01 2.00527915E-02 1.90000000E+00 1.20000000E-01
2.18979531E-01 1.95644256E-02 1.90000000E+00 1.20000000E-01
2.25902295E-01 1.91724747E-02 1.90000000E+00 1.20000000E-01
2.33043913E-01 1.87976441E-02 1.90000000E+00 1.20000000E-01
2.40411305E-01 1.83936061E-02 1.90000000E+00 1.20000000E-01
2.48011608E-01 1.79536855E-02 1.90000000E+00 1.20000000E-01
2.55852184E-01 1.75588224E-02 1.90000000E+00 1.20000000E-01
2.63940631E-01 1.72181391E-02 1.90000000E+00 1.20000000E-01
2.72284784E-01 1.68489554E-02 1.90000000E+00 1.20000000E-01
2.80892727E-01 1.64455274E-02 1.90000000E+00 1.20000000E-01
2.89772799E-01 1.60521812E-02 1.90000000E+00 1.20000000E-01
2.98933604E-01 1.57375195E-02 1.90000000E+00 1.20000000E-01
3.08384016E-01 1.53905801E-02 1.90000000E+00 1.20000000E-01
3.18133191E-01 1.50125360E-02 1.90000000E+00 1.20000000E-01
3.28190574E-01 1.46350485E-02 1.90000000E+00 1.20000000E-01
3.38565908E-01 1.43329300E-02 1.90000000E+00 1.20000000E-01
3.49269246E-01 1.40000346E-02 1.90000000E+00 1.20000000E-01
3.60310956E-01 1.36327259E-02 1.90000000E+00 1.20000000E-01
3.71701736E-01 1.32866153E-02 1.90000000E+00 1.20000000E-01
3.83452622E-01 1.29877768E-02 1.90000000E+00 1.20000000E-01
3.95574997E-01 1.26540984E-02 1.90000000E+00 1.20000000E-01
4.08080606E-01 1.22806652E-02 1.90000000E+00 1.20000000E-01
4.20981564E-01 1.19850594E-02 1.90000000E+00 1.20000000E-01
4.34290369E-01 1.16747714E-02 1.90000000E+00 1.20000000E-01
4.48019916E-01 1.13232622E-02 1.90000000E+00 1.20000000E-01
4.62183505E-01 1.09974613E-02 1.90000000E+00 1.20000000E-01
4.76794859E-01 1.06974257E-02 1.90000000E+00 1.20000000E-01
4.91868132E-01 1.03516942E-02 1.90000000E+00 1.20000000E-01
5.07417928E-01 1.00198612E-02 1.90000000E+00 1.20000000E-01
5.23459311E-01 9.71367825E-03 1.90000000E+00 1.20000000E-01
5.40007822E-01 9.35163150E-03 1.90000000E+00 1.20000000E-01
5.57079494E-01 9.02633313E-03 1.90000000E+00 1.20000000E-01
5.74690865E-01 8.64930362E-03 1.90000000E+00 1.20000000E-01
5.92858998E-01 8.19051075E-03 1.90000000E+00 1.20000000E-01
6.11601494E-01 7.55995134E-03 1.90000000E+00 1.20000000E-01
6.30936510E-01 6.56814337E-03 1.90000000E+00 1.20000000E-01
6.50882779E-01 4.83051615E-03 1.90000000E+00 1.20000000E-01
6.71459624E-01 2.69372799E-03 1.90000000E+00 1.20000000E-01
6.92686980E-01 1.33495250E-03 1.90000000E+00 1.20000000E-01
7.14585412E-01 6.65255059E-04 1.90000000E+00 1.20000000E-01
7.37176137E-01 3.37102896E-04 1.90000000E+00 1.20000000E-01
7.60481038E-01 1.73682361E-04 1.90000000E+00 1.20000000E-01
7.84522695E-01 9.09518234E-05 1.90000000E+00 1.20000000E-01
8.09324399E-01 4.83899546E-05 1.90000000E+00 1.20000000E-01
8.34910177E-01 2.60249120E-05 1.90000000E+00 1.20000000E-01
8.61304818E-01 1.41104158E-05 1.90000000E+00 1.20000000E-01
8.88533893E-01 7.70565909E-06 1.90000000E+00 1.20000000E-01
9.16623780E-01 4.16231726E-06 1.90000000E+00 1.20000000E-01
