9.85213366E-04 2.91064885E-01 1.00000000E+00 1.20000000E-01
1.01635965E-03 2.85856649E-01 1.00000000E+00 1.20000000E-01
1.04849059E-03 2.81989858E-01 1.00000000E+00 1.20000000E-01
1.08163731E-03 2.77871139E-01 1.00000000E+00 1.20000000E-01
1.11583192E-03 2.73500539E-01 1.00000000E+00 1.20000000E-01
1.15110755E-03 2.68822889E-01 1.00000000E+00 1.20000000E-01
1.18749838E-03 2.63839913E-01 1.00000000E+00 1.20000000E-01
1.22503966E-03 2.59414231E-01 1.00000000E+00 1.20000000E-01
1.26376775E-03 2.55724234E-01 1.00000000E+00 1.20000000E-01
1.30372019E-03 2.51766095E-01 1.00000000E+00 1.20000000E-01
1.34493567E-03 2.47551952E-01 1.00000000E+00 1.20000000E-01
1.38745413E-03 2.43066870E-01 1.00000000E+00 1.20000000E-01
1.43131676E-03 2.38293659E-01 1.00000000E+00 1.20000000E-01
1.47656605E-03 2.34839155E-01 1.00000000E+00 1.20000000E-01
1.52324584E-03 2.31297617E-01 1.00000000E+00 1.20000000E-01
1.57140135E-03 2.27527939E-01 1.00000000E+00 1.20000000E-01
1.62107924E-03 2.23531140E-01 1.00000000E+00 1.20000000E-01
1.67232763E-03 2.19271912E-01 1.00000000E+00 1.20000000E-01
1.72519617E-03 2.15478074E-01 1.00000000E+00 1.20000000E-01
1.77973609E-03 2.12321054E-01 1.00000000E+00 1.20000000E-01
1.83600022E-03 2.08973381E-01 1.00000000E+00 1.20000000E-01
1.89404307E-03 2.05424428E-01 1.00000000E+00 1.20000000E-01
1.95392088E-03 2.01662003E-01 1.00000000E+00 1.20000000E-01
2.01569164E-03 1.97710443E-01 1.00000000E+00 1.20000000E-01
2.07941521E-03 1.94921562E-01 1.00000000E+00 1.20000000E-01
2.14515332E-03 1.91987433E-01 1.00000000E+00 1.20000000E-01
2.21296966E-03 1.88883342E-01 1.00000000E+00 1.20000000E-01
2.28292993E-03 1.85599579E-01 1.00000000E+00 1.20000000E-01
2.35510190E-03 1.82126508E-01 1.00000000E+00 1.20000000E-01
2.42955550E-03 1.79037168E-01 1.00000000E+00 1.20000000E-01
2.50636286E-03 1.76510066E-01 1.00000000E+00 1.20000000E-01
2.58559839E-03 1.73820505E-01 1.00000000E+00 1.20000000E-01
2.66733885E-03 1.70979615E-01 1.00000000E+00 1.20000000E-01
2.75166343E-03 1.67978825E-01 1.00000000E+00 1.20000000E-01
2.83865383E-03 1.64808287E-01 1.00000000E+00 1.20000000E-01
2.92839432E-03 1.62419154E-01 1.00000000E+00 1.20000000E-01
3.02097184E-03 1.60105689E-01 1.00000000E+00 1.20000000E-01
3.11647609E-03 1.57664163E-01 1.00000000E+00 1.20000000E-01
3.21499958E-03 1.55086741E-01 1.00000000E+00 1.20000000E-01
3.31663777E-03 1.52387984E-01 1.00000000E+00 1.20000000E-01
3.42148913E-03 1.49562056E-01 1.00000000E+00 1.20000000E-01
3.52965523E-03 1.47581026E-01 1.00000000E+00 1.20000000E-01
3.64124086E-03 1.45499508E-01 1.00000000E+00 1.20000000E-01
3.75635414E-03 1.43300102E-01 1.00000000E+00 1.20000000E-01
3.87510658E-03 1.40985342E-01 1.00000000E+00 1.20000000E-01
3.99761322E-03 1.38535064E-01 1.00000000E+00 1.20000000E-01
4.12399276E-03 1.36113098E-01 1.00000000E+00 1.20000000E-01
4.25436764E-03 1.34331844E-01 1.00000000E+00 1.20000000E-01
4.38886415E-03 1.32460885E-01 1.00000000E+00 1.20000000E-01
4.52761260E-03 1.30484167E-01 1.00000000E+00 1.20000000E-01
4.67074741E-03 1.28399289E-01 1.00000000E+00 1.20000000E-01
4.81840725E-03 1.26202285E-01 1.00000000E+00 1.20000000E-01
4.97073516E-03 1.24023739E-01 1.00000000E+00 1.20000000E-01
5.12787874E-03 1.22439078E-01 1.00000000E+00 1.20000000E-01
5.28999021E-03 1.20759947E-01 1.00000000E+00 1.20000000E-01
5.45722664E-03 1.18986429E-01 1.00000000E+00 1.20000000E-01
5.62975003E-03 1.17120658E-01 1.00000000E+00 1.20000000E-01
5.80772754E-03 1.15145348E-01 1.00000000E+00 1.20000000E-01
5.99133158E-03 1.13149557E-01 1.00000000E+00 1.20000000E-01
6.18074003E-03 1.11717200E-01 1.00000000E+00 1.20000000E-01
6.37613640E-03 1.10212002E-01 1.00000000E+00 1.20000000E-01
6.57770997E-03 1.08635145E-01 1.00000000E+00 1.20000000E-01
6.78565605E-03 1.06962783E-01 1.00000000E+00 1.20000000E-01
7.00017608E-03 1.05206028E-01 1.00000000E+00 1.20000000E-01
7.22147789E-03 1.03341391E-01 1.00000000E+00 1.20000000E-01
7.44977588E-03 1.02025446E-01 1.00000000E+00 1.20000000E-01
7.68529123E-03 1.00682332E-01 1.00000000E+00 1.20000000E-01
7.92825209E-03 9.92675114E-02 1.00000000E+00 1.20000000E-01
8.17889387E-03 9.77720839E-02 1.00000000E+00 1.20000000E-01
8.43745937E-03 9.61874770E-02 1.00000000E+00 1.20000000E-01
8.70419909E-03 9.45160853E-02 1.00000000E+00 1.20000000E-01
8.97937146E-03 9.32292521E-02 1.00000000E+00 1.20000000E-01
9.26324306E-03 9.20307106E-02 1.00000000E+00 1.20000000E-01
9.55608890E-03 9.07541681E-02 1.00000000E+00 1.20000000E-01
9.85819270E-03 8.94118967E-02 1.00000000E+00 1.20000000E-01
1.01698471E-02 8.80012123E-02 1.00000000E+00 1.20000000E-01
1.04913541E-02 8.65136748E-02 1.00000000E+00 1.20000000E-01
1.08230252E-02 8.52203293E-02 1.00000000E+00 1.20000000E-01
1.11651816E-02 8.41451496E-02 1.00000000E+00 1.20000000E-01
1.15181548E-02 8.30007076E-02 1.00000000E+00 1.20000000E-01
1.18822869E-02 8.17972602E-02 1.00000000E+00 1.20000000E-01
1.22579305E-02 8.05417624E-02 1.00000000E+00 1.20000000E-01
1.26454497E-02 7.91980184E-02 1.00000000E+00 1.20000000E-01
1.30452197E-02 7.79117033E-02 1.00000000E+00 1.20000000E-01
1.34576280E-02 7.69545289E-02 1.00000000E+00 1.20000000E-01
1.38830741E-02 7.59303418E-02 1.00000000E+00 1.20000000E-01
1.43219701E-02 7.48473950E-02 1.00000000E+00 1.20000000E-01
1.47747413E-02 7.37152764E-02 1.00000000E+00 1.20000000E-01
1.52418263E-02 7.25236772E-02 1.00000000E+00 1.20000000E-01
1.57236775E-02 7.12722206E-02 1.00000000E+00 1.20000000E-01
1.62207619E-02 7.03895638E-02 1.00000000E+00 1.20000000E-01
1.67335610E-02 6.94674219E-02 1.00000000E+00 1.20000000E-01
1.72625717E-02 6.85128255E-02 1.00000000E+00 1.20000000E-01
1.78083063E-02 6.74908814E-02 1.00000000E+00 1.20000000E-01
1.83712936E-02 6.64155215E-02 1.00000000E+00 1.20000000E-01
1.89520791E-02 6.52729426E-02 1.00000000E+00 1.20000000E-01
1.95512253E-02 6.43737525E-02 1.00000000E+00 1.20000000E-01
2.01693129E-02 6.35461723E-02 1.00000000E+00 1.20000000E-01
2.08069405E-02 6.26764687E-02 1.00000000E+00 1.20000000E-01
2.14647259E-02 6.17686761E-02 1.00000000E+00 1.20000000E-01
2.21433063E-02 6.07940213E-02 1.00000000E+00 1.20000000E-01
2.28433393E-02 5.97636546E-02 1.00000000E+00 1.20000000E-01
2.35655029E-02 5.88547444E-02 1.00000000E+00 1.20000000E-01
2.43104968E-02 5.81063524E-02 1.00000000E+00 1.20000000E-01
2.50790427E-02 5.73185463E-02 1.00000000E+00 1.20000000E-01
2.58718853E-02 5.64834629E-02 1.00000000E+00 1.20000000E-01
2.66897926E-02 5.55950222E-02 1.00000000E+00 1.20000000E-01
2.75335570E-02 5.46636413E-02 1.00000000E+00 1.20000000E-01
2.84039959E-02 5.37551321E-02 1.00000000E+00 1.20000000E-01
2.93019527E-02 5.30643198E-02 1.00000000E+00 1.20000000E-01
3.02282973E-02 5.23334820E-02 1.00000000E+00 1.20000000E-01
3.11839271E-02 5.15540908E-02 1.00000000E+00 1.20000000E-01
3.21697680E-02 5.07233374E-02 1.00000000E+00 1.20000000E-01
3.31867750E-02 4.98384891E-02 1.00000000E+00 1.20000000E-01
3.42359333E-02 4.89763606E-02 1.00000000E+00 1.20000000E-01
3.53182596E-02 4.83113606E-02 1.00000000E+00 1.20000000E-01
3.64348022E-02 4.75969123E-02 1.00000000E+00 1.20000000E-01
3.75866429E-02 4.68326186E-02 1.00000000E+00 1.20000000E-01
3.87748976E-02 4.60034917E-02 1.00000000E+00 1.20000000E-01
4.00007174E-02 4.51083827E-02 1.00000000E+00 1.20000000E-01
4.12652901E-02 4.43685621E-02 1.00000000E+00 1.20000000E-01
4.25698406E-02 4.36780753E-02 1.00000000E+00 1.20000000E-01
4.39156329E-02 4.29244127E-02 1.00000000E+00 1.20000000E-01
4.53039707E-02 4.21039227E-02 1.00000000E+00 1.20000000E-01
4.67361991E-02 4.12134758E-02 1.00000000E+00 1.20000000E-01
4.82137055E-02 4.04326850E-02 1.00000000E+00 1.20000000E-01
4.97379215E-02 3.97241974E-02 1.00000000E+00 1.20000000E-01
5.13103237E-02 3.89441547E-02 1.00000000E+00 1.20000000E-01
5.29324354E-02 3.80810977E-02 1.00000000E+00 1.20000000E-01
5.46058282E-02 3.71493211E-02 1.00000000E+00 1.20000000E-01
5.63321231E-02 3.64496555E-02 1.00000000E+00 1.20000000E-01
5.81129927E-02 3.56579543E-02 1.00000000E+00 1.20000000E-01
5.99501623E-02 3.47722209E-02 1.00000000E+00 1.20000000E-01
6.18454117E-02 3.38216374E-02 1.00000000E+00 1.20000000E-01
6.38005771E-02 3.30751269E-02 1.00000000E+00 1.20000000E-01
6.58175525E-02 3.22252360E-02 1.00000000E+00 1.20000000E-01
6.78982921E-02 3.12709553E-02 1.00000000E+00 1.20000000E-01
7.00448117E-02 3.04107366E-02 1.00000000E+00 1.20000000E-01
7.22591908E-02 2.95707836E-02 1.00000000E+00 1.20000000E-01
7.45435747E-02 2.86060403E-02 1.00000000E+00 1.20000000E-01
7.69001766E-02 2.77102025E-02 1.00000000E+00 1.20000000E-01
7.93312795E-02 2.68434994E-02 1.00000000E+00 1.20000000E-01
8.18392387E-02 2.58422228E-02 1.00000000E+00 1.20000000E-01
8.44264838E-02 2.49936797E-02 1.00000000E+00 1.20000000E-01
8.70955215E-02 2.40693681E-02 1.00000000E+00 1.20000000E-01
8.98489375E-02 2.31143769E-02 1.00000000E+00 1.20000000E-01
9.26893993E-02 2.22155711E-02 1.00000000E+00 1.20000000E-01
9.56196587E-02 2.11860177E-02 1.00000000E+00 1.20000000E-01
9.86425546E-02 2.01890912E-02 1.00000000E+00 1.20000000E-01
1.01761016E-01 1.89386519E-02 1.00000000E+00 1.20000000E-01
1.04978063E-01 1.73907194E-02 1.00000000E+00 1.20000000E-01
1.08296813E-01 1.60940753E-02 1.00000000E+00 1.20000000E-01
1.11720481E-01 1.51410366E-02 1.00000000E+00 1.20000000E-01
1.15252385E-01 1.42575538E-02 1.00000000E+00 1.20000000E-01
1.18895945E-01 1.33933360E-02 1.00000000E+00 1.20000000E-01
1.22654691E-01 1.26859069E-02 1.00000000E+00 1.20000000E-01
1.26532266E-01 1.19662767E-02 1.00000000E+00 1.20000000E-01
1.30532425E-01 1.12823652E-02 1.00000000E+00 1.20000000E-01
1.34659044E-01 1.06620004E-02 1.00000000E+00 1.20000000E-01
1.38916122E-01 1.00337407E-02 1.00000000E+00 1.20000000E-01
1.43307781E-01 9.46274498E-03 1.00000000E+00 1.20000000E-01
1.47838277E-01 8.91705658E-03 1.00000000E+00 1.20000000E-01
1.52512000E-01 8.36789987E-03 1.00000000E+00 1.20000000E-01
1.57333476E-01 7.87407018E-03 1.00000000E+00 1.20000000E-01
1.62307377E-01 7.39529806E-03 1.00000000E+00 1.20000000E-01
1.67438521E-01 6.91958863E-03 1.00000000E+00 1.20000000E-01
1.72731881E-01 6.47722644E-03 1.00000000E+00 1.20000000E-01
1.78192583E-01 6.06220855E-03 1.00000000E+00 1.20000000E-01
1.83825919E-01 5.65426124E-03 1.00000000E+00 1.20000000E-01
1.89637345E-01 5.25868738E-03 1.00000000E+00 1.20000000E-01
1.95632493E-01 4.89315533E-03 1.00000000E+00 1.20000000E-01
2.01817169E-01 4.55175411E-03 1.00000000E+00 1.20000000E-01
2.08197367E-01 4.22572437E-03 1.00000000E+00 1.20000000E-01
2.14779266E-01 3.91833877E-03 1.00000000E+00 1.20000000E-01
2.21569244E-01 3.62034937E-03 1.00000000E+00 1.20000000E-01
2.28573879E-01 3.29271945E-03 1.00000000E+00 1.20000000E-01
2.35799956E-01 2.91579370E-03 1.00000000E+00 1.20000000E-01
2.43254476E-01 2.38687834E-03 1.00000000E+00 1.20000000E-01
2.50944663E-01 1.59991049E-03 1.00000000E+00 1.20000000E-01
2.58877964E-01 8.23276093E-04 1.00000000E+00 1.20000000E-01
2.67062067E-01 4.13428529E-04 1.00000000E+00 1.20000000E-01
2.75504900E-01 2.18781095E-04 1.00000000E+00 1.20000000E-01
2.84214643E-01 1.22220849E-04 1.00000000E+00 1.20000000E-01
2.93199734E-01 7.12785798E-05 1.00000000E+00 1.20000000E-01
3.02468877E-01 4.31305718E-05 1.00000000E+00 1.20000000E-01
3.12031052E-01 2.69817051E-05 1.00000000E+00 1.20000000E-01
3.21895523E-01 1.73492790E-05 1.00000000E+00 1.20000000E-01
3.32071848E-01 1.14142825E-05 1.00000000E+00 1.20000000E-01
3.42569884E-01 7.67064434E-06 1.00000000E+00 1.20000000E-01
3.53399802E-01 5.24547274E-06 1.00000000E+00 1.20000000E-01
3.64572095E-01 3.64525198E-06 1.00000000E+00 1.20000000E-01
3.76097586E-01 2.56825344E-06 1.00000000E+00 1.20000000E-01
3.87987440E-01 1.83086209E-06 1.00000000E+00 1.20000000E-01
4.00253178E-01 1.32353515E-06 1.00000000E+00 1.20000000E-01
4.12906681E-01 9.64144474E-07 1.00000000E+00 1.20000000E-01
4.25960210E-01 7.08748992E-07 1.00000000E+00 1.20000000E-01
4.39426409E-01 5.25811038E-07 1.00000000E+00 1.20000000E-01
4.53318325E-01 3.92775361E-07 1.00000000E+00 1.20000000E-01
4.67649417E-01 2.96423829E-07 1.00000000E+00 1.20000000E-01
4.82433569E-01 2.29285555E-07 1.00000000E+00 1.20000000E-01
