9.85213366E-03 8.95151186E-01 1.00000000E+01 1.20000000E-01
1.01635965E-02 8.80055477E-01 1.00000000E+01 1.20000000E-01
1.04849059E-02 8.66812118E-01 1.00000000E+01 1.20000000E-01
1.08163731E-02 8.55709546E-01 1.00000000E+01 1.20000000E-01
1.11583192E-02 8.44163964E-01 1.00000000E+01 1.20000000E-01
1.15110755E-02 8.31754700E-01 1.00000000E+01 1.20000000E-01
1.18749838E-02 8.18867120E-01 1.00000000E+01 1.20000000E-01
1.22503966E-02 8.05221608E-01 1.00000000E+01 1.20000000E-01
1.26376775E-02 7.92213203E-01 1.00000000E+01 1.20000000E-01
1.30372019E-02 7.82359670E-01 1.00000000E+01 1.20000000E-01
1.34493567E-02 7.71929086E-01 1.00000000E+01 1.20000000E-01
1.38745413E-02 7.60905417E-01 1.00000000E+01 1.20000000E-01
1.43131676E-02 7.49230969E-01 1.00000000E+01 1.20000000E-01
1.47656605E-02 7.37045651E-01 1.00000000E+01 1.20000000E-01
1.52324584E-02 7.24290288E-01 1.00000000E+01 1.20000000E-01
1.57140135E-02 7.15378962E-01 1.00000000E+01 1.20000000E-01
1.62107924E-02 7.06182395E-01 1.00000000E+01 1.20000000E-01
1.67232763E-02 6.96239822E-01 1.00000000E+01 1.20000000E-01
1.72519617E-02 6.85997427E-01 1.00000000E+01 1.20000000E-01
1.77973609E-02 6.75072495E-01 1.00000000E+01 1.20000000E-01
1.83600022E-02 6.63435303E-01 1.00000000E+01 1.20000000E-01
1.89404307E-02 6.54367223E-01 1.00000000E+01 1.20000000E-01
1.95392088E-02 6.46039682E-01 1.00000000E+01 1.20000000E-01
2.01569164E-02 6.37194815E-01 1.00000000E+01 1.20000000E-01
2.07941521E-02 6.27854524E-01 1.00000000E+01 1.20000000E-01
2.14515332E-02 6.18059469E-01 1.00000000E+01 1.20000000E-01
2.21296966E-02 6.07602250E-01 1.00000000E+01 1.20000000E-01
2.28292993E-02 5.98399573E-01 1.00000000E+01 1.20000000E-01
2.35510190E-02 5.90866662E-01 1.00000000E+01 1.20000000E-01
2.42955550E-02 5.82870989E-01 1.00000000E+01 1.20000000E-01
2.50636286E-02 5.74496737E-01 1.00000000E+01 1.20000000E-01
2.58559839E-02 5.65551232E-01 1.00000000E+01 1.20000000E-01
2.66733885E-02 5.56125608E-01 1.00000000E+01 1.20000000E-01
2.75166343E-02 5.46916533E-01 1.00000000E+01 1.20000000E-01
2.83865383E-02 5.39984031E-01 1.00000000E+01 1.20000000E-01
2.92839432E-02 5.32620596E-01 1.00000000E+01 1.20000000E-01
3.02097184E-02 5.24826833E-01 1.00000000E+01 1.20000000E-01
3.11647609E-02 5.16655401E-01 1.00000000E+01 1.20000000E-01
3.21499958E-02 5.07797701E-01 1.00000000E+01 1.20000000E-01
3.31663777E-02 4.98888433E-01 1.00000000E+01 1.20000000E-01
3.42148913E-02 4.92288357E-01 1.00000000E+01 1.20000000E-01
3.52965523E-02 4.85261967E-01 1.00000000E+01 1.20000000E-01
3.64124086E-02 4.77809814E-01 1.00000000E+01 1.20000000E-01
3.75635414E-02 4.69709551E-01 1.00000000E+01 1.20000000E-01
3.87510658E-02 4.60997693E-01 1.00000000E+01 1.20000000E-01
3.99761322E-02 4.52986702E-01 1.00000000E+01 1.20000000E-01
4.12399276E-02 4.46340368E-01 1.00000000E+01 1.20000000E-01
4.25436764E-02 4.39085475E-01 1.00000000E+01 1.20000000E-01
4.38886415E-02 4.31252137E-01 1.00000000E+01 1.20000000E-01
4.52761260E-02 4.22738599E-01 1.00000000E+01 1.20000000E-01
4.67074741E-02 4.14072382E-01 1.00000000E+01 1.20000000E-01
4.81840725E-02 4.07422649E-01 1.00000000E+01 1.20000000E-01
4.97073516E-02 4.00137902E-01 1.00000000E+01 1.20000000E-01
5.12787874E-02 3.92124065E-01 1.00000000E+01 1.20000000E-01
5.28999021E-02 3.83283389E-01 1.00000000E+01 1.20000000E-01
5.45722664E-02 3.75220902E-01 1.00000000E+01 1.20000000E-01
5.62975003E-02 3.68061205E-01 1.00000000E+01 1.20000000E-01
5.80772754E-02 3.60176741E-01 1.00000000E+01 1.20000000E-01
5.99133158E-02 3.51363909E-01 1.00000000E+01 1.20000000E-01
6.18074003E-02 3.42714105E-01 1.00000000E+01 1.20000000E-01
6.37613640E-02 3.35414617E-01 1.00000000E+01 1.20000000E-01
6.57770997E-02 3.27275413E-01 1.00000000E+01 1.20000000E-01
6.78565605E-02 3.18141598E-01 1.00000000E+01 1.20000000E-01
7.00017608E-02 3.10070197E-01 1.00000000E+01 1.20000000E-01
7.22147789E-02 3.02382042E-01 1.00000000E+01 1.20000000E-01
7.44977588E-02 2.93772498E-01 1.00000000E+01 1.20000000E-01
7.68529123E-02 2.84919745E-01 1.00000000E+01 1.20000000E-01
7.92825209E-02 2.77672925E-01 1.00000000E+01 1.20000000E-01
8.17889387E-02 2.69596907E-01 1.00000000E+01 1.20000000E-01
8.43745937E-02 2.60795188E-01 1.00000000E+01 1.20000000E-01
8.70419909E-02 2.54079332E-01 1.00000000E+01 1.20000000E-01
8.97937146E-02 2.46615522E-01 1.00000000E+01 1.20000000E-01
9.26324306E-02 2.38286657E-01 1.00000000E+01 1.20000000E-01
9.55608890E-02 2.31639743E-01 1.00000000E+01 1.20000000E-01
9.85819270E-02 2.23426042E-01 1.00000000E+01 1.20000000E-01
1.01698471E-01 2.13145556E-01 1.00000000E+01 1.20000000E-01
1.04913541E-01 1.99074741E-01 1.00000000E+01 1.20000000E-01
1.08230252E-01 1.88547971E-01 1.00000000E+01 1.20000000E-01
1.11651816E-01 1.79896668E-01 1.00000000E+01 1.20000000E-01
1.15181548E-01 1.74079690E-01 1.00000000E+01 1.20000000E-01
1.18822869E-01 1.68096958E-01 1.00000000E+01 1.20000000E-01
1.22579305E-01 1.62689405E-01 1.00000000E+01 1.20000000E-01
1.26454497E-01 1.58384442E-01 1.00000000E+01 1.20000000E-01
1.30452197E-01 1.53902037E-01 1.00000000E+01 1.20000000E-01
1.34576280E-01 1.49328153E-01 1.00000000E+01 1.20000000E-01
1.38830741E-01 1.46032152E-01 1.00000000E+01 1.20000000E-01
1.43219701E-01 1.42563787E-01 1.00000000E+01 1.20000000E-01
1.47747413E-01 1.38893100E-01 1.00000000E+01 1.20000000E-01
1.52418263E-01 1.35484494E-01 1.00000000E+01 1.20000000E-01
1.57236775E-01 1.32771199E-01 1.00000000E+01 1.20000000E-01
1.62207619E-01 1.29908151E-01 1.00000000E+01 1.20000000E-01
1.67335610E-01 1.26874962E-01 1.00000000E+01 1.20000000E-01
1.72625717E-01 1.23872406E-01 1.00000000E+01 1.20000000E-01
1.78083063E-01 1.21615299E-01 1.00000000E+01 1.20000000E-01
1.83712936E-01 1.19225475E-01 1.00000000E+01 1.20000000E-01
1.89520791E-01 1.16680048E-01 1.00000000E+01 1.20000000E-01
1.95512253E-01 1.13973024E-01 1.00000000E+01 1.20000000E-01
2.01693129E-01 1.11855771E-01 1.00000000E+01 1.20000000E-01
2.08069405E-01 1.09836960E-01 1.00000000E+01 1.20000000E-01
2.14647259E-01 1.07687098E-01 1.00000000E+01 1.20000000E-01
2.21433063E-01 1.05412008E-01 1.00000000E+01 1.20000000E-01
2.28433393E-01 1.03065263E-01 1.00000000E+01 1.20000000E-01
2.35655029E-01 1.01355019E-01 1.00000000E+01 1.20000000E-01
2.43104968E-01 9.95327240E-02 1.00000000E+01 1.20000000E-01
2.50790427E-01 9.75856982E-02 1.00000000E+01 1.20000000E-01
2.58718853E-01 9.55081382E-02 1.00000000E+01 1.20000000E-01
2.66897926E-01 9.35634249E-02 1.00000000E+01 1.20000000E-01
2.75335570E-01 9.20124652E-02 1.00000000E+01 1.20000000E-01
2.84039959E-01 9.03522132E-02 1.00000000E+01 1.20000000E-01
2.93019527E-01 8.85711717E-02 1.00000000E+01 1.20000000E-01
3.02282973E-01 8.66692289E-02 1.00000000E+01 1.20000000E-01
3.11839271E-01 8.50172025E-02 1.00000000E+01 1.20000000E-01
3.21697680E-01 8.35873799E-02 1.00000000E+01 1.20000000E-01
3.31867750E-01 8.20637135E-02 1.00000000E+01 1.20000000E-01
3.42359333E-01 8.04354045E-02 1.00000000E+01 1.20000000E-01
3.53182596E-01 7.86856386E-02 1.00000000E+01 1.20000000E-01
3.64348022E-01 7.72740602E-02 1.00000000E+01 1.20000000E-01
3.75866429E-01 7.59573498E-02 1.00000000E+01 1.20000000E-01
3.87748976E-01 7.45487284E-02 1.00000000E+01 1.20000000E-01
4.00007174E-01 7.30438731E-02 1.00000000E+01 1.20000000E-01
4.12652901E-01 7.14410204E-02 1.00000000E+01 1.20000000E-01
4.25698406E-01 7.02352512E-02 1.00000000E+01 1.20000000E-01
4.39156329E-01 6.90245045E-02 1.00000000E+01 1.20000000E-01
4.53039707E-01 6.77266233E-02 1.00000000E+01 1.20000000E-01
4.67361991E-01 6.63399415E-02 1.00000000E+01 1.20000000E-01
4.82137055E-01 6.48759950E-02 1.00000000E+01 1.20000000E-01
4.97379215E-01 6.38405013E-02 1.00000000E+01 1.20000000E-01
5.13103237E-01 6.27261579E-02 1.00000000E+01 1.20000000E-01
5.29324354E-01 6.15315452E-02 1.00000000E+01 1.20000000E-01
5.46058282E-01 6.02559335E-02 1.00000000E+01 1.20000000E-01
5.63321231E-01 5.89838588E-02 1.00000000E+01 1.20000000E-01
5.81129927E-01 5.80255875E-02 1.00000000E+01 1.20000000E-01
5.99501623E-01 5.70027488E-02 1.00000000E+01 1.20000000E-01
6.18454117E-01 5.59082954E-02 1.00000000E+01 1.20000000E-01
6.38005771E-01 5.47344342E-02 1.00000000E+01 1.20000000E-01
6.58175525E-01 5.36429825E-02 1.00000000E+01 1.20000000E-01
6.78982921E-01 5.27619266E-02 1.00000000E+01 1.20000000E-01
7.00448117E-01 5.18195728E-02 1.00000000E+01 1.20000000E-01
7.22591908E-01 5.08087352E-02 1.00000000E+01 1.20000000E-01
7.45435747E-01 4.97267963E-02 1.00000000E+01 1.20000000E-01
7.69001766E-01 4.87719305E-02 1.00000000E+01 1.20000000E-01
7.93312795E-01 4.79589617E-02 1.00000000E+01 1.20000000E-01
8.18392387E-01 4.70832091E-02 1.00000000E+01 1.20000000E-01
8.44264838E-01 4.61481767E-02 1.00000000E+01 1.20000000E-01
8.70955215E-01 4.51458908E-02 1.00000000E+01 1.20000000E-01
8.98489375E-01 4.43203488E-02 1.00000000E+01 1.20000000E-01
9.26893993E-01 4.35654517E-02 1.00000000E+01 1.20000000E-01
9.56196587E-01 4.27497547E-02 1.00000000E+01 1.20000000E-01
9.86425546E-01 4.18786257E-02 1.00000000E+01 1.20000000E-01
1.01761016E+00 4.09419304E-02 1.00000000E+01 1.20000000E-01
1.04978063E+00 4.02403948E-02 1.00000000E+01 1.20000000E-01
1.08296813E+00 3.95256973E-02 1.00000000E+01 1.20000000E-01
1.11720481E+00 3.87551948E-02 1.00000000E+01 1.20000000E-01
1.15252385E+00 3.79295728E-02 1.00000000E+01 1.20000000E-01
1.18895945E+00 3.70960084E-02 1.00000000E+01 1.20000000E-01
1.22654691E+00 3.64615193E-02 1.00000000E+01 1.20000000E-01
1.26532266E+00 3.57746357E-02 1.00000000E+01 1.20000000E-01
1.30532425E+00 3.50363785E-02 1.00000000E+01 1.20000000E-01
1.34659044E+00 3.42337976E-02 1.00000000E+01 1.20000000E-01
1.38916122E+00 3.35475791E-02 1.00000000E+01 1.20000000E-01
1.43307781E+00 3.29230992E-02 1.00000000E+01 1.20000000E-01
1.47838277E+00 3.22451681E-02 1.00000000E+01 1.20000000E-01
1.52512000E+00 3.14969439E-02 1.00000000E+01 1.20000000E-01
1.57333476E+00 3.07496197E-02 1.00000000E+01 1.20000000E-01
1.62307377E+00 3.01244922E-02 1.00000000E+01 1.20000000E-01
1.67438521E+00 2.93588323E-02 1.00000000E+01 1.20000000E-01
1.72731881E+00 2.82695897E-02 1.00000000E+01 1.20000000E-01
1.78192583E+00 2.70265564E-02 1.00000000E+01 1.20000000E-01
1.83825919E+00 2.59139830E-02 1.00000000E+01 1.20000000E-01
1.89637345E+00 2.50994694E-02 1.00000000E+01 1.20000000E-01
1.95632493E+00 2.43218023E-02 1.00000000E+01 1.20000000E-01
2.01817169E+00 2.34731743E-02 1.00000000E+01 1.20000000E-01
2.08197367E+00 2.28275133E-02 1.00000000E+01 1.20000000E-01
2.14779266E+00 2.21377766E-02 1.00000000E+01 1.20000000E-01
2.21569244E+00 2.13571848E-02 1.00000000E+01 1.20000000E-01
2.28573879E+00 2.07589322E-02 1.00000000E+01 1.20000000E-01
2.35799956E+00 2.00912679E-02 1.00000000E+01 1.20000000E-01
2.43254476E+00 1.93649340E-02 1.00000000E+01 1.20000000E-01
2.50944663E+00 1.87943397E-02 1.00000000E+01 1.20000000E-01
2.58877964E+00 1.81439815E-02 1.00000000E+01 1.20000000E-01
2.67062067E+00 1.75061109E-02 1.00000000E+01 1.20000000E-01
2.75504900E+00 1.69341522E-02 1.00000000E+01 1.20000000E-01
2.84214643E+00 1.62596900E-02 1.00000000E+01 1.20000000E-01
2.93199734E+00 1.56856309E-02 1.00000000E+01 1.20000000E-01
3.02468877E+00 1.50373022E-02 1.00000000E+01 1.20000000E-01
3.12031052E+00 1.43794450E-02 1.00000000E+01 1.20000000E-01
3.21895523E+00 1.36344652E-02 1.00000000E+01 1.20000000E-01
3.32071848E+00 1.27428917E-02 1.00000000E+01 1.20000000E-01
3.42569884E+00 1.13939460E-02 1.00000000E+01 1.20000000E-01
3.53399802E+00 9.10499525E-03 1.00000000E+01 1.20000000E-01
3.64572095E+00 5.55901372E-03 1.00000000E+01 1.20000000E-01
3.76097586E+00 2.73387341E-03 1.00000000E+01 1.20000000E-01
3.87987440E+00 1.32570972E-03 1.00000000E+01 1.20000000E-01
4.00253178E+00 6.60068160E-04 1.00000000E+01 1.20000000E-01
4.12906681E+00 3.35920229E-04 1.00000000E+01 1.20000000E-01
4.25960210E+00 1.74130107E-04 1.00000000E+01 1.20000000E-01
4.39426409E+00 9.17343333E-05 1.00000000E+01 1.20000000E-01
4.53318325E+00 4.88631384E-05 1.00000000E+01 1.20000000E-01
4.67649417E+00 2.61726421E-05 1.00000000E+01 1.20000000E-01
4.82433569E+00 1.40115363E-05 1.00000000E+01 1.20000000E-01
