2.02040429E-04 5.68418520E-04 1.01020215E-03 1.20000000E-01
2.19134818E-04 5.95443765E-04 1.09567409E-03 1.20000000E-01
2.37675541E-04 6.20276234E-04 1.18837771E-03 1.20000000E-01
2.57784972E-04 6.48860852E-04 1.28892486E-03 1.20000000E-01
2.79595837E-04 6.76652566E-04 1.39797919E-03 1.20000000E-01
3.03252092E-04 7.06862431E-04 1.51626046E-03 1.20000000E-01
3.28909874E-04 7.38055322E-04 1.64454937E-03 1.20000000E-01
3.56738528E-04 7.69809420E-04 1.78369264E-03 1.20000000E-01
3.86921729E-04 8.04829005E-04 1.93460865E-03 1.20000000E-01
4.19658694E-04 8.38071738E-04 2.09829347E-03 1.20000000E-01
4.55165493E-04 8.77383878E-04 2.27582746E-03 1.20000000E-01
4.93676477E-04 9.11977981E-04 2.46838239E-03 1.20000000E-01
5.35445828E-04 9.55994753E-04 2.67722914E-03 1.20000000E-01
5.80749232E-04 9.93836770E-04 2.90374616E-03 1.20000000E-01
6.29885700E-04 1.04102879E-03 3.14942850E-03 1.20000000E-01
6.83179543E-04 1.08316794E-03 3.41589772E-03 1.20000000E-01
7.40982512E-04 1.13185700E-03 3.70491256E-03 1.20000000E-01
8.03676118E-04 1.17870974E-03 4.01838059E-03 1.20000000E-01
8.71674152E-04 1.22785131E-03 4.35837076E-03 1.20000000E-01
9.45425415E-04 1.27980808E-03 4.72712707E-03 1.20000000E-01
1.02541668E-03 1.32734728E-03 5.12708340E-03 1.20000000E-01
1.11217591E-03 1.38505822E-03 5.56087953E-03 1.20000000E-01
1.20627572E-03 1.43463969E-03 6.03137861E-03 1.20000000E-01
1.30833721E-03 1.49363020E-03 6.54168603E-03 1.20000000E-01
1.41903398E-03 1.55000340E-03 7.09516992E-03 1.20000000E-01
1.53909668E-03 1.60516370E-03 7.69548340E-03 1.20000000E-01
1.66931773E-03 1.67042315E-03 8.34658865E-03 1.20000000E-01
1.81055662E-03 1.72759102E-03 9.05278310E-03 1.20000000E-01
1.96374556E-03 1.79731677E-03 9.81872778E-03 1.20000000E-01
2.12989562E-03 1.86518295E-03 1.06494781E-02 1.20000000E-01
2.31010343E-03 1.93251398E-03 1.15505171E-02 1.20000000E-01
2.50555840E-03 2.01322370E-03 1.25277920E-02 1.20000000E-01
2.71755057E-03 2.08449810E-03 1.35877528E-02 1.20000000E-01
2.94747913E-03 2.17400003E-03 1.47373957E-02 1.20000000E-01
3.19686167E-03 2.25815164E-03 1.59843083E-02 1.20000000E-01
3.46734414E-03 2.34895777E-03 1.73367207E-02 1.20000000E-01
3.76071181E-03 2.44806565E-03 1.88035590E-02 1.20000000E-01
4.07890094E-03 2.54011318E-03 2.03945047E-02 1.20000000E-01
4.42401166E-03 2.65561005E-03 2.21200583E-02 1.20000000E-01
4.79832177E-03 2.75577420E-03 2.39916088E-02 1.20000000E-01
5.20430179E-03 2.88235067E-03 2.60215089E-02 1.20000000E-01
5.64463127E-03 2.99807349E-03 2.82231563E-02 1.20000000E-01
6.12221648E-03 3.12994512E-03 3.06110824E-02 1.20000000E-01
6.64020958E-03 3.26287086E-03 3.32010479E-02 1.20000000E-01
7.20202943E-03 3.40057445E-03 3.60101471E-02 1.20000000E-01
7.81138415E-03 3.55134120E-03 3.90569208E-02 1.20000000E-01
8.47229562E-03 3.69484119E-03 4.23614781E-02 1.20000000E-01
9.18912598E-03 3.86713728E-03 4.59456299E-02 1.20000000E-01
9.96660647E-03 4.01544124E-03 4.98330323E-02 1.20000000E-01
1.08098686E-02 4.21029528E-03 5.40493430E-02 1.20000000E-01
1.17244781E-02 4.37754655E-03 5.86223905E-02 1.20000000E-01
1.27164716E-02 4.58393763E-03 6.35823579E-02 1.20000000E-01
1.37923964E-02 4.77297770E-03 6.89619818E-02 1.20000000E-01
1.49593538E-02 4.99071356E-03 7.47967691E-02 1.20000000E-01
1.62250461E-02 5.20400505E-03 8.11252304E-02 1.20000000E-01
1.75978270E-02 5.43401210E-03 8.79891350E-02 1.20000000E-01
1.90867572E-02 5.67352344E-03 9.54337859E-02 1.20000000E-01
2.07016639E-02 5.91310884E-03 1.03508319E-01 1.20000000E-01
2.24532059E-02 6.18347274E-03 1.12266029E-01 1.20000000E-01
2.43529436E-02 6.43030061E-03 1.21764718E-01 1.20000000E-01
2.64134158E-02 6.73393760E-03 1.32067079E-01 1.20000000E-01
2.86482219E-02 6.99124534E-03 1.43241110E-01 1.20000000E-01
3.10721122E-02 7.32127674E-03 1.55360561E-01 1.20000000E-01
3.37010849E-02 7.60420909E-03 1.68505425E-01 1.20000000E-01
3.65524917E-02 7.92863536E-03 1.82762458E-01 1.20000000E-01
3.96451524E-02 8.23391989E-03 1.98225762E-01 1.20000000E-01
4.29994793E-02 8.51592420E-03 2.14997396E-01 1.20000000E-01
4.66376116E-02 8.83549199E-03 2.33188058E-01 1.20000000E-01
5.05835617E-02 9.09626274E-03 2.52917808E-01 1.20000000E-01
5.48633737E-02 9.33247892E-03 2.74316869E-01 1.20000000E-01
5.95052953E-02 9.57786561E-03 2.97526477E-01 1.20000000E-01
6.45399642E-02 9.76056727E-03 3.22699821E-01 1.20000000E-01
7.00006100E-02 9.88881217E-03 3.50003050E-01 1.20000000E-01
7.59232743E-02 9.97042568E-03 3.79616371E-01 1.20000000E-01
8.23470478E-02 1.00168529E-02 4.11735239E-01 1.20000000E-01
8.93143288E-02 1.00450787E-02 4.46571644E-01 1.20000000E-01
9.68711028E-02 1.00273792E-02 4.84355514E-01 1.20000000E-01
1.05067246E-01 9.48569354E-03 5.25336230E-01 1.20000000E-01
1.13956855E-01 9.11144394E-03 5.69784273E-01 1.20000000E-01
1.23598602E-01 9.07856005E-03 6.17993009E-01 1.20000000E-01
1.34056125E-01 9.14599877E-03 6.70280627E-01 1.20000000E-01
1.45398447E-01 9.27338054E-03 7.26992234E-01 1.20000000E-01
1.57700428E-01 9.49625175E-03 7.88502140E-01 1.20000000E-01
1.71043265E-01 9.73717052E-03 8.55216323E-01 1.20000000E-01
1.85515022E-01 9.97923977E-03 9.27575109E-01 1.20000000E-01
2.01211216E-01 1.02471614E-02 1.00605608E+00 1.20000000E-01
2.18235446E-01 1.05833767E-02 1.09117723E+00 1.20000000E-01
2.36700075E-01 1.08957583E-02 1.18350038E+00 1.20000000E-01
2.56726973E-01 1.12044742E-02 1.28363487E+00 1.20000000E-01
2.78448322E-01 1.16005160E-02 1.39224161E+00 1.20000000E-01
3.02007487E-01 1.19567945E-02 1.51003744E+00 1.20000000E-01
3.27559964E-01 1.23100437E-02 1.63779982E+00 1.20000000E-01
3.55274404E-01 1.27485711E-02 1.77637202E+00 1.20000000E-01
3.85333728E-01 1.31427458E-02 1.92666864E+00 1.20000000E-01
4.17936334E-01 1.35409321E-02 2.08968167E+00 1.20000000E-01
4.53297406E-01 1.40240381E-02 2.26648703E+00 1.20000000E-01
4.91650334E-01 1.44573484E-02 2.45825167E+00 1.20000000E-01
5.33248256E-01 1.49155747E-02 2.66624128E+00 1.20000000E-01
5.78365725E-01 1.54459097E-02 2.89182863E+00 1.20000000E-01
6.27300528E-01 1.59231274E-02 3.13650264E+00 1.20000000E-01
6.80375643E-01 1.64672115E-02 3.40187821E+00 1.20000000E-01
7.37941377E-01 1.70504043E-02 3.68970689E+00 1.20000000E-01
8.00377677E-01 1.75732679E-02 4.00188838E+00 1.20000000E-01
8.68096633E-01 1.82124203E-02 4.34048317E+00 1.20000000E-01
9.41545207E-01 1.88492076E-02 4.70772603E+00 1.20000000E-01
1.02120817E+00 1.94169453E-02 5.10604086E+00 1.20000000E-01
1.10761132E+00 2.01773304E-02 5.53805661E+00 1.20000000E-01
1.20132493E+00 2.08633902E-02 6.00662467E+00 1.20000000E-01
1.30296754E+00 2.15498653E-02 6.51483769E+00 1.20000000E-01
1.41321000E+00 2.23642302E-02 7.06604998E+00 1.20000000E-01
1.53277993E+00 2.30827128E-02 7.66389965E+00 1.20000000E-01
1.66246653E+00 2.37554493E-02 8.31233264E+00 1.20000000E-01
1.80312575E+00 2.34242140E-02 9.01562874E+00 1.20000000E-01
1.95568597E+00 2.36110549E-02 9.77842984E+00 1.20000000E-01
2.12115412E+00 2.40725203E-02 1.06057706E+01 1.20000000E-01
2.30062232E+00 2.45721830E-02 1.15031116E+01 1.20000000E-01
2.49527511E+00 2.50699072E-02 1.24763755E+01 1.20000000E-01
2.70639722E+00 2.56090045E-02 1.35319861E+01 1.20000000E-01
2.93538211E+00 2.63565795E-02 1.46769106E+01 1.20000000E-01
3.18374113E+00 2.70404758E-02 1.59187057E+01 1.20000000E-01
3.45311350E+00 2.76690913E-02 1.72655675E+01 1.20000000E-01
3.74527712E+00 2.83610858E-02 1.87263856E+01 1.20000000E-01
4.06216035E+00 2.93349542E-02 2.03108017E+01 1.20000000E-01
4.40585467E+00 3.02807405E-02 2.20292733E+01 1.20000000E-01
4.77862853E+00 3.12867819E-02 2.38931427E+01 1.20000000E-01
5.18294233E+00 3.25041468E-02 2.59147117E+01 1.20000000E-01
5.62146462E+00 3.36011509E-02 2.81073231E+01 1.20000000E-01
6.09708972E+00 3.49527089E-02 3.04854486E+01 1.20000000E-01
6.61295688E+00 3.62895225E-02 3.30647844E+01 1.20000000E-01
7.17247091E+00 3.76204921E-02 3.58623546E+01 1.20000000E-01
7.77932473E+00 3.92187104E-02 3.88966236E+01 1.20000000E-01
8.43752369E+00 4.06277435E-02 4.21876184E+01 1.20000000E-01
9.15141204E+00 4.24038279E-02 4.57570602E+01 1.20000000E-01
9.92570160E+00 4.40309991E-02 4.96285080E+01 1.20000000E-01
1.07655028E+01 4.58127107E-02 5.38275141E+01 1.20000000E-01
1.16763586E+01 4.77103712E-02 5.83817930E+01 1.20000000E-01
1.26642807E+01 4.94920137E-02 6.33214036E+01 1.20000000E-01
1.37357897E+01 5.17273446E-02 6.86789486E+01 1.20000000E-01
1.48979578E+01 5.36561741E-02 7.44897888E+01 1.20000000E-01
1.61584554E+01 5.60625792E-02 8.07922769E+01 1.20000000E-01
1.75256021E+01 5.82632616E-02 8.76280106E+01 1.20000000E-01
1.90084215E+01 6.07091274E-02 9.50421073E+01 1.20000000E-01
2.06167003E+01 6.32859706E-02 1.03083501E+02 1.20000000E-01
2.23610536E+01 6.58270415E-02 1.11805268E+02 1.20000000E-01
2.42529944E+01 6.87741564E-02 1.21264972E+02 1.20000000E-01
2.63050100E+01 7.13284483E-02 1.31525050E+02 1.20000000E-01
2.85306441E+01 7.46884422E-02 1.42653221E+02 1.20000000E-01
3.09445863E+01 7.75561067E-02 1.54722932E+02 1.20000000E-01
3.35627692E+01 8.10735745E-02 1.67813846E+02 1.20000000E-01
3.64024732E+01 8.43657524E-02 1.82012366E+02 1.20000000E-01
3.94824410E+01 8.79738869E-02 1.97412205E+02 1.20000000E-01
4.28230011E+01 9.17534443E-02 2.14115006E+02 1.20000000E-01
4.64462018E+01 9.54694102E-02 2.32231009E+02 1.20000000E-01
5.03759570E+01 9.97648292E-02 2.51879785E+02 1.20000000E-01
5.46382039E+01 1.03570912E-01 2.73191019E+02 1.20000000E-01
5.92610742E+01 1.08475813E-01 2.96305371E+02 1.20000000E-01
6.42750797E+01 1.12672480E-01 3.21375399E+02 1.20000000E-01
6.97133140E+01 1.17905295E-01 3.48566570E+02 1.20000000E-01
7.56116706E+01 1.22676635E-01 3.78058353E+02 1.20000000E-01
8.20090797E+01 1.28100602E-01 4.10045398E+02 1.20000000E-01
8.89477656E+01 1.33526885E-01 4.44738828E+02 1.20000000E-01
9.64735251E+01 1.39202815E-01 4.82367626E+02 1.20000000E-01
1.04636030E+02 1.45356718E-01 5.23180149E+02 1.20000000E-01
1.13489154E+02 1.51141372E-01 5.67445768E+02 1.20000000E-01
1.23091329E+02 1.58125862E-01 6.15456647E+02 1.20000000E-01
1.33505933E+02 1.64109101E-01 6.67529666E+02 1.20000000E-01
1.44801704E+02 1.71994253E-01 7.24008518E+02 1.20000000E-01
1.57053195E+02 1.78755671E-01 7.85265976E+02 1.20000000E-01
1.70341270E+02 1.86981464E-01 8.51706350E+02 1.20000000E-01
1.84753632E+02 1.94667210E-01 9.23768162E+02 1.20000000E-01
2.00385407E+02 2.03267079E-01 1.00192703E+03 1.20000000E-01
2.17339766E+02 2.11933484E-01 1.08669883E+03 1.20000000E-01
2.35728613E+02 2.20738708E-01 1.17864306E+03 1.20000000E-01
2.55673316E+02 2.30583672E-01 1.27836658E+03 1.20000000E-01
2.77305517E+02 2.39562802E-01 1.38652758E+03 1.20000000E-01
3.00767991E+02 2.50664924E-01 1.50383995E+03 1.20000000E-01
3.26215595E+02 2.60197127E-01 1.63107798E+03 1.20000000E-01
3.53816290E+02 2.72326013E-01 1.76908145E+03 1.20000000E-01
3.83752244E+02 2.83094050E-01 1.91876122E+03 1.20000000E-01
4.16221043E+02 2.95561911E-01 2.08110522E+03 1.20000000E-01
4.51436986E+02 3.07835359E-01 2.25718493E+03 1.20000000E-01
4.89632507E+02 3.20510117E-01 2.44816253E+03 1.20000000E-01
5.31059702E+02 3.34495993E-01 2.65529851E+03 1.20000000E-01
5.75992001E+02 3.47309003E-01 2.87996001E+03 1.20000000E-01
6.24725966E+02 3.63272828E-01 3.12362983E+03 1.20000000E-01
6.77583250E+02 3.76979398E-01 3.38791625E+03 1.20000000E-01
7.34912724E+02 3.94356505E-01 3.67456362E+03 1.20000000E-01
7.97092773E+02 4.10028146E-01 3.98546386E+03 1.20000000E-01
8.64533798E+02 4.28025447E-01 4.32266899E+03 1.20000000E-01
9.37680924E+02 4.45871889E-01 4.68840462E+03 1.20000000E-01
1.01701694E+03 4.64365252E-01 5.08508469E+03 1.20000000E-01
1.10306547E+03 4.84830158E-01 5.51532736E+03 1.20000000E-01
1.19639447E+03 5.03670176E-01 5.98197233E+03 1.20000000E-01
1.29761991E+03 5.27033608E-01 6.48809954E+03 1.20000000E-01
1.40740991E+03 5.47062543E-01 7.03704955E+03 1.20000000E-01
1.52648911E+03 5.72810628E-01 7.63244553E+03 1.20000000E-01
1.65564345E+03 5.95634603E-01 8.27821723E+03 1.20000000E-01
1.79572537E+03 6.22770933E-01 8.97862686E+03 1.20000000E-01
1.94765946E+03 6.48620312E-01 9.73829728E+03 1.20000000E-01
2.11244849E+03 6.76616219E-01 1.05622425E+04 1.20000000E-01
