9.85213366E-01 2.65469273E-01 1.00000000E+03 1.20000000E-01
1.01635965E+00 2.65772067E-01 1.00000000E+03 1.20000000E-01
1.04849059E+00 2.63958532E-01 1.00000000E+03 1.20000000E-01
1.08163731E+00 2.62051478E-01 1.00000000E+03 1.20000000E-01
1.11583192E+00 2.60245839E-01 1.00000000E+03 1.20000000E-01
1.15110755E+00 2.57973763E-01 1.00000000E+03 1.20000000E-01
1.18749838E+00 2.57117307E-01 1.00000000E+03 1.20000000E-01
1.22503966E+00 2.54867674E-01 1.00000000E+03 1.20000000E-01
1.26376775E+00 2.52111832E-01 1.00000000E+03 1.20000000E-01
1.30372019E+00 2.49117365E-01 1.00000000E+03 1.20000000E-01
1.34493567E+00 2.46211673E-01 1.00000000E+03 1.20000000E-01
1.38745413E+00 2.44808992E-01 1.00000000E+03 1.20000000E-01
1.43131676E+00 2.41242681E-01 1.00000000E+03 1.20000000E-01
1.47656605E+00 2.37783645E-01 1.00000000E+03 1.20000000E-01
1.52324584E+00 2.34135926E-01 1.00000000E+03 1.20000000E-01
1.57140135E+00 2.30776859E-01 1.00000000E+03 1.20000000E-01
1.62107924E+00 2.27177492E-01 1.00000000E+03 1.20000000E-01
1.67232763E+00 2.23399643E-01 1.00000000E+03 1.20000000E-01
1.72519617E+00 2.19385376E-01 1.00000000E+03 1.20000000E-01
1.77973609E+00 2.15476890E-01 1.00000000E+03 1.20000000E-01
1.83600022E+00 2.12292362E-01 1.00000000E+03 1.20000000E-01
1.89404307E+00 2.09231649E-01 1.00000000E+03 1.20000000E-01
1.95392088E+00 2.06221121E-01 1.00000000E+03 1.20000000E-01
2.01569164E+00 2.03233709E-01 1.00000000E+03 1.20000000E-01
2.07941521E+00 2.00253482E-01 1.00000000E+03 1.20000000E-01
2.14515332E+00 1.97353844E-01 1.00000000E+03 1.20000000E-01
2.21296966E+00 1.94925857E-01 1.00000000E+03 1.20000000E-01
2.28292993E+00 1.92484610E-01 1.00000000E+03 1.20000000E-01
2.35510190E+00 1.89989664E-01 1.00000000E+03 1.20000000E-01
2.42955550E+00 1.87392153E-01 1.00000000E+03 1.20000000E-01
2.50636286E+00 1.84719540E-01 1.00000000E+03 1.20000000E-01
2.58559839E+00 1.81983175E-01 1.00000000E+03 1.20000000E-01
2.66733885E+00 1.79372814E-01 1.00000000E+03 1.20000000E-01
2.75166343E+00 1.77111528E-01 1.00000000E+03 1.20000000E-01
2.83865383E+00 1.74832366E-01 1.00000000E+03 1.20000000E-01
2.92839432E+00 1.72521765E-01 1.00000000E+03 1.20000000E-01
3.02097184E+00 1.70125303E-01 1.00000000E+03 1.20000000E-01
3.11647609E+00 1.67611806E-01 1.00000000E+03 1.20000000E-01
3.21499958E+00 1.65005545E-01 1.00000000E+03 1.20000000E-01
3.31663777E+00 1.62710538E-01 1.00000000E+03 1.20000000E-01
3.42148913E+00 1.60544521E-01 1.00000000E+03 1.20000000E-01
3.52965523E+00 1.58359838E-01 1.00000000E+03 1.20000000E-01
3.64124086E+00 1.56131934E-01 1.00000000E+03 1.20000000E-01
3.75635414E+00 1.53861726E-01 1.00000000E+03 1.20000000E-01
3.87510658E+00 1.51498035E-01 1.00000000E+03 1.20000000E-01
3.99761322E+00 1.49148187E-01 1.00000000E+03 1.20000000E-01
4.12399276E+00 1.47152630E-01 1.00000000E+03 1.20000000E-01
4.25436764E+00 1.45101157E-01 1.00000000E+03 1.20000000E-01
4.38886415E+00 1.42990170E-01 1.00000000E+03 1.20000000E-01
4.52761260E+00 1.40836240E-01 1.00000000E+03 1.20000000E-01
4.67074741E+00 1.38613384E-01 1.00000000E+03 1.20000000E-01
4.81840725E+00 1.36339745E-01 1.00000000E+03 1.20000000E-01
4.97073516E+00 1.34526898E-01 1.00000000E+03 1.20000000E-01
5.12787874E+00 1.32631040E-01 1.00000000E+03 1.20000000E-01
5.28999021E+00 1.30674718E-01 1.00000000E+03 1.20000000E-01
5.45722664E+00 1.28647725E-01 1.00000000E+03 1.20000000E-01
5.62975003E+00 1.26545180E-01 1.00000000E+03 1.20000000E-01
5.80772754E+00 1.24375926E-01 1.00000000E+03 1.20000000E-01
5.99133158E+00 1.22668145E-01 1.00000000E+03 1.20000000E-01
6.18074003E+00 1.20932354E-01 1.00000000E+03 1.20000000E-01
6.37613640E+00 1.19140235E-01 1.00000000E+03 1.20000000E-01
6.57770997E+00 1.17269541E-01 1.00000000E+03 1.20000000E-01
6.78565605E+00 1.15327355E-01 1.00000000E+03 1.20000000E-01
7.00017608E+00 1.13297027E-01 1.00000000E+03 1.20000000E-01
7.22147789E+00 1.11724107E-01 1.00000000E+03 1.20000000E-01
7.44977588E+00 1.10103798E-01 1.00000000E+03 1.20000000E-01
7.68529123E+00 1.08442317E-01 1.00000000E+03 1.20000000E-01
7.92825209E+00 1.06697577E-01 1.00000000E+03 1.20000000E-01
8.17889387E+00 1.04877401E-01 1.00000000E+03 1.20000000E-01
8.43745937E+00 1.03054630E-01 1.00000000E+03 1.20000000E-01
8.70419909E+00 1.01625589E-01 1.00000000E+03 1.20000000E-01
8.97937146E+00 1.00121828E-01 1.00000000E+03 1.20000000E-01
9.26324306E+00 9.85653984E-02 1.00000000E+03 1.20000000E-01
9.55608890E+00 9.69387129E-02 1.00000000E+03 1.20000000E-01
9.85819270E+00 9.52633679E-02 1.00000000E+03 1.20000000E-01
1.01698471E+01 9.36574109E-02 1.00000000E+03 1.20000000E-01
1.04913541E+01 9.23298911E-02 1.00000000E+03 1.20000000E-01
1.08230252E+01 9.09356361E-02 1.00000000E+03 1.20000000E-01
1.11651816E+01 8.94917124E-02 1.00000000E+03 1.20000000E-01
1.15181548E+01 8.79810579E-02 1.00000000E+03 1.20000000E-01
1.18822869E+01 8.63930670E-02 1.00000000E+03 1.20000000E-01
1.22579305E+01 8.50302166E-02 1.00000000E+03 1.20000000E-01
1.26454497E+01 8.37892349E-02 1.00000000E+03 1.20000000E-01
1.30452197E+01 8.25008634E-02 1.00000000E+03 1.20000000E-01
1.34576280E+01 8.11466362E-02 1.00000000E+03 1.20000000E-01
1.38830741E+01 7.97431941E-02 1.00000000E+03 1.20000000E-01
1.43219701E+01 7.82641315E-02 1.00000000E+03 1.20000000E-01
1.47747413E+01 7.71347361E-02 1.00000000E+03 1.20000000E-01
1.52418263E+01 7.59768585E-02 1.00000000E+03 1.20000000E-01
1.57236775E+01 7.47744983E-02 1.00000000E+03 1.20000000E-01
1.62207619E+01 7.35156374E-02 1.00000000E+03 1.20000000E-01
1.67335610E+01 7.21912440E-02 1.00000000E+03 1.20000000E-01
1.72625717E+01 7.09369125E-02 1.00000000E+03 1.20000000E-01
1.78083063E+01 6.99074906E-02 1.00000000E+03 1.20000000E-01
1.83712936E+01 6.88303384E-02 1.00000000E+03 1.20000000E-01
1.89520791E+01 6.77076985E-02 1.00000000E+03 1.20000000E-01
1.95512253E+01 6.65398352E-02 1.00000000E+03 1.20000000E-01
2.01693129E+01 6.52974309E-02 1.00000000E+03 1.20000000E-01
2.08069405E+01 6.42843314E-02 1.00000000E+03 1.20000000E-01
2.14647259E+01 6.33205511E-02 1.00000000E+03 1.20000000E-01
2.21433063E+01 6.23110456E-02 1.00000000E+03 1.20000000E-01
2.28433393E+01 6.12800242E-02 1.00000000E+03 1.20000000E-01
2.35655029E+01 6.01747799E-02 1.00000000E+03 1.20000000E-01
2.43104968E+01 5.90591321E-02 1.00000000E+03 1.20000000E-01
2.50790427E+01 5.82037457E-02 1.00000000E+03 1.20000000E-01
2.58718853E+01 5.73061135E-02 1.00000000E+03 1.20000000E-01
2.66897926E+01 5.63705453E-02 1.00000000E+03 1.20000000E-01
2.75335570E+01 5.53841670E-02 1.00000000E+03 1.20000000E-01
2.84039959E+01 5.43497090E-02 1.00000000E+03 1.20000000E-01
2.93019527E+01 5.34579893E-02 1.00000000E+03 1.20000000E-01
3.02282973E+01 5.26554986E-02 1.00000000E+03 1.20000000E-01
3.11839271E+01 5.18131141E-02 1.00000000E+03 1.20000000E-01
3.21697680E+01 5.09282408E-02 1.00000000E+03 1.20000000E-01
3.31867750E+01 5.00070631E-02 1.00000000E+03 1.20000000E-01
3.42359333E+01 4.90658374E-02 1.00000000E+03 1.20000000E-01
3.53182596E+01 4.83476547E-02 1.00000000E+03 1.20000000E-01
3.64348022E+01 4.75926752E-02 1.00000000E+03 1.20000000E-01
3.75866429E+01 4.67991324E-02 1.00000000E+03 1.20000000E-01
3.87748976E+01 4.59645209E-02 1.00000000E+03 1.20000000E-01
4.00007174E+01 4.50864863E-02 1.00000000E+03 1.20000000E-01
4.12652901E+01 4.43529044E-02 1.00000000E+03 1.20000000E-01
4.25698406E+01 4.36754035E-02 1.00000000E+03 1.20000000E-01
4.39156329E+01 4.29627460E-02 1.00000000E+03 1.20000000E-01
4.53039707E+01 4.22126931E-02 1.00000000E+03 1.20000000E-01
4.67361991E+01 4.14228337E-02 1.00000000E+03 1.20000000E-01
4.82137055E+01 4.06613212E-02 1.00000000E+03 1.20000000E-01
4.97379215E+01 4.00500459E-02 1.00000000E+03 1.20000000E-01
5.13103237E+01 3.94062737E-02 1.00000000E+03 1.20000000E-01
5.29324354E+01 3.87279434E-02 1.00000000E+03 1.20000000E-01
5.46058282E+01 3.80128158E-02 1.00000000E+03 1.20000000E-01
5.63321231E+01 3.72583548E-02 1.00000000E+03 1.20000000E-01
5.81129927E+01 3.66864687E-02 1.00000000E+03 1.20000000E-01
5.99501623E+01 3.60965990E-02 1.00000000E+03 1.20000000E-01
6.18454117E+01 3.54791756E-02 1.00000000E+03 1.20000000E-01
6.38005771E+01 3.48271632E-02 1.00000000E+03 1.20000000E-01
6.58175525E+01 3.41381068E-02 1.00000000E+03 1.20000000E-01
6.78982921E+01 3.35613937E-02 1.00000000E+03 1.20000000E-01
7.00448117E+01 3.30259075E-02 1.00000000E+03 1.20000000E-01
7.22591908E+01 3.24603849E-02 1.00000000E+03 1.20000000E-01
7.45435747E+01 3.18613987E-02 1.00000000E+03 1.20000000E-01
7.69001766E+01 3.12265112E-02 1.00000000E+03 1.20000000E-01
7.93312795E+01 3.06565119E-02 1.00000000E+03 1.20000000E-01
8.18392387E+01 3.01616577E-02 1.00000000E+03 1.20000000E-01
8.44264838E+01 2.96372301E-02 1.00000000E+03 1.20000000E-01
8.70955215E+01 2.90808574E-02 1.00000000E+03 1.20000000E-01
8.98489375E+01 2.84900202E-02 1.00000000E+03 1.20000000E-01
9.26893993E+01 2.79549511E-02 1.00000000E+03 1.20000000E-01
9.56196587E+01 2.74921850E-02 1.00000000E+03 1.20000000E-01
9.86425546E+01 2.70002405E-02 1.00000000E+03 1.20000000E-01
1.01761016E+02 2.64752640E-02 1.00000000E+03 1.20000000E-01
1.04978063E+02 2.59131367E-02 1.00000000E+03 1.20000000E-01
1.08296813E+02 2.54257766E-02 1.00000000E+03 1.20000000E-01
1.11720481E+02 2.49859454E-02 1.00000000E+03 1.20000000E-01
1.15252385E+02 2.45164954E-02 1.00000000E+03 1.20000000E-01
1.18895945E+02 2.40146746E-02 1.00000000E+03 1.20000000E-01
1.22654691E+02 2.34775844E-02 1.00000000E+03 1.20000000E-01
1.26532266E+02 2.30596434E-02 1.00000000E+03 1.20000000E-01
1.30532425E+02 2.26296767E-02 1.00000000E+03 1.20000000E-01
1.34659044E+02 2.21713918E-02 1.00000000E+03 1.20000000E-01
1.38916122E+02 2.16747961E-02 1.00000000E+03 1.20000000E-01
1.43307781E+02 2.12040559E-02 1.00000000E+03 1.20000000E-01
1.47838277E+02 2.08082996E-02 1.00000000E+03 1.20000000E-01
1.52512000E+02 2.03813305E-02 1.00000000E+03 1.20000000E-01
1.57333476E+02 1.99196843E-02 1.00000000E+03 1.20000000E-01
1.62307377E+02 1.94287618E-02 1.00000000E+03 1.20000000E-01
1.67438521E+02 1.90541602E-02 1.00000000E+03 1.20000000E-01
1.72731881E+02 1.86464727E-02 1.00000000E+03 1.20000000E-01
1.78192583E+02 1.82064778E-02 1.00000000E+03 1.20000000E-01
1.83825919E+02 1.77201374E-02 1.00000000E+03 1.20000000E-01
1.89637345E+02 1.73464907E-02 1.00000000E+03 1.20000000E-01
1.95632493E+02 1.69284852E-02 1.00000000E+03 1.20000000E-01
2.01817169E+02 1.64788324E-02 1.00000000E+03 1.20000000E-01
2.08197367E+02 1.59900562E-02 1.00000000E+03 1.20000000E-01
2.14779266E+02 1.55432553E-02 1.00000000E+03 1.20000000E-01
2.21569244E+02 1.49988372E-02 1.00000000E+03 1.20000000E-01
2.28573879E+02 1.44130577E-02 1.00000000E+03 1.20000000E-01
2.35799956E+02 1.37385957E-02 1.00000000E+03 1.20000000E-01
2.43254476E+02 1.29315394E-02 1.00000000E+03 1.20000000E-01
2.50944663E+02 1.19071044E-02 1.00000000E+03 1.20000000E-01
2.58877964E+02 1.05551339E-02 1.00000000E+03 1.20000000E-01
2.67062067E+02 8.74556486E-03 1.00000000E+03 1.20000000E-01
2.75504900E+02 6.51799338E-03 1.00000000E+03 1.20000000E-01
2.84214643E+02 4.41192069E-03 1.00000000E+03 1.20000000E-01
2.93199734E+02 2.89875258E-03 1.00000000E+03 1.20000000E-01
3.02468877E+02 1.89677576E-03 1.00000000E+03 1.20000000E-01
3.12031052E+02 1.25684096E-03 1.00000000E+03 1.20000000E-01
3.21895523E+02 8.38172147E-04 1.00000000E+03 1.20000000E-01
3.32071848E+02 5.65760592E-04 1.00000000E+03 1.20000000E-01
3.42569884E+02 3.85777219E-04 1.00000000E+03 1.20000000E-01
3.53399802E+02 2.65254491E-04 1.00000000E+03 1.20000000E-01
3.64572095E+02 1.84030960E-04 1.00000000E+03 1.20000000E-01
3.76097586E+02 1.28624424E-04 1.00000000E+03 1.20000000E-01
3.87987440E+02 9.08048492E-05 1.00000000E+03 1.20000000E-01
4.00253178E+02 6.45905935E-05 1.00000000E+03 1.20000000E-01
4.12906681E+02 4.61473838E-05 1.00000000E+03 1.20000000E-01
4.25960210E+02 3.32462744E-05 1.00000000E+03 1.20000000E-01
4.39426409E+02 2.40283913E-05 1.00000000E+03 1.20000000E-01
4.53318325E+02 1.74595311E-05 1.00000000E+03 1.20000000E-01
4.67649417E+02 1.26687981E-05 1.00000000E+03 1.20000000E-01
4.82433569E+02 9.22229815E-06 1.00000000E+03 1.20000000E-01
