9.85213366E-05 8.67351880E-02 1.00000000E-01 1.20000000E-01
1.01635965E-04 8.54051134E-02 1.00000000E-01 1.20000000E-01
1.04849059E-04 8.43495334E-02 1.00000000E-01 1.20000000E-01
1.08163731E-04 8.32444301E-02 1.00000000E-01 1.20000000E-01
1.11583192E-04 8.20792081E-02 1.00000000E-01 1.20000000E-01
1.15110755E-04 8.08514589E-02 1.00000000E-01 1.20000000E-01
1.18749838E-04 7.95534693E-02 1.00000000E-01 1.20000000E-01
1.22503966E-04 7.81998379E-02 1.00000000E-01 1.20000000E-01
1.26376775E-04 7.72397873E-02 1.00000000E-01 1.20000000E-01
1.30372019E-04 7.62511153E-02 1.00000000E-01 1.20000000E-01
1.34493567E-04 7.52022088E-02 1.00000000E-01 1.20000000E-01
1.38745413E-04 7.41085075E-02 1.00000000E-01 1.20000000E-01
1.43131676E-04 7.29461314E-02 1.00000000E-01 1.20000000E-01
1.47656605E-04 7.17337455E-02 1.00000000E-01 1.20000000E-01
1.52324584E-04 7.07141043E-02 1.00000000E-01 1.20000000E-01
1.57140135E-04 6.98302347E-02 1.00000000E-01 1.20000000E-01
1.62107924E-04 6.88909601E-02 1.00000000E-01 1.20000000E-01
1.67232763E-04 6.79113456E-02 1.00000000E-01 1.20000000E-01
1.72519617E-04 6.68701295E-02 1.00000000E-01 1.20000000E-01
1.77973609E-04 6.57828692E-02 1.00000000E-01 1.20000000E-01
1.83600022E-04 6.47287016E-02 1.00000000E-01 1.20000000E-01
1.89404307E-04 6.39370479E-02 1.00000000E-01 1.20000000E-01
1.95392088E-04 6.30957571E-02 1.00000000E-01 1.20000000E-01
2.01569164E-04 6.22143302E-02 1.00000000E-01 1.20000000E-01
2.07941521E-04 6.12852469E-02 1.00000000E-01 1.20000000E-01
2.14515332E-04 6.03104862E-02 1.00000000E-01 1.20000000E-01
2.21296966E-04 5.92769696E-02 1.00000000E-01 1.20000000E-01
2.28292993E-04 5.85242800E-02 1.00000000E-01 1.20000000E-01
2.35510190E-04 5.77763283E-02 1.00000000E-01 1.20000000E-01
2.42955550E-04 5.69861089E-02 1.00000000E-01 1.20000000E-01
2.50636286E-04 5.61538767E-02 1.00000000E-01 1.20000000E-01
2.58559839E-04 5.52729822E-02 1.00000000E-01 1.20000000E-01
2.66733885E-04 5.43537726E-02 1.00000000E-01 1.20000000E-01
2.75166343E-04 5.35651774E-02 1.00000000E-01 1.20000000E-01
2.83865383E-04 5.28952174E-02 1.00000000E-01 1.20000000E-01
2.92839432E-04 5.21835829E-02 1.00000000E-01 1.20000000E-01
3.02097184E-04 5.14409779E-02 1.00000000E-01 1.20000000E-01
3.11647609E-04 5.06512453E-02 1.00000000E-01 1.20000000E-01
3.21499958E-04 4.98261954E-02 1.00000000E-01 1.20000000E-01
3.31663777E-04 4.90177176E-02 1.00000000E-01 1.20000000E-01
3.42148913E-04 4.84176483E-02 1.00000000E-01 1.20000000E-01
3.52965523E-04 4.77796399E-02 1.00000000E-01 1.20000000E-01
3.64124086E-04 4.71108199E-02 1.00000000E-01 1.20000000E-01
3.75635414E-04 4.64054415E-02 1.00000000E-01 1.20000000E-01
3.87510658E-04 4.56649509E-02 1.00000000E-01 1.20000000E-01
3.99761322E-04 4.48794405E-02 1.00000000E-01 1.20000000E-01
4.12399276E-04 4.43064128E-02 1.00000000E-01 1.20000000E-01
4.25436764E-04 4.37383007E-02 1.00000000E-01 1.20000000E-01
4.38886415E-04 4.31376906E-02 1.00000000E-01 1.20000000E-01
4.52761260E-04 4.25046000E-02 1.00000000E-01 1.20000000E-01
4.67074741E-04 4.18339172E-02 1.00000000E-01 1.20000000E-01
4.81840725E-04 4.11329831E-02 1.00000000E-01 1.20000000E-01
4.97073516E-04 4.05380137E-02 1.00000000E-01 1.20000000E-01
5.12787874E-04 4.00270744E-02 1.00000000E-01 1.20000000E-01
5.28999021E-04 3.94836483E-02 1.00000000E-01 1.20000000E-01
5.45722664E-04 3.89134558E-02 1.00000000E-01 1.20000000E-01
5.62975003E-04 3.83092520E-02 1.00000000E-01 1.20000000E-01
5.80772754E-04 3.76716045E-02 1.00000000E-01 1.20000000E-01
5.99133158E-04 3.70686776E-02 1.00000000E-01 1.20000000E-01
6.18074003E-04 3.66056219E-02 1.00000000E-01 1.20000000E-01
6.37613640E-04 3.61138890E-02 1.00000000E-01 1.20000000E-01
6.57770997E-04 3.55949270E-02 1.00000000E-01 1.20000000E-01
6.78565605E-04 3.50429075E-02 1.00000000E-01 1.20000000E-01
7.00017608E-04 3.44634718E-02 1.00000000E-01 1.20000000E-01
7.22147789E-04 3.38673597E-02 1.00000000E-01 1.20000000E-01
7.44977588E-04 3.34386418E-02 1.00000000E-01 1.20000000E-01
7.68529123E-04 3.29867920E-02 1.00000000E-01 1.20000000E-01
7.92825209E-04 3.25041988E-02 1.00000000E-01 1.20000000E-01
8.17889387E-04 3.19954519E-02 1.00000000E-01 1.20000000E-01
8.43745937E-04 3.14533818E-02 1.00000000E-01 1.20000000E-01
8.70419909E-04 3.08856950E-02 1.00000000E-01 1.20000000E-01
8.97937146E-04 3.04866209E-02 1.00000000E-01 1.20000000E-01
9.26324306E-04 3.00586868E-02 1.00000000E-01 1.20000000E-01
9.55608890E-04 2.96035048E-02 1.00000000E-01 1.20000000E-01
9.85819270E-04 2.91223066E-02 1.00000000E-01 1.20000000E-01
1.01698471E-03 2.86076587E-02 1.00000000E-01 1.20000000E-01
1.04913541E-03 2.80958725E-02 1.00000000E-01 1.20000000E-01
1.08230252E-03 2.77117730E-02 1.00000000E-01 1.20000000E-01
1.11651816E-03 2.73041697E-02 1.00000000E-01 1.20000000E-01
1.15181548E-03 2.68707233E-02 1.00000000E-01 1.20000000E-01
1.18822869E-03 2.64067507E-02 1.00000000E-01 1.20000000E-01
1.22579305E-03 2.59124952E-02 1.00000000E-01 1.20000000E-01
1.26454497E-03 2.54829897E-02 1.00000000E-01 1.20000000E-01
1.30452197E-03 2.51150138E-02 1.00000000E-01 1.20000000E-01
1.34576280E-03 2.47228464E-02 1.00000000E-01 1.20000000E-01
1.38830741E-03 2.43066025E-02 1.00000000E-01 1.20000000E-01
1.43219701E-03 2.38617810E-02 1.00000000E-01 1.20000000E-01
1.47747413E-03 2.33907345E-02 1.00000000E-01 1.20000000E-01
1.52418263E-03 2.30593906E-02 1.00000000E-01 1.20000000E-01
1.57236775E-03 2.27072261E-02 1.00000000E-01 1.20000000E-01
1.62207619E-03 2.23329887E-02 1.00000000E-01 1.20000000E-01
1.67335610E-03 2.19380376E-02 1.00000000E-01 1.20000000E-01
1.72625717E-03 2.15166368E-02 1.00000000E-01 1.20000000E-01
1.78083063E-03 2.11555597E-02 1.00000000E-01 1.20000000E-01
1.83712936E-03 2.08429948E-02 1.00000000E-01 1.20000000E-01
1.89520791E-03 2.05115949E-02 1.00000000E-01 1.20000000E-01
1.95512253E-03 2.01601812E-02 1.00000000E-01 1.20000000E-01
2.01693129E-03 1.97878335E-02 1.00000000E-01 1.20000000E-01
2.08069405E-03 1.94068750E-02 1.00000000E-01 1.20000000E-01
2.14647259E-03 1.91328224E-02 1.00000000E-01 1.20000000E-01
2.21433063E-03 1.88442182E-02 1.00000000E-01 1.20000000E-01
2.28433393E-03 1.85369276E-02 1.00000000E-01 1.20000000E-01
2.35655029E-03 1.82117964E-02 1.00000000E-01 1.20000000E-01
2.43104968E-03 1.78677012E-02 1.00000000E-01 1.20000000E-01
2.50790427E-03 1.75752462E-02 1.00000000E-01 1.20000000E-01
2.58718853E-03 1.73233086E-02 1.00000000E-01 1.20000000E-01
2.66897926E-03 1.70581844E-02 1.00000000E-01 1.20000000E-01
2.75335570E-03 1.67764248E-02 1.00000000E-01 1.20000000E-01
2.84039959E-03 1.64785524E-02 1.00000000E-01 1.20000000E-01
2.93019527E-03 1.61637947E-02 1.00000000E-01 1.20000000E-01
3.02282973E-03 1.59385485E-02 1.00000000E-01 1.20000000E-01
3.11839271E-03 1.57100657E-02 1.00000000E-01 1.20000000E-01
3.21697680E-03 1.54670345E-02 1.00000000E-01 1.20000000E-01
3.31867750E-03 1.52103833E-02 1.00000000E-01 1.20000000E-01
3.42359333E-03 1.49412950E-02 1.00000000E-01 1.20000000E-01
3.53182596E-03 1.46745117E-02 1.00000000E-01 1.20000000E-01
3.64348022E-03 1.44766477E-02 1.00000000E-01 1.20000000E-01
3.75866429E-03 1.42684428E-02 1.00000000E-01 1.20000000E-01
3.87748976E-03 1.40480393E-02 1.00000000E-01 1.20000000E-01
4.00007174E-03 1.38157561E-02 1.00000000E-01 1.20000000E-01
4.12652901E-03 1.35694876E-02 1.00000000E-01 1.20000000E-01
4.25698406E-03 1.33447753E-02 1.00000000E-01 1.20000000E-01
4.39156329E-03 1.31652044E-02 1.00000000E-01 1.20000000E-01
4.53039707E-03 1.29762192E-02 1.00000000E-01 1.20000000E-01
4.67361991E-03 1.27760536E-02 1.00000000E-01 1.20000000E-01
4.82137055E-03 1.25648416E-02 1.00000000E-01 1.20000000E-01
4.97379215E-03 1.23408627E-02 1.00000000E-01 1.20000000E-01
5.13103237E-03 1.21454989E-02 1.00000000E-01 1.20000000E-01
5.29324354E-03 1.19832671E-02 1.00000000E-01 1.20000000E-01
5.46058282E-03 1.18112636E-02 1.00000000E-01 1.20000000E-01
5.63321231E-03 1.16288821E-02 1.00000000E-01 1.20000000E-01
5.81129927E-03 1.14362521E-02 1.00000000E-01 1.20000000E-01
5.99501623E-03 1.12333650E-02 1.00000000E-01 1.20000000E-01
6.18454117E-03 1.10587089E-02 1.00000000E-01 1.20000000E-01
6.38005771E-03 1.09096581E-02 1.00000000E-01 1.20000000E-01
6.58175525E-03 1.07516697E-02 1.00000000E-01 1.20000000E-01
6.78982921E-03 1.05847828E-02 1.00000000E-01 1.20000000E-01
7.00448117E-03 1.04084053E-02 1.00000000E-01 1.20000000E-01
7.22591908E-03 1.02203916E-02 1.00000000E-01 1.20000000E-01
7.45435747E-03 1.00659477E-02 1.00000000E-01 1.20000000E-01
7.69001766E-03 9.92815098E-03 1.00000000E-01 1.20000000E-01
7.93312795E-03 9.78362654E-03 1.00000000E-01 1.20000000E-01
8.18392387E-03 9.62908795E-03 1.00000000E-01 1.20000000E-01
8.44264838E-03 9.46426546E-03 1.00000000E-01 1.20000000E-01
8.70955215E-03 9.28909149E-03 1.00000000E-01 1.20000000E-01
8.98489375E-03 9.15522607E-03 1.00000000E-01 1.20000000E-01
9.26893993E-03 9.02735228E-03 1.00000000E-01 1.20000000E-01
9.56196587E-03 8.89009878E-03 1.00000000E-01 1.20000000E-01
9.86425546E-03 8.74428789E-03 1.00000000E-01 1.20000000E-01
1.01761016E-02 8.58934401E-03 1.00000000E-01 1.20000000E-01
1.04978063E-02 8.42662153E-03 1.00000000E-01 1.20000000E-01
1.08296813E-02 8.31121539E-03 1.00000000E-01 1.20000000E-01
1.11720481E-02 8.18892031E-03 1.00000000E-01 1.20000000E-01
1.15252385E-02 8.05716360E-03 1.00000000E-01 1.20000000E-01
1.18895945E-02 7.91639263E-03 1.00000000E-01 1.20000000E-01
1.22654691E-02 7.76736770E-03 1.00000000E-01 1.20000000E-01
1.26532266E-02 7.63286571E-03 1.00000000E-01 1.20000000E-01
1.30532425E-02 7.52046609E-03 1.00000000E-01 1.20000000E-01
1.34659044E-02 7.40018245E-03 1.00000000E-01 1.20000000E-01
1.38916122E-02 7.26956302E-03 1.00000000E-01 1.20000000E-01
1.43307781E-02 7.12894093E-03 1.00000000E-01 1.20000000E-01
1.47838277E-02 6.98742537E-03 1.00000000E-01 1.20000000E-01
1.52512000E-02 6.88075983E-03 1.00000000E-01 1.20000000E-01
1.57333476E-02 6.76608746E-03 1.00000000E-01 1.20000000E-01
1.62307377E-02 6.64088328E-03 1.00000000E-01 1.20000000E-01
1.67438521E-02 6.50496283E-03 1.00000000E-01 1.20000000E-01
1.72731881E-02 6.36701670E-03 1.00000000E-01 1.20000000E-01
1.78192583E-02 6.26202489E-03 1.00000000E-01 1.20000000E-01
1.83825919E-02 6.14714837E-03 1.00000000E-01 1.20000000E-01
1.89637345E-02 6.02205156E-03 1.00000000E-01 1.20000000E-01
1.95632493E-02 5.88452451E-03 1.00000000E-01 1.20000000E-01
2.01817169E-02 5.76159787E-03 1.00000000E-01 1.20000000E-01
2.08197367E-02 5.65245051E-03 1.00000000E-01 1.20000000E-01
2.14779266E-02 5.53079711E-03 1.00000000E-01 1.20000000E-01
2.21569244E-02 5.39541551E-03 1.00000000E-01 1.20000000E-01
2.28573879E-02 5.26359209E-03 1.00000000E-01 1.20000000E-01
2.35799956E-02 5.15292358E-03 1.00000000E-01 1.20000000E-01
2.43254476E-02 5.02734779E-03 1.00000000E-01 1.20000000E-01
2.50944663E-02 4.88481636E-03 1.00000000E-01 1.20000000E-01
2.58877964E-02 4.76036377E-03 1.00000000E-01 1.20000000E-01
2.67062067E-02 4.63835910E-03 1.00000000E-01 1.20000000E-01
2.75504900E-02 4.49479838E-03 1.00000000E-01 1.20000000E-01
2.84214643E-02 4.34903510E-03 1.00000000E-01 1.20000000E-01
2.93199734E-02 4.20138127E-03 1.00000000E-01 1.20000000E-01
3.02468877E-02 4.00340387E-03 1.00000000E-01 1.20000000E-01
3.12031052E-02 3.69069025E-03 1.00000000E-01 1.20000000E-01
3.21895523E-02 3.23442238E-03 1.00000000E-01 1.20000000E-01
3.32071848E-02 2.35522223E-03 1.00000000E-01 1.20000000E-01
3.42569884E-02 1.26453958E-03 1.00000000E-01 1.20000000E-01
3.53399802E-02 6.05723281E-04 1.00000000E-01 1.20000000E-01
3.64572095E-02 2.92260784E-04 1.00000000E-01 1.20000000E-01
3.76097586E-02 1.43409254E-04 1.00000000E-01 1.20000000E-01
3.87987440E-02 7.17571060E-05 1.00000000E-01 1.20000000E-01
4.00253178E-02 3.64169834E-05 1.00000000E-01 1.20000000E-01
4.12906681E-02 1.87383638E-05 1.00000000E-01 1.20000000E-01
4.25960210E-02 9.77279522E-06 1.00000000E-01 1.20000000E-01
4.39426409E-02 5.15168246E-06 1.00000000E-01 1.20000000E-01
4.53318325E-02 2.73556869E-06 1.00000000E-01 1.20000000E-01
4.67649417E-02 1.44983953E-06 1.00000000E-01 1.20000000E-01
4.82433569E-02 7.51707163E-07 1.00000000E-01 1.20000000E-01
