9.85213366E-03 8.94556933E-01 1.00000000E+01 1.20000000E-01
1.01635965E-02 8.79288118E-01 1.00000000E+01 1.20000000E-01
1.04849059E-02 8.66369797E-01 1.00000000E+01 1.20000000E-01
1.08163731E-02 8.55243330E-01 1.00000000E+01 1.20000000E-01
1.11583192E-02 8.43608964E-01 1.00000000E+01 1.20000000E-01
1.15110755E-02 8.31276038E-01 1.00000000E+01 1.20000000E-01
1.18749838E-02 8.18288175E-01 1.00000000E+01 1.20000000E-01
1.22503966E-02 8.04624241E-01 1.00000000E+01 1.20000000E-01
1.26376775E-02 7.91803554E-01 1.00000000E+01 1.20000000E-01
1.30372019E-02 7.81834087E-01 1.00000000E+01 1.20000000E-01
1.34493567E-02 7.71460500E-01 1.00000000E+01 1.20000000E-01
1.38745413E-02 7.60412671E-01 1.00000000E+01 1.20000000E-01
1.43131676E-02 7.48711050E-01 1.00000000E+01 1.20000000E-01
1.47656605E-02 7.36479793E-01 1.00000000E+01 1.20000000E-01
1.52324584E-02 7.23900967E-01 1.00000000E+01 1.20000000E-01
1.57140135E-02 7.15032639E-01 1.00000000E+01 1.20000000E-01
1.62107924E-02 7.05627278E-01 1.00000000E+01 1.20000000E-01
1.67232763E-02 6.95682679E-01 1.00000000E+01 1.20000000E-01
1.72519617E-02 6.85313621E-01 1.00000000E+01 1.20000000E-01
1.77973609E-02 6.74316095E-01 1.00000000E+01 1.20000000E-01
1.83600022E-02 6.62633498E-01 1.00000000E+01 1.20000000E-01
1.89404307E-02 6.53816581E-01 1.00000000E+01 1.20000000E-01
1.95392088E-02 6.45439951E-01 1.00000000E+01 1.20000000E-01
2.01569164E-02 6.36515563E-01 1.00000000E+01 1.20000000E-01
2.07941521E-02 6.27214660E-01 1.00000000E+01 1.20000000E-01
2.14515332E-02 6.17333001E-01 1.00000000E+01 1.20000000E-01
2.21296966E-02 6.06833125E-01 1.00000000E+01 1.20000000E-01
2.28292993E-02 5.97871823E-01 1.00000000E+01 1.20000000E-01
2.35510190E-02 5.90328645E-01 1.00000000E+01 1.20000000E-01
2.42955550E-02 5.82322896E-01 1.00000000E+01 1.20000000E-01
2.50636286E-02 5.73849269E-01 1.00000000E+01 1.20000000E-01
2.58559839E-02 5.64937436E-01 1.00000000E+01 1.20000000E-01
2.66733885E-02 5.55406882E-01 1.00000000E+01 1.20000000E-01
2.75166343E-02 5.46422317E-01 1.00000000E+01 1.20000000E-01
2.83865383E-02 5.39457050E-01 1.00000000E+01 1.20000000E-01
2.92839432E-02 5.32179141E-01 1.00000000E+01 1.20000000E-01
3.02097184E-02 5.24356531E-01 1.00000000E+01 1.20000000E-01
3.11647609E-02 5.16001623E-01 1.00000000E+01 1.20000000E-01
3.21499958E-02 5.07093536E-01 1.00000000E+01 1.20000000E-01
3.31663777E-02 4.98460656E-01 1.00000000E+01 1.20000000E-01
3.42148913E-02 4.91856417E-01 1.00000000E+01 1.20000000E-01
3.52965523E-02 4.84781340E-01 1.00000000E+01 1.20000000E-01
3.64124086E-02 4.77194356E-01 1.00000000E+01 1.20000000E-01
3.75635414E-02 4.69042282E-01 1.00000000E+01 1.20000000E-01
3.87510658E-02 4.60362491E-01 1.00000000E+01 1.20000000E-01
3.99761322E-02 4.52529396E-01 1.00000000E+01 1.20000000E-01
4.12399276E-02 4.45836461E-01 1.00000000E+01 1.20000000E-01
4.25436764E-02 4.38585077E-01 1.00000000E+01 1.20000000E-01
4.38886415E-02 4.30712578E-01 1.00000000E+01 1.20000000E-01
4.52761260E-02 4.22146494E-01 1.00000000E+01 1.20000000E-01
4.67074741E-02 4.13634760E-01 1.00000000E+01 1.20000000E-01
4.81840725E-02 4.06908347E-01 1.00000000E+01 1.20000000E-01
4.97073516E-02 3.99500724E-01 1.00000000E+01 1.20000000E-01
5.12787874E-02 3.91350849E-01 1.00000000E+01 1.20000000E-01
5.28999021E-02 3.82397355E-01 1.00000000E+01 1.20000000E-01
5.45722664E-02 3.74453463E-01 1.00000000E+01 1.20000000E-01
5.62975003E-02 3.67163924E-01 1.00000000E+01 1.20000000E-01
5.80772754E-02 3.58993805E-01 1.00000000E+01 1.20000000E-01
5.99133158E-02 3.49935357E-01 1.00000000E+01 1.20000000E-01
6.18074003E-02 3.41449924E-01 1.00000000E+01 1.20000000E-01
6.37613640E-02 3.33825109E-01 1.00000000E+01 1.20000000E-01
6.57770997E-02 3.25137441E-01 1.00000000E+01 1.20000000E-01
6.78565605E-02 3.15426566E-01 1.00000000E+01 1.20000000E-01
7.00017608E-02 3.07567361E-01 1.00000000E+01 1.20000000E-01
7.22147789E-02 2.99081362E-01 1.00000000E+01 1.20000000E-01
7.44977588E-02 2.89338680E-01 1.00000000E+01 1.20000000E-01
7.68529123E-02 2.80841219E-01 1.00000000E+01 1.20000000E-01
7.92825209E-02 2.72173655E-01 1.00000000E+01 1.20000000E-01
8.17889387E-02 2.62217791E-01 1.00000000E+01 1.20000000E-01
8.43745937E-02 2.53931826E-01 1.00000000E+01 1.20000000E-01
8.70419909E-02 2.44744473E-01 1.00000000E+01 1.20000000E-01
8.97937146E-02 2.35267792E-01 1.00000000E+01 1.20000000E-01
9.26324306E-02 2.26547094E-01 1.00000000E+01 1.20000000E-01
9.55608890E-02 2.16225632E-01 1.00000000E+01 1.20000000E-01
9.85819270E-02 2.06511727E-01 1.00000000E+01 1.20000000E-01
1.01698471E-01 1.93941732E-01 1.00000000E+01 1.20000000E-01
1.04913541E-01 1.78351130E-01 1.00000000E+01 1.20000000E-01
1.08230252E-01 1.65503878E-01 1.00000000E+01 1.20000000E-01
1.11651816E-01 1.55912622E-01 1.00000000E+01 1.20000000E-01
1.15181548E-01 1.46874708E-01 1.00000000E+01 1.20000000E-01
1.18822869E-01 1.38693196E-01 1.00000000E+01 1.20000000E-01
1.22579305E-01 1.31386845E-01 1.00000000E+01 1.20000000E-01
1.26454497E-01 1.23924093E-01 1.00000000E+01 1.20000000E-01
1.30452197E-01 1.17581706E-01 1.00000000E+01 1.20000000E-01
1.34576280E-01 1.11109533E-01 1.00000000E+01 1.20000000E-01
1.38830741E-01 1.05016167E-01 1.00000000E+01 1.20000000E-01
1.43219701E-01 9.93959816E-02 1.00000000E+01 1.20000000E-01
1.47747413E-01 9.36237174E-02 1.00000000E+01 1.20000000E-01
1.52418263E-01 8.85676798E-02 1.00000000E+01 1.20000000E-01
1.57236775E-01 8.35033740E-02 1.00000000E+01 1.20000000E-01
1.62207619E-01 7.84829345E-02 1.00000000E+01 1.20000000E-01
1.67335610E-01 7.40483420E-02 1.00000000E+01 1.20000000E-01
1.72625717E-01 6.95484708E-02 1.00000000E+01 1.20000000E-01
1.78083063E-01 6.51280445E-02 1.00000000E+01 1.20000000E-01
1.83712936E-01 6.11561829E-02 1.00000000E+01 1.20000000E-01
1.89520791E-01 5.71803174E-02 1.00000000E+01 1.20000000E-01
1.95512253E-01 5.32633583E-02 1.00000000E+01 1.20000000E-01
2.01693129E-01 4.95225801E-02 1.00000000E+01 1.20000000E-01
2.08069405E-01 4.59758382E-02 1.00000000E+01 1.20000000E-01
2.14647259E-01 4.24794425E-02 1.00000000E+01 1.20000000E-01
2.21433063E-01 3.90533342E-02 1.00000000E+01 1.20000000E-01
2.28433393E-01 3.57072888E-02 1.00000000E+01 1.20000000E-01
2.35655029E-01 3.24520663E-02 1.00000000E+01 1.20000000E-01
2.43104968E-01 2.93225047E-02 1.00000000E+01 1.20000000E-01
2.50790427E-01 2.64104283E-02 1.00000000E+01 1.20000000E-01
2.58718853E-01 2.38674103E-02 1.00000000E+01 1.20000000E-01
2.66897926E-01 2.18161416E-02 1.00000000E+01 1.20000000E-01
2.75335570E-01 2.02400475E-02 1.00000000E+01 1.20000000E-01
2.84039959E-01 1.89927836E-02 1.00000000E+01 1.20000000E-01
2.93019527E-01 1.79977853E-02 1.00000000E+01 1.20000000E-01
3.02282973E-01 1.72160768E-02 1.00000000E+01 1.20000000E-01
3.11839271E-01 1.65332741E-02 1.00000000E+01 1.20000000E-01
3.21697680E-01 1.59387022E-02 1.00000000E+01 1.20000000E-01
3.31867750E-01 1.54770021E-02 1.00000000E+01 1.20000000E-01
3.42359333E-01 1.49890574E-02 1.00000000E+01 1.20000000E-01
3.53182596E-01 1.45565348E-02 1.00000000E+01 1.20000000E-01
3.64348022E-01 1.41948728E-02 1.00000000E+01 1.20000000E-01
3.75866429E-01 1.38303150E-02 1.00000000E+01 1.20000000E-01
3.87748976E-01 1.34940715E-02 1.00000000E+01 1.20000000E-01
4.00007174E-01 1.31813172E-02 1.00000000E+01 1.20000000E-01
4.12652901E-01 1.28863664E-02 1.00000000E+01 1.20000000E-01
4.25698406E-01 1.25884150E-02 1.00000000E+01 1.20000000E-01
4.39156329E-01 1.22843505E-02 1.00000000E+01 1.20000000E-01
4.53039707E-01 1.20332766E-02 1.00000000E+01 1.20000000E-01
4.67361991E-01 1.17950554E-02 1.00000000E+01 1.20000000E-01
4.82137055E-01 1.15379219E-02 1.00000000E+01 1.20000000E-01
4.97379215E-01 1.12708895E-02 1.00000000E+01 1.20000000E-01
5.13103237E-01 1.10294344E-02 1.00000000E+01 1.20000000E-01
5.29324354E-01 1.08114279E-02 1.00000000E+01 1.20000000E-01
5.46058282E-01 1.05826488E-02 1.00000000E+01 1.20000000E-01
5.63321231E-01 1.03412240E-02 1.00000000E+01 1.20000000E-01
5.81129927E-01 1.01009785E-02 1.00000000E+01 1.20000000E-01
5.99501623E-01 9.89718682E-03 1.00000000E+01 1.20000000E-01
6.18454117E-01 9.68272004E-03 1.00000000E+01 1.20000000E-01
6.38005771E-01 9.45144508E-03 1.00000000E+01 1.20000000E-01
6.58175525E-01 9.21687830E-03 1.00000000E+01 1.20000000E-01
6.78982921E-01 9.02138166E-03 1.00000000E+01 1.20000000E-01
7.00448117E-01 8.81809071E-03 1.00000000E+01 1.20000000E-01
7.22591908E-01 8.59180833E-03 1.00000000E+01 1.20000000E-01
7.45435747E-01 8.37793387E-03 1.00000000E+01 1.20000000E-01
7.69001766E-01 8.19195046E-03 1.00000000E+01 1.20000000E-01
7.93312795E-01 7.99521352E-03 1.00000000E+01 1.20000000E-01
8.18392387E-01 7.78701110E-03 1.00000000E+01 1.20000000E-01
8.44264838E-01 7.59828949E-03 1.00000000E+01 1.20000000E-01
8.70955215E-01 7.42234175E-03 1.00000000E+01 1.20000000E-01
8.98489375E-01 7.23596110E-03 1.00000000E+01 1.20000000E-01
9.26893993E-01 7.03744941E-03 1.00000000E+01 1.20000000E-01
9.56196587E-01 6.86960775E-03 1.00000000E+01 1.20000000E-01
9.86425546E-01 6.70316272E-03 1.00000000E+01 1.20000000E-01
1.01761016E+00 6.52664297E-03 1.00000000E+01 1.20000000E-01
1.04978063E+00 6.35059158E-03 1.00000000E+01 1.20000000E-01
1.08296813E+00 6.20287166E-03 1.00000000E+01 1.20000000E-01
1.11720481E+00 6.04720139E-03 1.00000000E+01 1.20000000E-01
1.15252385E+00 5.88281900E-03 1.00000000E+01 1.20000000E-01
1.18895945E+00 5.73696613E-03 1.00000000E+01 1.20000000E-01
1.22654691E+00 5.60149674E-03 1.00000000E+01 1.20000000E-01
1.26532266E+00 5.45649161E-03 1.00000000E+01 1.20000000E-01
1.30532425E+00 5.30575287E-03 1.00000000E+01 1.20000000E-01
1.34659044E+00 5.17856943E-03 1.00000000E+01 1.20000000E-01
1.38916122E+00 5.03998060E-03 1.00000000E+01 1.20000000E-01
1.43307781E+00 4.88297319E-03 1.00000000E+01 1.20000000E-01
1.47838277E+00 4.74428593E-03 1.00000000E+01 1.20000000E-01
1.52512000E+00 4.57890982E-03 1.00000000E+01 1.20000000E-01
1.57333476E+00 4.40396576E-03 1.00000000E+01 1.20000000E-01
1.62307377E+00 4.22183507E-03 1.00000000E+01 1.20000000E-01
1.67438521E+00 4.03451554E-03 1.00000000E+01 1.20000000E-01
1.72731881E+00 3.77404588E-03 1.00000000E+01 1.20000000E-01
1.78192583E+00 3.51856968E-03 1.00000000E+01 1.20000000E-01
1.83825919E+00 3.17608871E-03 1.00000000E+01 1.20000000E-01
1.89637345E+00 2.88516711E-03 1.00000000E+01 1.20000000E-01
1.95632493E+00 2.36615930E-03 1.00000000E+01 1.20000000E-01
2.01817169E+00 1.91390000E-03 1.00000000E+01 1.20000000E-01
2.08197367E+00 1.29441044E-03 1.00000000E+01 1.20000000E-01
2.14779266E+00 8.85059841E-04 1.00000000E+01 1.20000000E-01
2.21569244E+00 6.02479575E-04 1.00000000E+01 1.20000000E-01
2.28573879E+00 4.13108421E-04 1.00000000E+01 1.20000000E-01
2.35799956E+00 2.85828247E-04 1.00000000E+01 1.20000000E-01
2.43254476E+00 1.99937259E-04 1.00000000E+01 1.20000000E-01
2.50944663E+00 1.40978790E-04 1.00000000E+01 1.20000000E-01
2.58877964E+00 1.00492986E-04 1.00000000E+01 1.20000000E-01
2.67062067E+00 7.22428715E-05 1.00000000E+01 1.20000000E-01
2.75504900E+00 5.23426958E-05 1.00000000E+01 1.20000000E-01
2.84214643E+00 3.82171045E-05 1.00000000E+01 1.20000000E-01
2.93199734E+00 2.81738809E-05 1.00000000E+01 1.20000000E-01
3.02468877E+00 2.09127469E-05 1.00000000E+01 1.20000000E-01
3.12031052E+00 1.56094050E-05 1.00000000E+01 1.20000000E-01
3.21895523E+00 1.17479507E-05 1.00000000E+01 1.20000000E-01
3.32071848E+00 8.89113792E-06 1.00000000E+01 1.20000000E-01
3.42569884E+00 6.78106519E-06 1.00000000E+01 1.20000000E-01
3.53399802E+00 5.19696410E-06 1.00000000E+01 1.20000000E-01
3.64572095E+00 4.00451318E-06 1.00000000E+01 1.20000000E-01
3.76097586E+00 3.09978919E-06 1.00000000E+01 1.20000000E-01
3.87987440E+00 2.41007298E-06 1.00000000E+01 1.20000000E-01
4.00253178E+00 1.88820830E-06 1.00000000E+01 1.20000000E-01
4.12906681E+00 1.48196179E-06 1.00000000E+01 1.20000000E-01
4.25960210E+00 1.16872008E-06 1.00000000E+01 1.20000000E-01
4.39426409E+00 9.23858765E-07 1.00000000E+01 1.20000000E-01
4.53318325E+00 7.31296694E-07 1.00000000E+01 1.20000000E-01
4.67649417E+00 5.79990905E-07 1.00000000E+01 1.20000000E-01
4.82433569E+00 4.61804559E-07 1.00000000E+01 1.20000000E-01
