1.25277920E-02 1.03049483E+00 1.00000000E+01 1.20000000E-01
1.35877528E-02 9.36683194E-01 1.00000000E+01 1.20000000E-01
1.47373957E-02 8.64198495E-01 1.00000000E+01 1.20000000E-01
1.59843083E-02 8.07630138E-01 1.00000000E+01 1.20000000E-01
1.73367207E-02 7.61258238E-01 1.00000000E+01 1.20000000E-01
1.88035590E-02 7.17068543E-01 1.00000000E+01 1.20000000E-01
2.03945047E-02 6.81437431E-01 1.00000000E+01 1.20000000E-01
2.21200583E-02 6.47401862E-01 1.00000000E+01 1.20000000E-01
2.39916088E-02 6.16896095E-01 1.00000000E+01 1.20000000E-01
2.60215089E-02 5.88673772E-01 1.00000000E+01 1.20000000E-01
2.82231563E-02 5.62111772E-01 1.00000000E+01 1.20000000E-01
3.06110824E-02 5.37124533E-01 1.00000000E+01 1.20000000E-01
3.32010479E-02 5.13550587E-01 1.00000000E+01 1.20000000E-01
3.60101471E-02 4.90393626E-01 1.00000000E+01 1.20000000E-01
3.90569208E-02 4.68277183E-01 1.00000000E+01 1.20000000E-01
4.23614781E-02 4.46332085E-01 1.00000000E+01 1.20000000E-01
4.59456299E-02 4.24323036E-01 1.00000000E+01 1.20000000E-01
4.98330323E-02 4.03056522E-01 1.00000000E+01 1.20000000E-01
5.40493430E-02 3.79745547E-01 1.00000000E+01 1.20000000E-01
5.86223905E-02 3.59150422E-01 1.00000000E+01 1.20000000E-01
6.35823579E-02 3.36327951E-01 1.00000000E+01 1.20000000E-01
6.89619818E-02 3.12502219E-01 1.00000000E+01 1.20000000E-01
7.47967691E-02 2.89249485E-01 1.00000000E+01 1.20000000E-01
8.11252304E-02 2.65913020E-01 1.00000000E+01 1.20000000E-01
8.79891350E-02 2.42204056E-01 1.00000000E+01 1.20000000E-01
9.54337859E-02 2.17564723E-01 1.00000000E+01 1.20000000E-01
1.03508319E-01 1.87164273E-01 1.00000000E+01 1.20000000E-01
1.12266029E-01 1.56504190E-01 1.00000000E+01 1.20000000E-01
1.21764718E-01 1.36123758E-01 1.00000000E+01 1.20000000E-01
1.32067079E-01 1.20907279E-01 1.00000000E+01 1.20000000E-01
1.43241110E-01 1.08423997E-01 1.00000000E+01 1.20000000E-01
1.55360561E-01 9.84044486E-02 1.00000000E+01 1.20000000E-01
1.68505425E-01 9.03423584E-02 1.00000000E+01 1.20000000E-01
1.82762458E-01 8.36110396E-02 1.00000000E+01 1.20000000E-01
1.98225762E-01 7.77411751E-02 1.00000000E+01 1.20000000E-01
2.14997396E-01 7.29962017E-02 1.00000000E+01 1.20000000E-01
2.33188058E-01 6.86975443E-02 1.00000000E+01 1.20000000E-01
2.52917808E-01 6.45337417E-02 1.00000000E+01 1.20000000E-01
2.74316869E-01 6.11062108E-02 1.00000000E+01 1.20000000E-01
2.97526477E-01 5.77558486E-02 1.00000000E+01 1.20000000E-01
3.22699821E-01 5.45654610E-02 1.00000000E+01 1.20000000E-01
3.50003050E-01 5.18284510E-02 1.00000000E+01 1.20000000E-01
3.79616371E-01 4.89403327E-02 1.00000000E+01 1.20000000E-01
4.11735239E-01 4.65804156E-02 1.00000000E+01 1.20000000E-01
4.46571644E-01 4.41184473E-02 1.00000000E+01 1.20000000E-01
4.84355514E-01 4.19085317E-02 1.00000000E+01 1.20000000E-01
5.25336230E-01 3.97958356E-02 1.00000000E+01 1.20000000E-01
5.69784273E-01 3.77235045E-02 1.00000000E+01 1.20000000E-01
6.17993009E-01 3.59067430E-02 1.00000000E+01 1.20000000E-01
6.70280627E-01 3.39542341E-02 1.00000000E+01 1.20000000E-01
7.26992234E-01 3.24008788E-02 1.00000000E+01 1.20000000E-01
7.88502140E-01 3.06700460E-02 1.00000000E+01 1.20000000E-01
8.55216323E-01 2.91993402E-02 1.00000000E+01 1.20000000E-01
9.27575109E-01 2.76771168E-02 1.00000000E+01 1.20000000E-01
1.00605608E+00 2.62674385E-02 1.00000000E+01 1.20000000E-01
1.09117723E+00 2.49228784E-02 1.00000000E+01 1.20000000E-01
1.18350038E+00 2.35217902E-02 1.00000000E+01 1.20000000E-01
1.28363487E+00 2.23272718E-02 1.00000000E+01 1.20000000E-01
1.39224161E+00 2.10195476E-02 1.00000000E+01 1.20000000E-01
1.51003744E+00 1.97577625E-02 1.00000000E+01 1.20000000E-01
1.63779982E+00 1.84692399E-02 1.00000000E+01 1.20000000E-01
1.77637202E+00 1.65798471E-02 1.00000000E+01 1.20000000E-01
1.92666864E+00 1.49666255E-02 1.00000000E+01 1.20000000E-01
2.08968167E+00 1.36843503E-02 1.00000000E+01 1.20000000E-01
2.26648703E+00 1.25497068E-02 1.00000000E+01 1.20000000E-01
2.45825167E+00 1.14713677E-02 1.00000000E+01 1.20000000E-01
2.66624128E+00 1.04037102E-02 1.00000000E+01 1.20000000E-01
2.89182863E+00 9.33397314E-03 1.00000000E+01 1.20000000E-01
3.13650264E+00 8.20184645E-03 1.00000000E+01 1.20000000E-01
3.40187821E+00 6.07908303E-03 1.00000000E+01 1.20000000E-01
3.68970689E+00 1.86150283E-03 1.00000000E+01 1.20000000E-01
4.00188838E+00 4.03717109E-04 1.00000000E+01 1.20000000E-01
4.34048317E+00 9.60319022E-05 1.00000000E+01 1.20000000E-01
4.70772603E+00 2.44353906E-05 1.00000000E+01 1.20000000E-01
5.10604086E+00 2.47295265E-03 1.00000000E+01 1.20000000E-01
5.53805661E+00 4.24966123E-03 1.00000000E+01 1.20000000E-01
6.00662467E+00 5.38105246E-03 1.00000000E+01 1.20000000E-01
6.51483769E+00 6.29872839E-03 1.00000000E+01 1.20000000E-01
7.06604998E+00 7.08767808E-03 1.00000000E+01 1.20000000E-01
7.66389965E+00 7.80442102E-03 1.00000000E+01 1.20000000E-01
8.31233264E+00 8.44070866E-03 1.00000000E+01 1.20000000E-01
9.01562874E+00 8.98861420E-03 1.00000000E+01 1.20000000E-01
9.77842984E+00 7.45552171E-03 1.00000000E+01 1.20000000E-01
1.06057706E+01 7.31892668E-03 1.00000000E+01 1.20000000E-01
1.15031116E+01 7.94978609E-03 1.00000000E+01 1.20000000E-01
1.24763755E+01 8.40427383E-03 1.00000000E+01 1.20000000E-01
1.35319861E+01 8.86632501E-03 1.00000000E+01 1.20000000E-01
1.46769106E+01 9.23018095E-03 1.00000000E+01 1.20000000E-01
1.59187057E+01 9.66729648E-03 1.00000000E+01 1.20000000E-01
1.72655675E+01 1.00416690E-02 1.00000000E+01 1.20000000E-01
1.87263856E+01 1.04757905E-02 1.00000000E+01 1.20000000E-01
2.03108017E+01 1.08938745E-02 1.00000000E+01 1.20000000E-01
2.20292733E+01 1.13138164E-02 1.00000000E+01 1.20000000E-01
2.38931427E+01 1.17856132E-02 1.00000000E+01 1.20000000E-01
2.59147117E+01 1.21921533E-02 1.00000000E+01 1.20000000E-01
2.81073231E+01 1.27241370E-02 1.00000000E+01 1.20000000E-01
3.04854486E+01 1.31968010E-02 1.00000000E+01 1.20000000E-01
3.30647844E+01 1.37184694E-02 1.00000000E+01 1.20000000E-01
3.58623546E+01 1.42680848E-02 1.00000000E+01 1.20000000E-01
3.88966236E+01 1.47690114E-02 1.00000000E+01 1.20000000E-01
4.21876184E+01 1.54131897E-02 1.00000000E+01 1.20000000E-01
4.57570602E+01 1.59734449E-02 1.00000000E+01 1.20000000E-01
4.96285080E+01 1.66345426E-02 1.00000000E+01 1.20000000E-01
5.38275141E+01 1.72883231E-02 1.00000000E+01 1.20000000E-01
5.83817930E+01 1.79402365E-02 1.00000000E+01 1.20000000E-01
6.33214036E+01 1.87039458E-02 1.00000000E+01 1.20000000E-01
6.86789486E+01 1.93672678E-02 1.00000000E+01 1.20000000E-01
7.44897888E+01 2.02218396E-02 1.00000000E+01 1.20000000E-01
8.07922769E+01 2.09943235E-02 1.00000000E+01 1.20000000E-01
8.76280106E+01 2.18570981E-02 1.00000000E+01 1.20000000E-01
9.50421073E+01 2.27534773E-02 1.00000000E+01 1.20000000E-01
1.03083501E+02 2.36030732E-02 1.00000000E+01 1.20000000E-01
1.11805268E+02 2.46445559E-02 1.00000000E+01 1.20000000E-01
1.21264972E+02 2.55453891E-02 1.00000000E+01 1.20000000E-01
1.31525050E+02 2.66838953E-02 1.00000000E+01 1.20000000E-01
1.42653221E+02 2.77264870E-02 1.00000000E+01 1.20000000E-01
1.54722932E+02 2.88817761E-02 1.00000000E+01 1.20000000E-01
1.67813846E+02 3.00841979E-02 1.00000000E+01 1.20000000E-01
1.82012366E+02 3.12545532E-02 1.00000000E+01 1.20000000E-01
1.97412205E+02 3.26375809E-02 1.00000000E+01 1.20000000E-01
2.14115006E+02 3.38293093E-02 1.00000000E+01 1.20000000E-01
2.32231009E+02 3.53732088E-02 1.00000000E+01 1.20000000E-01
2.51879785E+02 3.67408049E-02 1.00000000E+01 1.20000000E-01
2.73191019E+02 3.83115496E-02 1.00000000E+01 1.20000000E-01
2.96305371E+02 3.98825789E-02 1.00000000E+01 1.20000000E-01
3.21375399E+02 4.14551892E-02 1.00000000E+01 1.20000000E-01
3.48566570E+02 4.32594979E-02 1.00000000E+01 1.20000000E-01
3.78058353E+02 4.48238427E-02 1.00000000E+01 1.20000000E-01
4.10045398E+02 4.68925571E-02 1.00000000E+01 1.20000000E-01
4.44738828E+02 4.86746701E-02 1.00000000E+01 1.20000000E-01
4.82367626E+02 5.07986665E-02 1.00000000E+01 1.20000000E-01
5.23180149E+02 5.28494594E-02 1.00000000E+01 1.20000000E-01
5.67445768E+02 5.49934648E-02 1.00000000E+01 1.20000000E-01
6.15456647E+02 5.73528553E-02 1.00000000E+01 1.20000000E-01
6.67529666E+02 5.95122916E-02 1.00000000E+01 1.20000000E-01
7.24008518E+02 6.22218141E-02 1.00000000E+01 1.20000000E-01
7.85265976E+02 6.45613750E-02 1.00000000E+01 1.20000000E-01
8.51706350E+02 6.74882039E-02 1.00000000E+01 1.20000000E-01
9.23768162E+02 7.01677882E-02 1.00000000E+01 1.20000000E-01
1.00192703E+03 7.31694975E-02 1.00000000E+01 1.20000000E-01
1.08669883E+03 7.62544121E-02 1.00000000E+01 1.20000000E-01
1.17864306E+03 7.93067714E-02 1.00000000E+01 1.20000000E-01
1.27836658E+03 8.28416031E-02 1.00000000E+01 1.20000000E-01
1.38652758E+03 8.59424702E-02 1.00000000E+01 1.20000000E-01
1.50383995E+03 8.99880489E-02 1.00000000E+01 1.20000000E-01
1.63107798E+03 9.34718493E-02 1.00000000E+01 1.20000000E-01
1.76908145E+03 9.77462412E-02 1.00000000E+01 1.20000000E-01
1.91876122E+03 1.01703304E-01 1.00000000E+01 1.20000000E-01
2.08110522E+03 1.06120906E-01 1.00000000E+01 1.20000000E-01
2.25718493E+03 1.10621447E-01 1.00000000E+01 1.20000000E-01
2.44816253E+03 1.15158252E-01 1.00000000E+01 1.20000000E-01
2.65529851E+03 1.20304019E-01 1.00000000E+01 1.20000000E-01
2.87996001E+03 1.24936635E-01 1.00000000E+01 1.20000000E-01
3.12362983E+03 1.30823035E-01 1.00000000E+01 1.20000000E-01
3.38791625E+03 1.35829969E-01 1.00000000E+01 1.20000000E-01
3.67456362E+03 1.42187206E-01 1.00000000E+01 1.20000000E-01
3.98546386E+03 1.47882215E-01 1.00000000E+01 1.20000000E-01
4.32266899E+03 1.54476577E-01 1.00000000E+01 1.20000000E-01
4.68840462E+03 1.60938386E-01 1.00000000E+01 1.20000000E-01
5.08508469E+03 1.67748850E-01 1.00000000E+01 1.20000000E-01
5.51532736E+03 1.75111664E-01 1.00000000E+01 1.20000000E-01
5.98197233E+03 1.82098798E-01 1.00000000E+01 1.20000000E-01
6.48809954E+03 1.90442771E-01 1.00000000E+01 1.20000000E-01
7.03704955E+03 1.97593533E-01 1.00000000E+01 1.20000000E-01
7.63244553E+03 2.07064634E-01 1.00000000E+01 1.20000000E-01
8.27821723E+03 2.15255049E-01 1.00000000E+01 1.20000000E-01
8.97862686E+03 2.25105382E-01 1.00000000E+01 1.20000000E-01
9.73829728E+03 2.34323438E-01 1.00000000E+01 1.20000000E-01
1.05622425E+04 2.44552951E-01 1.00000000E+01 1.20000000E-01
