8.55216323E-01 9.40373199E-01 1.00000000E+03 1.20000000E-01
9.27575109E-01 8.31906853E-01 1.00000000E+03 1.20000000E-01
1.00605608E+00 7.50917636E-01 1.00000000E+03 1.20000000E-01
1.09117723E+00 6.87337672E-01 1.00000000E+03 1.20000000E-01
1.18350038E+00 6.35086379E-01 1.00000000E+03 1.20000000E-01
1.28363487E+00 5.90218205E-01 1.00000000E+03 1.20000000E-01
1.39224161E+00 5.50049627E-01 1.00000000E+03 1.20000000E-01
1.51003744E+00 5.15749239E-01 1.00000000E+03 1.20000000E-01
1.63779982E+00 4.79789171E-01 1.00000000E+03 1.20000000E-01
1.77637202E+00 4.40738988E-01 1.00000000E+03 1.20000000E-01
1.92666864E+00 4.10825898E-01 1.00000000E+03 1.20000000E-01
2.08968167E+00 3.88191128E-01 1.00000000E+03 1.20000000E-01
2.26648703E+00 3.68061509E-01 1.00000000E+03 1.20000000E-01
2.45825167E+00 3.49176296E-01 1.00000000E+03 1.20000000E-01
2.66624128E+00 3.33043660E-01 1.00000000E+03 1.20000000E-01
2.89182863E+00 3.16384747E-01 1.00000000E+03 1.20000000E-01
3.13650264E+00 3.02560520E-01 1.00000000E+03 1.20000000E-01
3.40187821E+00 2.87588282E-01 1.00000000E+03 1.20000000E-01
3.68970689E+00 2.75324940E-01 1.00000000E+03 1.20000000E-01
4.00188838E+00 2.61743564E-01 1.00000000E+03 1.20000000E-01
4.34048317E+00 2.50786049E-01 1.00000000E+03 1.20000000E-01
4.70772603E+00 2.38555745E-01 1.00000000E+03 1.20000000E-01
5.10604086E+00 2.28641298E-01 1.00000000E+03 1.20000000E-01
5.53805661E+00 2.17522504E-01 1.00000000E+03 1.20000000E-01
6.00662467E+00 2.08429432E-01 1.00000000E+03 1.20000000E-01
6.51483769E+00 1.98249050E-01 1.00000000E+03 1.20000000E-01
7.06604998E+00 1.89971852E-01 1.00000000E+03 1.20000000E-01
7.66389965E+00 1.80734114E-01 1.00000000E+03 1.20000000E-01
8.31233264E+00 1.73269261E-01 1.00000000E+03 1.20000000E-01
9.01562874E+00 1.64983545E-01 1.00000000E+03 1.20000000E-01
9.77842984E+00 1.58119344E-01 1.00000000E+03 1.20000000E-01
1.06057706E+01 1.50519896E-01 1.00000000E+03 1.20000000E-01
1.15031116E+01 1.44210158E-01 1.00000000E+03 1.20000000E-01
1.24763755E+01 1.37272776E-01 1.00000000E+03 1.20000000E-01
1.35319861E+01 1.31494719E-01 1.00000000E+03 1.20000000E-01
1.46769106E+01 1.25192163E-01 1.00000000E+03 1.20000000E-01
1.59187057E+01 1.19893888E-01 1.00000000E+03 1.20000000E-01
1.72655675E+01 1.14139502E-01 1.00000000E+03 1.20000000E-01
1.87263856E+01 1.09313025E-01 1.00000000E+03 1.20000000E-01
2.03108017E+01 1.04057059E-01 1.00000000E+03 1.20000000E-01
2.20292733E+01 9.96495117E-02 1.00000000E+03 1.20000000E-01
2.38931427E+01 9.48590731E-02 1.00000000E+03 1.20000000E-01
2.59147117E+01 9.08465604E-02 1.00000000E+03 1.20000000E-01
2.81073231E+01 8.64551280E-02 1.00000000E+03 1.20000000E-01
3.04854486E+01 8.27949878E-02 1.00000000E+03 1.20000000E-01
3.30647844E+01 7.87972472E-02 1.00000000E+03 1.20000000E-01
3.58623546E+01 7.54406081E-02 1.00000000E+03 1.20000000E-01
3.88966236E+01 7.17794874E-02 1.00000000E+03 1.20000000E-01
4.21876184E+01 6.87008081E-02 1.00000000E+03 1.20000000E-01
4.57570602E+01 6.53343551E-02 1.00000000E+03 1.20000000E-01
4.96285080E+01 6.25319754E-02 1.00000000E+03 1.20000000E-01
5.38275141E+01 5.94257174E-02 1.00000000E+03 1.20000000E-01
5.83817930E+01 5.68779890E-02 1.00000000E+03 1.20000000E-01
6.33214036E+01 5.39918929E-02 1.00000000E+03 1.20000000E-01
6.86789486E+01 5.16833049E-02 1.00000000E+03 1.20000000E-01
7.44897888E+01 4.90358731E-02 1.00000000E+03 1.20000000E-01
8.07922769E+01 4.68942568E-02 1.00000000E+03 1.20000000E-01
8.76280106E+01 4.44918400E-02 1.00000000E+03 1.20000000E-01
9.50421073E+01 4.24579779E-02 1.00000000E+03 1.20000000E-01
1.03083501E+02 4.02890514E-02 1.00000000E+03 1.20000000E-01
1.11805268E+02 3.83216875E-02 1.00000000E+03 1.20000000E-01
1.21264972E+02 3.63642359E-02 1.00000000E+03 1.20000000E-01
1.31525050E+02 3.44250945E-02 1.00000000E+03 1.20000000E-01
1.42653221E+02 3.26659471E-02 1.00000000E+03 1.20000000E-01
1.54722932E+02 3.07637864E-02 1.00000000E+03 1.20000000E-01
1.67813846E+02 2.91141579E-02 1.00000000E+03 1.20000000E-01
1.82012366E+02 2.74017509E-02 1.00000000E+03 1.20000000E-01
1.97412205E+02 2.56217633E-02 1.00000000E+03 1.20000000E-01
2.14115006E+02 2.40397421E-02 1.00000000E+03 1.20000000E-01
2.32231009E+02 2.24039179E-02 1.00000000E+03 1.20000000E-01
2.51879785E+02 2.07221903E-02 1.00000000E+03 1.20000000E-01
2.73191019E+02 1.89728115E-02 1.00000000E+03 1.20000000E-01
2.96305371E+02 1.69068984E-02 1.00000000E+03 1.20000000E-01
3.21375399E+02 1.34614306E-02 1.00000000E+03 1.20000000E-01
3.48566570E+02 6.57350495E-03 1.00000000E+03 1.20000000E-01
3.78058353E+02 1.96480784E-03 1.00000000E+03 1.20000000E-01
4.10045398E+02 6.09218160E-04 1.00000000E+03 1.20000000E-01
4.44738828E+02 2.00678287E-04 1.00000000E+03 1.20000000E-01
4.82367626E+02 6.78472688E-05 1.00000000E+03 1.20000000E-01
5.23180149E+02 6.45436255E-03 1.00000000E+03 1.20000000E-01
5.67445768E+02 9.42481415E-03 1.00000000E+03 1.20000000E-01
6.15456647E+02 1.15608583E-02 1.00000000E+03 1.20000000E-01
6.67529666E+02 1.32787587E-02 1.00000000E+03 1.20000000E-01
7.24008518E+02 1.47956220E-02 1.00000000E+03 1.20000000E-01
7.85265976E+02 1.61686457E-02 1.00000000E+03 1.20000000E-01
8.51706350E+02 1.74469048E-02 1.00000000E+03 1.20000000E-01
9.23768162E+02 1.77491601E-02 1.00000000E+03 1.20000000E-01
1.00192703E+03 1.33427942E-02 1.00000000E+03 1.20000000E-01
1.08669883E+03 1.53673464E-02 1.00000000E+03 1.20000000E-01
1.17864306E+03 1.64615353E-02 1.00000000E+03 1.20000000E-01
1.27836658E+03 1.73766868E-02 1.00000000E+03 1.20000000E-01
1.38652758E+03 1.82056659E-02 1.00000000E+03 1.20000000E-01
1.50383995E+03 1.89913837E-02 1.00000000E+03 1.20000000E-01
1.63107798E+03 1.97405785E-02 1.00000000E+03 1.20000000E-01
1.76908145E+03 2.05621939E-02 1.00000000E+03 1.20000000E-01
1.91876122E+03 2.12625027E-02 1.00000000E+03 1.20000000E-01
2.08110522E+03 2.21499123E-02 1.00000000E+03 1.20000000E-01
2.25718493E+03 2.29453942E-02 1.00000000E+03 1.20000000E-01
2.44816253E+03 2.37692297E-02 1.00000000E+03 1.20000000E-01
2.65529851E+03 2.46901523E-02 1.00000000E+03 1.20000000E-01
2.87996001E+03 2.54964467E-02 1.00000000E+03 1.20000000E-01
3.12362983E+03 2.64851809E-02 1.00000000E+03 1.20000000E-01
3.38791625E+03 2.74338743E-02 1.00000000E+03 1.20000000E-01
3.67456362E+03 2.83225895E-02 1.00000000E+03 1.20000000E-01
3.98546386E+03 2.94455261E-02 1.00000000E+03 1.20000000E-01
4.32266899E+03 3.04349766E-02 1.00000000E+03 1.20000000E-01
4.68840462E+03 3.15212761E-02 1.00000000E+03 1.20000000E-01
5.08508469E+03 3.27038261E-02 1.00000000E+03 1.20000000E-01
5.51532736E+03 3.37423623E-02 1.00000000E+03 1.20000000E-01
5.98197233E+03 3.50579040E-02 1.00000000E+03 1.20000000E-01
6.48809954E+03 3.62971855E-02 1.00000000E+03 1.20000000E-01
7.03704955E+03 3.74904377E-02 1.00000000E+03 1.20000000E-01
7.63244553E+03 3.89709032E-02 1.00000000E+03 1.20000000E-01
8.27821723E+03 4.02768243E-02 1.00000000E+03 1.20000000E-01
8.97862686E+03 4.17564629E-02 1.00000000E+03 1.20000000E-01
9.73829728E+03 4.33152362E-02 1.00000000E+03 1.20000000E-01
1.05622425E+04 4.46952455E-02 1.00000000E+03 1.20000000E-01
