1.43131676E-01 1.00503306E+00 1.00000000E+02 1.20000000E-01
1.47656605E-01 9.48835315E-01 1.00000000E+02 1.20000000E-01
1.52324584E-01 8.99800232E-01 1.00000000E+02 1.20000000E-01
1.57140135E-01 8.51878046E-01 1.00000000E+02 1.20000000E-01
1.62107924E-01 8.06386881E-01 1.00000000E+02 1.20000000E-01
1.67232763E-01 7.66300107E-01 1.00000000E+02 1.20000000E-01
1.72519617E-01 7.25354726E-01 1.00000000E+02 1.20000000E-01
1.77973609E-01 6.92723509E-01 1.00000000E+02 1.20000000E-01
1.83600022E-01 6.58507090E-01 1.00000000E+02 1.20000000E-01
1.89404307E-01 6.31527078E-01 1.00000000E+02 1.20000000E-01
1.95392088E-01 6.02707360E-01 1.00000000E+02 1.20000000E-01
2.01569164E-01 5.80867625E-01 1.00000000E+02 1.20000000E-01
2.07941521E-01 5.58106550E-01 1.00000000E+02 1.20000000E-01
2.14515332E-01 5.38447091E-01 1.00000000E+02 1.20000000E-01
2.21296966E-01 5.20873727E-01 1.00000000E+02 1.20000000E-01
2.28292993E-01 5.02462554E-01 1.00000000E+02 1.20000000E-01
2.35510190E-01 4.88295145E-01 1.00000000E+02 1.20000000E-01
2.42955550E-01 4.74331191E-01 1.00000000E+02 1.20000000E-01
2.50636286E-01 4.59690647E-01 1.00000000E+02 1.20000000E-01
2.58559839E-01 4.47838316E-01 1.00000000E+02 1.20000000E-01
2.66733885E-01 4.36709640E-01 1.00000000E+02 1.20000000E-01
2.75166343E-01 4.25000349E-01 1.00000000E+02 1.20000000E-01
2.83865383E-01 4.13540451E-01 1.00000000E+02 1.20000000E-01
2.92839432E-01 4.04648808E-01 1.00000000E+02 1.20000000E-01
3.02097184E-01 3.95339035E-01 1.00000000E+02 1.20000000E-01
3.11647609E-01 3.85449735E-01 1.00000000E+02 1.20000000E-01
3.21499958E-01 3.76131621E-01 1.00000000E+02 1.20000000E-01
3.31663777E-01 3.68643130E-01 1.00000000E+02 1.20000000E-01
3.42148913E-01 3.60753423E-01 1.00000000E+02 1.20000000E-01
3.52965523E-01 3.52406930E-01 1.00000000E+02 1.20000000E-01
3.64124086E-01 3.43996296E-01 1.00000000E+02 1.20000000E-01
3.75635414E-01 3.37607180E-01 1.00000000E+02 1.20000000E-01
3.87510658E-01 3.30897188E-01 1.00000000E+02 1.20000000E-01
3.99761322E-01 3.23772919E-01 1.00000000E+02 1.20000000E-01
4.12399276E-01 3.16256312E-01 1.00000000E+02 1.20000000E-01
4.25436764E-01 3.10217035E-01 1.00000000E+02 1.20000000E-01
4.38886415E-01 3.04475140E-01 1.00000000E+02 1.20000000E-01
4.52761260E-01 2.98437964E-01 1.00000000E+02 1.20000000E-01
4.67074741E-01 2.91980648E-01 1.00000000E+02 1.20000000E-01
4.81840725E-01 2.85569343E-01 1.00000000E+02 1.20000000E-01
4.97073516E-01 2.80710156E-01 1.00000000E+02 1.20000000E-01
5.12787874E-01 2.75512846E-01 1.00000000E+02 1.20000000E-01
5.28999021E-01 2.69994602E-01 1.00000000E+02 1.20000000E-01
5.45722664E-01 2.64185652E-01 1.00000000E+02 1.20000000E-01
5.62975003E-01 2.59006130E-01 1.00000000E+02 1.20000000E-01
5.80772754E-01 2.54564197E-01 1.00000000E+02 1.20000000E-01
5.99133158E-01 2.49870192E-01 1.00000000E+02 1.20000000E-01
6.18074003E-01 2.44878546E-01 1.00000000E+02 1.20000000E-01
6.37613640E-01 2.39552206E-01 1.00000000E+02 1.20000000E-01
6.57770997E-01 2.35262991E-01 1.00000000E+02 1.20000000E-01
6.78565605E-01 2.31224235E-01 1.00000000E+02 1.20000000E-01
7.00017608E-01 2.26968328E-01 1.00000000E+02 1.20000000E-01
7.22147789E-01 2.22402885E-01 1.00000000E+02 1.20000000E-01
7.44977588E-01 2.17585664E-01 1.00000000E+02 1.20000000E-01
7.68529123E-01 2.13886266E-01 1.00000000E+02 1.20000000E-01
7.92825209E-01 2.10194561E-01 1.00000000E+02 1.20000000E-01
8.17889387E-01 2.06299018E-01 1.00000000E+02 1.20000000E-01
8.43745937E-01 2.02112590E-01 1.00000000E+02 1.20000000E-01
8.70419909E-01 1.97688819E-01 1.00000000E+02 1.20000000E-01
8.97937146E-01 1.94489174E-01 1.00000000E+02 1.20000000E-01
9.26324306E-01 1.91097557E-01 1.00000000E+02 1.20000000E-01
9.55608890E-01 1.87478309E-01 1.00000000E+02 1.20000000E-01
9.85819270E-01 1.83585658E-01 1.00000000E+02 1.20000000E-01
1.01698471E+00 1.79678247E-01 1.00000000E+02 1.20000000E-01
1.04913541E+00 1.76660791E-01 1.00000000E+02 1.20000000E-01
1.08230252E+00 1.73439659E-01 1.00000000E+02 1.20000000E-01
1.11651816E+00 1.69933425E-01 1.00000000E+02 1.20000000E-01
1.15181548E+00 1.66143639E-01 1.00000000E+02 1.20000000E-01
1.18822869E+00 1.62757004E-01 1.00000000E+02 1.20000000E-01
1.22579305E+00 1.59755769E-01 1.00000000E+02 1.20000000E-01
1.26454497E+00 1.56494101E-01 1.00000000E+02 1.20000000E-01
1.30452197E+00 1.52949356E-01 1.00000000E+02 1.20000000E-01
1.34576280E+00 1.49300260E-01 1.00000000E+02 1.20000000E-01
1.38830741E+00 1.46440503E-01 1.00000000E+02 1.20000000E-01
1.43219701E+00 1.43316192E-01 1.00000000E+02 1.20000000E-01
1.47747413E+00 1.39861163E-01 1.00000000E+02 1.20000000E-01
1.52418263E+00 1.36156971E-01 1.00000000E+02 1.20000000E-01
1.57236775E+00 1.33213080E-01 1.00000000E+02 1.20000000E-01
1.62207619E+00 1.29798939E-01 1.00000000E+02 1.20000000E-01
1.67335610E+00 1.25637709E-01 1.00000000E+02 1.20000000E-01
1.72625717E+00 1.21423791E-01 1.00000000E+02 1.20000000E-01
1.78083063E+00 1.16133316E-01 1.00000000E+02 1.20000000E-01
1.83712936E+00 1.11988057E-01 1.00000000E+02 1.20000000E-01
1.89520791E+00 1.08817897E-01 1.00000000E+02 1.20000000E-01
1.95512253E+00 1.05547057E-01 1.00000000E+02 1.20000000E-01
2.01693129E+00 1.02462668E-01 1.00000000E+02 1.20000000E-01
2.08069405E+00 9.99563841E-02 1.00000000E+02 1.20000000E-01
2.14647259E+00 9.72789225E-02 1.00000000E+02 1.20000000E-01
2.21433063E+00 9.44124502E-02 1.00000000E+02 1.20000000E-01
2.28433393E+00 9.22278381E-02 1.00000000E+02 1.20000000E-01
2.35655029E+00 9.00170670E-02 1.00000000E+02 1.20000000E-01
2.43104968E+00 8.76794697E-02 1.00000000E+02 1.20000000E-01
2.50790427E+00 8.53904820E-02 1.00000000E+02 1.20000000E-01
2.58718853E+00 8.36401664E-02 1.00000000E+02 1.20000000E-01
2.66897926E+00 8.17990077E-02 1.00000000E+02 1.20000000E-01
2.75335570E+00 7.98767967E-02 1.00000000E+02 1.20000000E-01
2.84039959E+00 7.79386864E-02 1.00000000E+02 1.20000000E-01
2.93019527E+00 7.64882965E-02 1.00000000E+02 1.20000000E-01
3.02282973E+00 7.49537242E-02 1.00000000E+02 1.20000000E-01
3.11839271E+00 7.33436778E-02 1.00000000E+02 1.20000000E-01
3.21697680E+00 7.16213713E-02 1.00000000E+02 1.20000000E-01
3.31867750E+00 7.02689511E-02 1.00000000E+02 1.20000000E-01
3.42359333E+00 6.89806406E-02 1.00000000E+02 1.20000000E-01
3.53182596E+00 6.76019493E-02 1.00000000E+02 1.20000000E-01
3.64348022E+00 6.61384388E-02 1.00000000E+02 1.20000000E-01
3.75866429E+00 6.47025467E-02 1.00000000E+02 1.20000000E-01
3.87748976E+00 6.35960741E-02 1.00000000E+02 1.20000000E-01
4.00007174E+00 6.24317676E-02 1.00000000E+02 1.20000000E-01
4.12652901E+00 6.11821141E-02 1.00000000E+02 1.20000000E-01
4.25698406E+00 5.98649447E-02 1.00000000E+02 1.20000000E-01
4.39156329E+00 5.86879428E-02 1.00000000E+02 1.20000000E-01
4.53039707E+00 5.76975755E-02 1.00000000E+02 1.20000000E-01
4.67361991E+00 5.66315220E-02 1.00000000E+02 1.20000000E-01
4.82137055E+00 5.54901137E-02 1.00000000E+02 1.20000000E-01
4.97379215E+00 5.42841673E-02 1.00000000E+02 1.20000000E-01
5.13103237E+00 5.33139862E-02 1.00000000E+02 1.20000000E-01
5.29324354E+00 5.24088728E-02 1.00000000E+02 1.20000000E-01
5.46058282E+00 5.14317179E-02 1.00000000E+02 1.20000000E-01
5.63321231E+00 5.03959298E-02 1.00000000E+02 1.20000000E-01
5.81129927E+00 4.92842916E-02 1.00000000E+02 1.20000000E-01
5.99501623E+00 4.84518847E-02 1.00000000E+02 1.20000000E-01
6.18454117E+00 4.76044022E-02 1.00000000E+02 1.20000000E-01
6.38005771E+00 4.67049110E-02 1.00000000E+02 1.20000000E-01
6.58175525E+00 4.57398753E-02 1.00000000E+02 1.20000000E-01
6.78982921E+00 4.47331401E-02 1.00000000E+02 1.20000000E-01
7.00448117E+00 4.39952558E-02 1.00000000E+02 1.20000000E-01
7.22591908E+00 4.32090281E-02 1.00000000E+02 1.20000000E-01
7.45435747E+00 4.23690736E-02 1.00000000E+02 1.20000000E-01
7.69001766E+00 4.14653069E-02 1.00000000E+02 1.20000000E-01
7.93312795E+00 4.06050666E-02 1.00000000E+02 1.20000000E-01
8.18392387E+00 3.99201143E-02 1.00000000E+02 1.20000000E-01
8.44264838E+00 3.91857928E-02 1.00000000E+02 1.20000000E-01
8.70955215E+00 3.84000382E-02 1.00000000E+02 1.20000000E-01
8.98489375E+00 3.75560173E-02 1.00000000E+02 1.20000000E-01
9.26893993E+00 3.68423046E-02 1.00000000E+02 1.20000000E-01
9.56196587E+00 3.62010809E-02 1.00000000E+02 1.20000000E-01
9.86425546E+00 3.55119955E-02 1.00000000E+02 1.20000000E-01
1.01761016E+01 3.47713616E-02 1.00000000E+02 1.20000000E-01
1.04978063E+01 3.39693058E-02 1.00000000E+02 1.20000000E-01
1.08296813E+01 3.33752032E-02 1.00000000E+02 1.20000000E-01
1.11720481E+01 3.27580712E-02 1.00000000E+02 1.20000000E-01
1.15252385E+01 3.20916447E-02 1.00000000E+02 1.20000000E-01
1.18895945E+01 3.13715650E-02 1.00000000E+02 1.20000000E-01
1.22654691E+01 3.06956018E-02 1.00000000E+02 1.20000000E-01
1.26532266E+01 3.01397684E-02 1.00000000E+02 1.20000000E-01
1.30532425E+01 2.95362875E-02 1.00000000E+02 1.20000000E-01
1.34659044E+01 2.88845249E-02 1.00000000E+02 1.20000000E-01
1.38916122E+01 2.81828641E-02 1.00000000E+02 1.20000000E-01
1.43307781E+01 2.76700808E-02 1.00000000E+02 1.20000000E-01
1.47838277E+01 2.71244017E-02 1.00000000E+02 1.20000000E-01
1.52512000E+01 2.65279844E-02 1.00000000E+02 1.20000000E-01
1.57333476E+01 2.58849415E-02 1.00000000E+02 1.20000000E-01
1.62307377E+01 2.53440569E-02 1.00000000E+02 1.20000000E-01
1.67438521E+01 2.48351254E-02 1.00000000E+02 1.20000000E-01
1.72731881E+01 2.42753626E-02 1.00000000E+02 1.20000000E-01
1.78192583E+01 2.36600177E-02 1.00000000E+02 1.20000000E-01
1.83825919E+01 2.31227462E-02 1.00000000E+02 1.20000000E-01
1.89637345E+01 2.26279523E-02 1.00000000E+02 1.20000000E-01
1.95632493E+01 2.20812270E-02 1.00000000E+02 1.20000000E-01
2.01817169E+01 2.14752578E-02 1.00000000E+02 1.20000000E-01
2.08197367E+01 2.09760495E-02 1.00000000E+02 1.20000000E-01
2.14779266E+01 2.04771817E-02 1.00000000E+02 1.20000000E-01
2.21569244E+01 1.99202009E-02 1.00000000E+02 1.20000000E-01
2.28573879E+01 1.93386177E-02 1.00000000E+02 1.20000000E-01
2.35799956E+01 1.88708377E-02 1.00000000E+02 1.20000000E-01
2.43254476E+01 1.83384835E-02 1.00000000E+02 1.20000000E-01
2.50944663E+01 1.77296166E-02 1.00000000E+02 1.20000000E-01
2.58877964E+01 1.72619141E-02 1.00000000E+02 1.20000000E-01
2.67062067E+01 1.67247378E-02 1.00000000E+02 1.20000000E-01
2.75504900E+01 1.61044660E-02 1.00000000E+02 1.20000000E-01
2.84214643E+01 1.55744408E-02 1.00000000E+02 1.20000000E-01
2.93199734E+01 1.48785669E-02 1.00000000E+02 1.20000000E-01
3.02468877E+01 1.41234101E-02 1.00000000E+02 1.20000000E-01
3.12031052E+01 1.30633888E-02 1.00000000E+02 1.20000000E-01
3.21895523E+01 1.15335120E-02 1.00000000E+02 1.20000000E-01
3.32071848E+01 9.11232942E-03 1.00000000E+02 1.20000000E-01
3.42569884E+01 5.88738473E-03 1.00000000E+02 1.20000000E-01
3.53399802E+01 3.30077464E-03 1.00000000E+02 1.20000000E-01
3.64572095E+01 1.82214884E-03 1.00000000E+02 1.20000000E-01
3.76097586E+01 1.01547112E-03 1.00000000E+02 1.20000000E-01
3.87987440E+01 5.73897832E-04 1.00000000E+02 1.20000000E-01
4.00253178E+01 3.28869324E-04 1.00000000E+02 1.20000000E-01
4.12906681E+01 1.91225483E-04 1.00000000E+02 1.20000000E-01
4.25960210E+01 1.12442217E-04 1.00000000E+02 1.20000000E-01
4.39426409E+01 6.65898111E-05 1.00000000E+02 1.20000000E-01
4.53318325E+01 3.97867806E-05 1.00000000E+02 1.20000000E-01
4.67649417E+01 2.38260559E-05 1.00000000E+02 1.20000000E-01
4.82433569E+01 1.41679347E-05 1.00000000E+02 1.20000000E-01
