1.87190540E-03 3.92797189E-01 1.90000000E+00 1.20000000E-01
1.93108334E-03 3.85609513E-01 1.90000000E+00 1.20000000E-01
1.99213213E-03 3.78118416E-01 1.90000000E+00 1.20000000E-01
2.05511089E-03 3.72781686E-01 1.90000000E+00 1.20000000E-01
2.12008065E-03 3.67133317E-01 1.90000000E+00 1.20000000E-01
2.18710435E-03 3.61156048E-01 1.90000000E+00 1.20000000E-01
2.25624692E-03 3.54832945E-01 1.90000000E+00 1.20000000E-01
2.32757534E-03 3.48143477E-01 1.90000000E+00 1.20000000E-01
2.40115873E-03 3.42426588E-01 1.90000000E+00 1.20000000E-01
2.47706836E-03 3.37521117E-01 1.90000000E+00 1.20000000E-01
2.55537778E-03 3.32339488E-01 1.90000000E+00 1.20000000E-01
2.63616285E-03 3.26865288E-01 1.90000000E+00 1.20000000E-01
2.71950184E-03 3.21082736E-01 1.90000000E+00 1.20000000E-01
2.80547549E-03 3.15024954E-01 1.90000000E+00 1.20000000E-01
2.89416709E-03 3.10564452E-01 1.90000000E+00 1.20000000E-01
2.98566256E-03 3.06105592E-01 1.90000000E+00 1.20000000E-01
3.08005055E-03 3.01399167E-01 1.90000000E+00 1.20000000E-01
3.17742249E-03 2.96461800E-01 1.90000000E+00 1.20000000E-01
3.27787273E-03 2.91228855E-01 1.90000000E+00 1.20000000E-01
3.38149858E-03 2.85975427E-01 1.90000000E+00 1.20000000E-01
3.48840042E-03 2.82155971E-01 1.90000000E+00 1.20000000E-01
3.59868184E-03 2.78143023E-01 1.90000000E+00 1.20000000E-01
3.71244967E-03 2.73902668E-01 1.90000000E+00 1.20000000E-01
3.82981412E-03 2.69438369E-01 1.90000000E+00 1.20000000E-01
3.95088890E-03 2.64713709E-01 1.90000000E+00 1.20000000E-01
4.07579131E-03 2.60233988E-01 1.90000000E+00 1.20000000E-01
4.20464236E-03 2.56800018E-01 1.90000000E+00 1.20000000E-01
4.33756687E-03 2.53191881E-01 1.90000000E+00 1.20000000E-01
4.47469362E-03 2.49380220E-01 1.90000000E+00 1.20000000E-01
4.61615546E-03 2.45369143E-01 1.90000000E+00 1.20000000E-01
4.76208944E-03 2.41122562E-01 1.90000000E+00 1.20000000E-01
4.91263694E-03 2.37129813E-01 1.90000000E+00 1.20000000E-01
5.06794381E-03 2.34048588E-01 1.90000000E+00 1.20000000E-01
5.22816052E-03 2.30810968E-01 1.90000000E+00 1.20000000E-01
5.39344227E-03 2.27391256E-01 1.90000000E+00 1.20000000E-01
5.56394921E-03 2.23792927E-01 1.90000000E+00 1.20000000E-01
5.73984650E-03 2.19983876E-01 1.90000000E+00 1.20000000E-01
5.92130457E-03 2.16307482E-01 1.90000000E+00 1.20000000E-01
6.10849921E-03 2.13545606E-01 1.90000000E+00 1.20000000E-01
6.30161177E-03 2.10643914E-01 1.90000000E+00 1.20000000E-01
6.50082934E-03 2.07590170E-01 1.90000000E+00 1.20000000E-01
6.70634493E-03 2.04379711E-01 1.90000000E+00 1.20000000E-01
6.91835764E-03 2.00992417E-01 1.90000000E+00 1.20000000E-01
7.13707286E-03 1.97489929E-01 1.90000000E+00 1.20000000E-01
7.36270249E-03 1.95020099E-01 1.90000000E+00 1.20000000E-01
7.59546512E-03 1.92430422E-01 1.90000000E+00 1.20000000E-01
7.83558625E-03 1.89679847E-01 1.90000000E+00 1.20000000E-01
8.08329851E-03 1.86821035E-01 1.90000000E+00 1.20000000E-01
8.33884188E-03 1.83766946E-01 1.90000000E+00 1.20000000E-01
8.60246394E-03 1.80545044E-01 1.90000000E+00 1.20000000E-01
8.87442008E-03 1.78210504E-01 1.90000000E+00 1.20000000E-01
9.15497377E-03 1.75901309E-01 1.90000000E+00 1.20000000E-01
9.44439681E-03 1.73441449E-01 1.90000000E+00 1.20000000E-01
9.74296961E-03 1.70854669E-01 1.90000000E+00 1.20000000E-01
1.00509814E-02 1.68133254E-01 1.90000000E+00 1.20000000E-01
1.03687306E-02 1.65271391E-01 1.90000000E+00 1.20000000E-01
1.06965251E-02 1.62910370E-01 1.90000000E+00 1.20000000E-01
1.10346823E-02 1.60819937E-01 1.90000000E+00 1.20000000E-01
1.13835300E-02 1.58635105E-01 1.90000000E+00 1.20000000E-01
1.17434061E-02 1.56317861E-01 1.90000000E+00 1.20000000E-01
1.21146592E-02 1.53900196E-01 1.90000000E+00 1.20000000E-01
1.24976490E-02 1.51312811E-01 1.90000000E+00 1.20000000E-01
1.28927465E-02 1.48951004E-01 1.90000000E+00 1.20000000E-01
1.33003345E-02 1.47108365E-01 1.90000000E+00 1.20000000E-01
1.37208080E-02 1.45137567E-01 1.90000000E+00 1.20000000E-01
1.41545742E-02 1.43053467E-01 1.90000000E+00 1.20000000E-01
1.46020533E-02 1.40875441E-01 1.90000000E+00 1.20000000E-01
1.50636790E-02 1.38582650E-01 1.90000000E+00 1.20000000E-01
1.55398983E-02 1.36245982E-01 1.90000000E+00 1.20000000E-01
1.60311728E-02 1.34575674E-01 1.90000000E+00 1.20000000E-01
1.65379783E-02 1.32803198E-01 1.90000000E+00 1.20000000E-01
1.70608058E-02 1.30928935E-01 1.90000000E+00 1.20000000E-01
1.76001618E-02 1.29004818E-01 1.90000000E+00 1.20000000E-01
1.81565689E-02 1.26939253E-01 1.90000000E+00 1.20000000E-01
1.87305661E-02 1.24744766E-01 1.90000000E+00 1.20000000E-01
1.93227095E-02 1.23097458E-01 1.90000000E+00 1.20000000E-01
1.99335728E-02 1.21508970E-01 1.90000000E+00 1.20000000E-01
2.05637478E-02 1.19839923E-01 1.90000000E+00 1.20000000E-01
2.12138450E-02 1.18077589E-01 1.90000000E+00 1.20000000E-01
2.18844942E-02 1.16230558E-01 1.90000000E+00 1.20000000E-01
2.25763451E-02 1.14255981E-01 1.90000000E+00 1.20000000E-01
2.32900680E-02 1.12556265E-01 1.90000000E+00 1.20000000E-01
2.40263543E-02 1.11140628E-01 1.90000000E+00 1.20000000E-01
2.47859175E-02 1.09633505E-01 1.90000000E+00 1.20000000E-01
2.55694933E-02 1.08037326E-01 1.90000000E+00 1.20000000E-01
2.63778408E-02 1.06340246E-01 1.90000000E+00 1.20000000E-01
2.72117433E-02 1.04562551E-01 1.90000000E+00 1.20000000E-01
2.80720085E-02 1.02861169E-01 1.90000000E+00 1.20000000E-01
2.89594699E-02 1.01545204E-01 1.90000000E+00 1.20000000E-01
2.98749873E-02 1.00154427E-01 1.90000000E+00 1.20000000E-01
3.08194477E-02 9.86729529E-02 1.90000000E+00 1.20000000E-01
3.17937660E-02 9.70958957E-02 1.90000000E+00 1.20000000E-01
3.27988861E-02 9.54181093E-02 1.90000000E+00 1.20000000E-01
3.38357819E-02 9.37807488E-02 1.90000000E+00 1.20000000E-01
3.49054578E-02 9.25234516E-02 1.90000000E+00 1.20000000E-01
3.60089502E-02 9.11748182E-02 1.90000000E+00 1.20000000E-01
3.71473281E-02 8.97344354E-02 1.90000000E+00 1.20000000E-01
3.83216944E-02 8.81848306E-02 1.90000000E+00 1.20000000E-01
3.95331869E-02 8.65063362E-02 1.90000000E+00 1.20000000E-01
4.07829791E-02 8.50593967E-02 1.90000000E+00 1.20000000E-01
4.20722820E-02 8.37649777E-02 1.90000000E+00 1.20000000E-01
4.34023446E-02 8.23626034E-02 1.90000000E+00 1.20000000E-01
4.47744554E-02 8.08270440E-02 1.90000000E+00 1.20000000E-01
4.61899438E-02 7.91709261E-02 1.90000000E+00 1.20000000E-01
4.76501811E-02 7.76319745E-02 1.90000000E+00 1.20000000E-01
4.91565820E-02 7.63159750E-02 1.90000000E+00 1.20000000E-01
5.07106059E-02 7.48722060E-02 1.90000000E+00 1.20000000E-01
5.23137582E-02 7.32844610E-02 1.90000000E+00 1.20000000E-01
5.39675923E-02 7.15175627E-02 1.90000000E+00 1.20000000E-01
5.56737102E-02 7.01400949E-02 1.90000000E+00 1.20000000E-01
5.74337649E-02 6.86932829E-02 1.90000000E+00 1.20000000E-01
5.92494616E-02 6.70894140E-02 1.90000000E+00 1.20000000E-01
6.11225592E-02 6.52726872E-02 1.90000000E+00 1.20000000E-01
6.30548724E-02 6.38070761E-02 1.90000000E+00 1.20000000E-01
6.50482734E-02 6.22729450E-02 1.90000000E+00 1.20000000E-01
6.71046932E-02 6.05498484E-02 1.90000000E+00 1.20000000E-01
6.92261241E-02 5.87724801E-02 1.90000000E+00 1.20000000E-01
7.14146214E-02 5.72654380E-02 1.90000000E+00 1.20000000E-01
7.36723054E-02 5.55537890E-02 1.90000000E+00 1.20000000E-01
7.60013632E-02 5.36941737E-02 1.90000000E+00 1.20000000E-01
7.84040512E-02 5.21590158E-02 1.90000000E+00 1.20000000E-01
8.08826972E-02 5.03897230E-02 1.90000000E+00 1.20000000E-01
8.34397025E-02 4.86048184E-02 1.90000000E+00 1.20000000E-01
8.60775443E-02 4.69810217E-02 1.90000000E+00 1.20000000E-01
8.87987782E-02 4.51029065E-02 1.90000000E+00 1.20000000E-01
9.16060405E-02 4.34685430E-02 1.90000000E+00 1.20000000E-01
9.45020509E-02 4.16169111E-02 1.90000000E+00 1.20000000E-01
9.74896151E-02 3.97431671E-02 1.90000000E+00 1.20000000E-01
1.00571627E-01 3.74560721E-02 1.90000000E+00 1.20000000E-01
1.03751074E-01 3.48419897E-02 1.90000000E+00 1.20000000E-01
1.07031034E-01 3.20758659E-02 1.90000000E+00 1.20000000E-01
1.10414686E-01 3.00513356E-02 1.90000000E+00 1.20000000E-01
1.13905308E-01 2.82165351E-02 1.90000000E+00 1.20000000E-01
1.17506282E-01 2.67152414E-02 1.90000000E+00 1.20000000E-01
1.21221096E-01 2.52144461E-02 1.90000000E+00 1.20000000E-01
1.25053350E-01 2.38396726E-02 1.90000000E+00 1.20000000E-01
1.29006755E-01 2.25732981E-02 1.90000000E+00 1.20000000E-01
1.33085142E-01 2.12733494E-02 1.90000000E+00 1.20000000E-01
1.37292462E-01 2.01604754E-02 1.90000000E+00 1.20000000E-01
1.41632792E-01 1.90296523E-02 1.90000000E+00 1.20000000E-01
1.46110336E-01 1.79477045E-02 1.90000000E+00 1.20000000E-01
1.50729431E-01 1.69632216E-02 1.90000000E+00 1.20000000E-01
1.55494553E-01 1.59591481E-02 1.90000000E+00 1.20000000E-01
1.60410319E-01 1.50421780E-02 1.90000000E+00 1.20000000E-01
1.65481491E-01 1.41645821E-02 1.90000000E+00 1.20000000E-01
1.70712981E-01 1.32849977E-02 1.90000000E+00 1.20000000E-01
1.76109859E-01 1.24825133E-02 1.90000000E+00 1.20000000E-01
1.81677352E-01 1.17138112E-02 1.90000000E+00 1.20000000E-01
1.87420854E-01 1.09547268E-02 1.90000000E+00 1.20000000E-01
1.93345930E-01 1.02365667E-02 1.90000000E+00 1.20000000E-01
1.99458319E-01 9.58253397E-03 1.90000000E+00 1.20000000E-01
2.05763945E-01 8.94992578E-03 1.90000000E+00 1.20000000E-01
2.12268914E-01 8.34803531E-03 1.90000000E+00 1.20000000E-01
2.18979531E-01 7.81246573E-03 1.90000000E+00 1.20000000E-01
2.25902295E-01 7.33519287E-03 1.90000000E+00 1.20000000E-01
2.33043913E-01 6.89176722E-03 1.90000000E+00 1.20000000E-01
2.40411305E-01 6.50981756E-03 1.90000000E+00 1.20000000E-01
2.48011608E-01 6.18060445E-03 1.90000000E+00 1.20000000E-01
2.55852184E-01 5.87303292E-03 1.90000000E+00 1.20000000E-01
2.63940631E-01 5.62623932E-03 1.90000000E+00 1.20000000E-01
2.72284784E-01 5.38830210E-03 1.90000000E+00 1.20000000E-01
2.80892727E-01 5.18623938E-03 1.90000000E+00 1.20000000E-01
2.89772799E-01 5.00167125E-03 1.90000000E+00 1.20000000E-01
2.98933604E-01 4.81464660E-03 1.90000000E+00 1.20000000E-01
3.08384016E-01 4.66988712E-03 1.90000000E+00 1.20000000E-01
3.18133191E-01 4.51696288E-03 1.90000000E+00 1.20000000E-01
3.28190574E-01 4.36800039E-03 1.90000000E+00 1.20000000E-01
3.38565908E-01 4.24442306E-03 1.90000000E+00 1.20000000E-01
3.49269246E-01 4.10214020E-03 1.90000000E+00 1.20000000E-01
3.60310956E-01 3.97788201E-03 1.90000000E+00 1.20000000E-01
3.71701736E-01 3.83353047E-03 1.90000000E+00 1.20000000E-01
3.83452622E-01 3.71983348E-03 1.90000000E+00 1.20000000E-01
3.95574997E-01 3.50790442E-03 1.90000000E+00 1.20000000E-01
4.08080606E-01 3.31627302E-03 1.90000000E+00 1.20000000E-01
4.20981564E-01 3.07149074E-03 1.90000000E+00 1.20000000E-01
4.34290369E-01 2.71313678E-03 1.90000000E+00 1.20000000E-01
4.48019916E-01 2.24655026E-03 1.90000000E+00 1.20000000E-01
4.62183505E-01 1.63691957E-03 1.90000000E+00 1.20000000E-01
4.76794859E-01 1.04994426E-03 1.90000000E+00 1.20000000E-01
4.91868132E-01 6.46486463E-04 1.90000000E+00 1.20000000E-01
5.07417928E-01 4.00894285E-04 1.90000000E+00 1.20000000E-01
5.23459311E-01 2.51751401E-04 1.90000000E+00 1.20000000E-01
5.40007822E-01 1.60661104E-04 1.90000000E+00 1.20000000E-01
5.57079494E-01 1.03854396E-04 1.90000000E+00 1.20000000E-01
5.74690865E-01 6.79259415E-05 1.90000000E+00 1.20000000E-01
5.92858998E-01 4.50844437E-05 1.90000000E+00 1.20000000E-01
6.11601494E-01 3.02262733E-05 1.90000000E+00 1.20000000E-01
6.30936510E-01 2.04738204E-05 1.90000000E+00 1.20000000E-01
6.50882779E-01 1.40309345E-05 1.90000000E+00 1.20000000E-01
6.71459624E-01 9.70825039E-06 1.90000000E+00 1.20000000E-01
6.92686980E-01 6.78730226E-06 1.90000000E+00 1.20000000E-01
7.14585412E-01 4.78442794E-06 1.90000000E+00 1.20000000E-01
7.37176137E-01 3.39614674E-06 1.90000000E+00 1.20000000E-01
7.60481038E-01 2.42782795E-06 1.90000000E+00 1.20000000E-01
7.84522695E-01 1.75002852E-06 1.90000000E+00 1.20000000E-01
8.09324399E-01 1.26358969E-06 1.90000000E+00 1.20000000E-01
8.34910177E-01 9.19075217E-07 1.90000000E+00 1.20000000E-01
8.61304818E-01 6.68136544E-07 1.90000000E+00 1.20000000E-01
8.88533893E-01 4.86142129E-07 1.90000000E+00 1.20000000E-01
9.16623780E-01 3.55547682E-07 1.90000000E+00 1.20000000E-01
