1.01020215E-03 2.87210729E-02 1.00000000E-01 1.20000000E-01
1.09567409E-03 2.75545262E-02 1.00000000E-01 1.20000000E-01
1.18837771E-03 2.64048232E-02 1.00000000E-01 1.20000000E-01
1.28892486E-03 2.52600923E-02 1.00000000E-01 1.20000000E-01
1.39797919E-03 2.42097696E-02 1.00000000E-01 1.20000000E-01
1.51626046E-03 2.31163065E-02 1.00000000E-01 1.20000000E-01
1.64454937E-03 2.21602189E-02 1.00000000E-01 1.20000000E-01
1.78369264E-03 2.11398830E-02 1.00000000E-01 1.20000000E-01
1.93460865E-03 2.02815465E-02 1.00000000E-01 1.20000000E-01
2.09829347E-03 1.93342378E-02 1.00000000E-01 1.20000000E-01
2.27582746E-03 1.85746834E-02 1.00000000E-01 1.20000000E-01
2.46838239E-03 1.76985181E-02 1.00000000E-01 1.20000000E-01
2.67722914E-03 1.70309395E-02 1.00000000E-01 1.20000000E-01
2.90374616E-03 1.62572917E-02 1.00000000E-01 1.20000000E-01
3.14942850E-03 1.56341305E-02 1.00000000E-01 1.20000000E-01
3.41589772E-03 1.49613624E-02 1.00000000E-01 1.20000000E-01
3.70491256E-03 1.43664012E-02 1.00000000E-01 1.20000000E-01
4.01838059E-03 1.37804562E-02 1.00000000E-01 1.20000000E-01
4.35837076E-03 1.32098781E-02 1.00000000E-01 1.20000000E-01
4.72712707E-03 1.26999704E-02 1.00000000E-01 1.20000000E-01
5.12708340E-03 1.21494186E-02 1.00000000E-01 1.20000000E-01
5.56087953E-03 1.17058565E-02 1.00000000E-01 1.20000000E-01
6.03137861E-03 1.11923279E-02 1.00000000E-01 1.20000000E-01
6.54168603E-03 1.07833877E-02 1.00000000E-01 1.20000000E-01
7.09516992E-03 1.03320353E-02 1.00000000E-01 1.20000000E-01
7.69548340E-03 9.92491281E-03 1.00000000E-01 1.20000000E-01
8.34658865E-03 9.52603452E-03 1.00000000E-01 1.20000000E-01
9.05278310E-03 9.12471390E-03 1.00000000E-01 1.20000000E-01
9.81872778E-03 8.76663974E-03 1.00000000E-01 1.20000000E-01
1.06494781E-02 8.37437543E-03 1.00000000E-01 1.20000000E-01
1.15505171E-02 8.04800492E-03 1.00000000E-01 1.20000000E-01
1.25277920E-02 7.66738379E-03 1.00000000E-01 1.20000000E-01
1.35877528E-02 7.36336461E-03 1.00000000E-01 1.20000000E-01
1.47373957E-02 6.99776832E-03 1.00000000E-01 1.20000000E-01
1.59843083E-02 6.70371285E-03 1.00000000E-01 1.20000000E-01
1.73367207E-02 6.35508364E-03 1.00000000E-01 1.20000000E-01
1.88035590E-02 6.05697511E-03 1.00000000E-01 1.20000000E-01
2.03945047E-02 5.72582913E-03 1.00000000E-01 1.20000000E-01
2.21200583E-02 5.40307114E-03 1.00000000E-01 1.20000000E-01
2.39916088E-02 5.08523921E-03 1.00000000E-01 1.20000000E-01
2.60215089E-02 4.74126181E-03 1.00000000E-01 1.20000000E-01
2.82231563E-02 4.38105140E-03 1.00000000E-01 1.20000000E-01
3.06110824E-02 3.99247457E-03 1.00000000E-01 1.20000000E-01
3.32010479E-02 3.34298224E-03 1.00000000E-01 1.20000000E-01
3.60101471E-02 1.31644302E-03 1.00000000E-01 1.20000000E-01
3.90569208E-02 2.14907045E-04 1.00000000E-01 1.20000000E-01
4.23614781E-02 3.79876402E-05 1.00000000E-01 1.20000000E-01
4.59456299E-02 7.20058791E-06 1.00000000E-01 1.20000000E-01
4.98330323E-02 4.79572192E-04 1.00000000E-01 1.20000000E-01
5.40493430E-02 1.80974230E-03 1.00000000E-01 1.20000000E-01
5.86223905E-02 2.40408231E-03 1.00000000E-01 1.20000000E-01
6.35823579E-02 2.82978928E-03 1.00000000E-01 1.20000000E-01
6.89619818E-02 3.16080449E-03 1.00000000E-01 1.20000000E-01
7.47967691E-02 3.40267057E-03 1.00000000E-01 1.20000000E-01
8.11252304E-02 3.57835391E-03 1.00000000E-01 1.20000000E-01
8.79891350E-02 3.67759361E-03 1.00000000E-01 1.20000000E-01
9.54337859E-02 3.71876495E-03 1.00000000E-01 1.20000000E-01
1.03508319E-01 3.56187944E-03 1.00000000E-01 1.20000000E-01
1.12266029E-01 3.26476998E-03 1.00000000E-01 1.20000000E-01
1.21764718E-01 3.10617501E-03 1.00000000E-01 1.20000000E-01
1.32067079E-01 2.96232474E-03 1.00000000E-01 1.20000000E-01
1.43241110E-01 2.80855049E-03 1.00000000E-01 1.20000000E-01
1.55360561E-01 2.65548352E-03 1.00000000E-01 1.20000000E-01
1.68505425E-01 2.48353585E-03 1.00000000E-01 1.20000000E-01
1.82762458E-01 2.29847781E-03 1.00000000E-01 1.20000000E-01
1.98225762E-01 2.10160425E-03 1.00000000E-01 1.20000000E-01
2.14997396E-01 1.88157548E-03 1.00000000E-01 1.20000000E-01
2.33188058E-01 5.65241815E-04 1.00000000E-01 1.20000000E-01
2.33188058E-01 1.61677388E-03 1.00000000E-01 1.20000000E-01
2.52917808E-01 8.23994251E-04 1.00000000E-01 1.20000000E-01
2.52917808E-01 1.20931186E-03 1.00000000E-01 1.20000000E-01
6.17993009E-01 3.47006034E-04 1.00000000E-01 1.20000000E-01
6.70280627E-01 4.38449610E-04 1.00000000E-01 1.20000000E-01
7.26992234E-01 4.88116025E-04 1.00000000E-01 1.20000000E-01
7.88502140E-01 5.21872093E-04 1.00000000E-01 1.20000000E-01
8.55216323E-01 5.44687645E-04 1.00000000E-01 1.20000000E-01
9.27575109E-01 5.62900455E-04 1.00000000E-01 1.20000000E-01
1.00605608E+00 5.84665332E-04 1.00000000E-01 1.20000000E-01
1.09117723E+00 6.04316787E-04 1.00000000E-01 1.20000000E-01
1.18350038E+00 6.27164682E-04 1.00000000E-01 1.20000000E-01
1.28363487E+00 6.49517956E-04 1.00000000E-01 1.20000000E-01
1.39224161E+00 6.74817971E-04 1.00000000E-01 1.20000000E-01
1.51003744E+00 6.96196675E-04 1.00000000E-01 1.20000000E-01
1.63779982E+00 7.19876541E-04 1.00000000E-01 1.20000000E-01
1.77637202E+00 7.40731265E-04 1.00000000E-01 1.20000000E-01
1.92666864E+00 7.65443824E-04 1.00000000E-01 1.20000000E-01
2.08968167E+00 7.94132170E-04 1.00000000E-01 1.20000000E-01
2.26648703E+00 8.22710445E-04 1.00000000E-01 1.20000000E-01
2.45825167E+00 8.55496098E-04 1.00000000E-01 1.20000000E-01
2.66624128E+00 8.87708280E-04 1.00000000E-01 1.20000000E-01
2.89182863E+00 9.21141471E-04 1.00000000E-01 1.20000000E-01
3.13650264E+00 9.58227674E-04 1.00000000E-01 1.20000000E-01
3.40187821E+00 9.92221563E-04 1.00000000E-01 1.20000000E-01
3.68970689E+00 1.03286321E-03 1.00000000E-01 1.20000000E-01
4.00188838E+00 1.07189334E-03 1.00000000E-01 1.20000000E-01
4.34048317E+00 1.11173064E-03 1.00000000E-01 1.20000000E-01
4.70772603E+00 1.15597350E-03 1.00000000E-01 1.20000000E-01
5.10604086E+00 1.19641819E-03 1.00000000E-01 1.20000000E-01
5.53805661E+00 1.24473743E-03 1.00000000E-01 1.20000000E-01
6.00662467E+00 1.29061112E-03 1.00000000E-01 1.20000000E-01
6.51483769E+00 1.33812164E-03 1.00000000E-01 1.20000000E-01
7.06604998E+00 1.39062608E-03 1.00000000E-01 1.20000000E-01
7.66389965E+00 1.43825616E-03 1.00000000E-01 1.20000000E-01
8.31233264E+00 1.49550904E-03 1.00000000E-01 1.20000000E-01
9.01562874E+00 1.55013898E-03 1.00000000E-01 1.20000000E-01
9.77842984E+00 1.60484129E-03 1.00000000E-01 1.20000000E-01
1.06057706E+01 1.66864884E-03 1.00000000E-01 1.20000000E-01
1.15031116E+01 1.72556836E-03 1.00000000E-01 1.20000000E-01
1.24763755E+01 1.79229076E-03 1.00000000E-01 1.20000000E-01
1.35319861E+01 1.85838547E-03 1.00000000E-01 1.20000000E-01
1.46769106E+01 1.92118194E-03 1.00000000E-01 1.20000000E-01
1.59187057E+01 1.99800678E-03 1.00000000E-01 1.20000000E-01
1.72655675E+01 2.06708322E-03 1.00000000E-01 1.20000000E-01
1.87263856E+01 2.14362781E-03 1.00000000E-01 1.20000000E-01
2.03108017E+01 2.22438412E-03 1.00000000E-01 1.20000000E-01
2.20292733E+01 2.29675876E-03 1.00000000E-01 1.20000000E-01
2.38931427E+01 2.38894816E-03 1.00000000E-01 1.20000000E-01
2.59147117E+01 2.47317536E-03 1.00000000E-01 1.20000000E-01
2.81073231E+01 2.55959447E-03 1.00000000E-01 1.20000000E-01
3.04854486E+01 2.65805340E-03 1.00000000E-01 1.20000000E-01
3.30647844E+01 2.74607773E-03 1.00000000E-01 1.20000000E-01
3.58623546E+01 2.85075100E-03 1.00000000E-01 1.20000000E-01
3.88966236E+01 2.95394677E-03 1.00000000E-01 1.20000000E-01
4.21876184E+01 3.05009677E-03 1.00000000E-01 1.20000000E-01
4.57570602E+01 3.17092803E-03 1.00000000E-01 1.20000000E-01
4.96285080E+01 3.27948690E-03 1.00000000E-01 1.20000000E-01
5.38275141E+01 3.39595460E-03 1.00000000E-01 1.20000000E-01
5.83817930E+01 3.52328705E-03 1.00000000E-01 1.20000000E-01
6.33214036E+01 3.63657746E-03 1.00000000E-01 1.20000000E-01
6.86789486E+01 3.77600763E-03 1.00000000E-01 1.20000000E-01
7.44897888E+01 3.90935401E-03 1.00000000E-01 1.20000000E-01
8.07922769E+01 4.03514348E-03 1.00000000E-01 1.20000000E-01
8.76280106E+01 4.19185924E-03 1.00000000E-01 1.20000000E-01
9.50421073E+01 4.33162264E-03 1.00000000E-01 1.20000000E-01
1.03083501E+02 4.48117534E-03 1.00000000E-01 1.20000000E-01
1.11805268E+02 4.64576704E-03 1.00000000E-01 1.20000000E-01
1.21264972E+02 4.79220968E-03 1.00000000E-01 1.20000000E-01
1.31525050E+02 4.96784207E-03 1.00000000E-01 1.20000000E-01
1.42653221E+02 5.14061910E-03 1.00000000E-01 1.20000000E-01
1.54722932E+02 5.29583830E-03 1.00000000E-01 1.20000000E-01
1.67813846E+02 5.49770981E-03 1.00000000E-01 1.20000000E-01
1.82012366E+02 5.68165129E-03 1.00000000E-01 1.20000000E-01
1.97412205E+02 5.85961597E-03 1.00000000E-01 1.20000000E-01
2.14115006E+02 6.07846601E-03 1.00000000E-01 1.20000000E-01
2.32231009E+02 6.27376724E-03 1.00000000E-01 1.20000000E-01
2.51879785E+02 6.48213394E-03 1.00000000E-01 1.20000000E-01
2.73191019E+02 6.71548882E-03 1.00000000E-01 1.20000000E-01
2.96305371E+02 6.92560820E-03 1.00000000E-01 1.20000000E-01
3.21375399E+02 7.16710016E-03 1.00000000E-01 1.20000000E-01
3.48566570E+02 7.41808934E-03 1.00000000E-01 1.20000000E-01
3.78058353E+02 7.64321448E-03 1.00000000E-01 1.20000000E-01
4.10045398E+02 7.92451852E-03 1.00000000E-01 1.20000000E-01
4.44738828E+02 8.19395817E-03 1.00000000E-01 1.20000000E-01
4.82367626E+02 8.43724446E-03 1.00000000E-01 1.20000000E-01
5.23180149E+02 8.76104820E-03 1.00000000E-01 1.20000000E-01
5.67445768E+02 9.05088564E-03 1.00000000E-01 1.20000000E-01
6.15456647E+02 9.33994964E-03 1.00000000E-01 1.20000000E-01
6.67529666E+02 9.68655005E-03 1.00000000E-01 1.20000000E-01
7.24008518E+02 9.99743887E-03 1.00000000E-01 1.20000000E-01
7.85265976E+02 1.03384520E-02 1.00000000E-01 1.20000000E-01
8.51706350E+02 1.07118793E-02 1.00000000E-01 1.20000000E-01
9.23768162E+02 1.10454250E-02 1.00000000E-01 1.20000000E-01
1.00192703E+03 1.14444940E-02 1.00000000E-01 1.20000000E-01
1.08669883E+03 1.18423435E-02 1.00000000E-01 1.20000000E-01
1.17864306E+03 1.21977824E-02 1.00000000E-01 1.20000000E-01
1.27836658E+03 1.26639309E-02 1.00000000E-01 1.20000000E-01
1.38652758E+03 1.30895487E-02 1.00000000E-01 1.20000000E-01
1.50383995E+03 1.34979482E-02 1.00000000E-01 1.20000000E-01
1.63107798E+03 1.40081227E-02 1.00000000E-01 1.20000000E-01
1.76908145E+03 1.44628813E-02 1.00000000E-01 1.20000000E-01
1.91876122E+03 1.49480718E-02 1.00000000E-01 1.20000000E-01
2.08110522E+03 1.54918535E-02 1.00000000E-01 1.20000000E-01
2.25718493E+03 1.59777524E-02 1.00000000E-01 1.20000000E-01
2.44816253E+03 1.65474630E-02 1.00000000E-01 1.20000000E-01
2.65529851E+03 1.71292582E-02 1.00000000E-01 1.20000000E-01
2.87996001E+03 1.76453683E-02 1.00000000E-01 1.20000000E-01
3.12362983E+03 1.83096734E-02 1.00000000E-01 1.20000000E-01
3.38791625E+03 1.89310857E-02 1.00000000E-01 1.20000000E-01
3.67456362E+03 1.95108015E-02 1.00000000E-01 1.20000000E-01
3.98546386E+03 2.02550506E-02 1.00000000E-01 1.20000000E-01
4.32266899E+03 2.09168179E-02 1.00000000E-01 1.20000000E-01
4.68840462E+03 2.16060820E-02 1.00000000E-01 1.20000000E-01
5.08508469E+03 2.24007469E-02 1.00000000E-01 1.20000000E-01
5.51532736E+03 2.31081816E-02 1.00000000E-01 1.20000000E-01
5.98197233E+03 2.39155138E-02 1.00000000E-01 1.20000000E-01
6.48809954E+03 2.47662529E-02 1.00000000E-01 1.20000000E-01
7.03704955E+03 2.55201605E-02 1.00000000E-01 1.20000000E-01
7.63244553E+03 2.64646418E-02 1.00000000E-01 1.20000000E-01
8.27821723E+03 2.73738436E-02 1.00000000E-01 1.20000000E-01
8.97862686E+03 2.81911588E-02 1.00000000E-01 1.20000000E-01
9.73829728E+03 2.92790860E-02 1.00000000E-01 1.20000000E-01
1.05622425E+04 3.02508355E-02 1.00000000E-01 1.20000000E-01
