4.94999051E-04 1.88602300E-08 1.01020215E-03 1.20000000E-01
5.36880304E-04 2.01238060E-08 1.09567409E-03 1.20000000E-01
5.82305076E-04 2.40069602E-08 1.18837771E-03 1.20000000E-01
6.31573182E-04 2.56286018E-08 1.28892486E-03 1.20000000E-01
6.85009802E-04 2.75100200E-08 1.39797919E-03 1.20000000E-01
7.42967626E-04 2.89740839E-08 1.51626046E-03 1.20000000E-01
8.05829190E-04 3.27219668E-08 1.64454937E-03 1.20000000E-01
8.74009393E-04 3.51596583E-08 1.78369264E-03 1.20000000E-01
9.47958237E-04 3.79427951E-08 1.93460865E-03 1.20000000E-01
1.02816380E-03 4.21522409E-08 2.09829347E-03 1.20000000E-01
1.11515546E-03 4.50402431E-08 2.27582746E-03 1.20000000E-01
1.20950737E-03 4.85607288E-08 2.46838239E-03 1.20000000E-01
1.31184228E-03 5.24294430E-08 2.67722914E-03 1.20000000E-01
1.42283562E-03 5.65278115E-08 2.90374616E-03 1.20000000E-01
1.54321996E-03 6.12244686E-08 3.14942850E-03 1.20000000E-01
1.67378988E-03 6.60323113E-08 3.41589772E-03 1.20000000E-01
1.81540715E-03 7.08858452E-08 3.70491256E-03 1.20000000E-01
1.96900649E-03 7.62818731E-08 4.01838059E-03 1.20000000E-01
2.13560167E-03 8.27826868E-08 4.35837076E-03 1.20000000E-01
2.31629227E-03 8.90950596E-08 4.72712707E-03 1.20000000E-01
2.51227086E-03 9.57705541E-08 5.12708340E-03 1.20000000E-01
2.72483097E-03 1.03316801E-07 5.56087953E-03 1.20000000E-01
2.95537552E-03 1.11357427E-07 6.03137861E-03 1.20000000E-01
3.20542615E-03 1.20285416E-07 6.54168603E-03 1.20000000E-01
3.47663326E-03 1.29960596E-07 7.09516992E-03 1.20000000E-01
3.77078686E-03 1.40444159E-07 7.69548340E-03 1.20000000E-01
4.08982844E-03 1.51757986E-07 8.34658865E-03 1.20000000E-01
4.43586372E-03 1.63982543E-07 9.05278310E-03 1.20000000E-01
4.81117661E-03 1.77531983E-07 9.81872778E-03 1.20000000E-01
5.21824427E-03 1.92571562E-07 1.06494781E-02 1.20000000E-01
5.65975340E-03 2.08909563E-07 1.15505171E-02 1.20000000E-01
6.13861808E-03 2.26693433E-07 1.25277920E-02 1.20000000E-01
6.65799890E-03 2.46114996E-07 1.35877528E-02 1.20000000E-01
7.22132388E-03 2.67101570E-07 1.47373957E-02 1.20000000E-01
7.83231108E-03 2.90018510E-07 1.59843083E-02 1.20000000E-01
8.49499315E-03 3.14861187E-07 1.73367207E-02 1.20000000E-01
9.21374392E-03 3.41921964E-07 1.88035590E-02 1.20000000E-01
9.99330730E-03 3.72041449E-07 2.03945047E-02 1.20000000E-01
1.08388286E-02 4.05062435E-07 2.21200583E-02 1.20000000E-01
1.17558883E-02 4.40900593E-07 2.39916088E-02 1.20000000E-01
1.27505394E-02 4.79897138E-07 2.60215089E-02 1.20000000E-01
1.38293466E-02 5.22342734E-07 2.82231563E-02 1.20000000E-01
1.49994304E-02 5.68526733E-07 3.06110824E-02 1.20000000E-01
1.62685135E-02 6.18563312E-07 3.32010479E-02 1.20000000E-01
1.76449721E-02 6.72930598E-07 3.60101471E-02 1.20000000E-01
1.91378912E-02 7.31769797E-07 3.90569208E-02 1.20000000E-01
2.07571243E-02 7.95766754E-07 4.23614781E-02 1.20000000E-01
2.25133587E-02 8.64987699E-07 4.59456299E-02 1.20000000E-01
2.44181859E-02 9.41464348E-07 4.98330323E-02 1.20000000E-01
2.64841781E-02 1.02499704E-06 5.40493430E-02 1.20000000E-01
2.87249714E-02 1.11443532E-06 5.86223905E-02 1.20000000E-01
3.11553554E-02 1.21083602E-06 6.35823579E-02 1.20000000E-01
3.37913711E-02 1.31255080E-06 6.89619818E-02 1.20000000E-01
3.66504169E-02 1.42050052E-06 7.47967691E-02 1.20000000E-01
3.97513629E-02 1.53112547E-06 8.11252304E-02 1.20000000E-01
4.31146761E-02 1.64533583E-06 8.79891350E-02 1.20000000E-01
4.67625551E-02 1.76565114E-06 9.54337859E-02 1.20000000E-01
5.07190765E-02 1.88146159E-06 1.03508319E-01 1.20000000E-01
5.50103543E-02 1.98721320E-06 1.12266029E-01 1.20000000E-01
5.96647118E-02 2.09421338E-06 1.21764718E-01 1.20000000E-01
6.47128686E-02 2.17787917E-06 1.32067079E-01 1.20000000E-01
7.01881437E-02 2.25448128E-06 1.43241110E-01 1.20000000E-01
7.61266750E-02 2.31041298E-06 1.55360561E-01 1.20000000E-01
8.25676580E-02 2.35010511E-06 1.68505425E-01 1.20000000E-01
8.95536045E-02 2.38079330E-06 1.82762458E-01 1.20000000E-01
9.71306233E-02 2.41546609E-06 1.98225762E-01 1.20000000E-01
1.05348724E-01 2.39767398E-06 2.14997396E-01 1.20000000E-01
1.14262148E-01 2.41046324E-06 2.33188058E-01 1.20000000E-01
1.23929726E-01 2.47492708E-06 2.52917808E-01 1.20000000E-01
1.34415266E-01 2.55849068E-06 2.74316869E-01 1.20000000E-01
1.45787974E-01 2.65738181E-06 2.97526477E-01 1.20000000E-01
1.58122912E-01 2.78337132E-06 3.22699821E-01 1.20000000E-01
1.71501495E-01 2.91604432E-06 3.50003050E-01 1.20000000E-01
1.86012022E-01 3.07474563E-06 3.79616371E-01 1.20000000E-01
2.01750267E-01 3.24429836E-06 4.11735239E-01 1.20000000E-01
2.18820106E-01 3.42914398E-06 4.46571644E-01 1.20000000E-01
2.37334202E-01 3.63787864E-06 4.84355514E-01 1.20000000E-01
2.57414752E-01 3.85164577E-06 5.25336230E-01 1.20000000E-01
2.79194294E-01 4.09492692E-06 5.69784273E-01 1.20000000E-01
3.02816574E-01 4.35617857E-06 6.17993009E-01 1.20000000E-01
3.28437507E-01 4.62353628E-06 6.70280627E-01 1.20000000E-01
3.56226195E-01 4.92749409E-06 7.26992234E-01 1.20000000E-01
3.86366049E-01 5.24953954E-06 7.88502140E-01 1.20000000E-01
4.19055998E-01 5.57998742E-06 8.55216323E-01 1.20000000E-01
4.54511803E-01 5.95096948E-06 9.27575109E-01 1.20000000E-01
4.92967480E-01 6.35304147E-06 1.00605608E+00 1.20000000E-01
5.34676844E-01 6.76361928E-06 1.09117723E+00 1.20000000E-01
5.79915184E-01 7.21136990E-06 1.18350038E+00 1.20000000E-01
6.28981085E-01 7.70475824E-06 1.28363487E+00 1.20000000E-01
6.82198390E-01 8.21647781E-06 1.39224161E+00 1.20000000E-01
7.39918344E-01 8.75566502E-06 1.51003744E+00 1.20000000E-01
8.02521912E-01 9.36838591E-06 1.63779982E+00 1.20000000E-01
8.70422290E-01 1.00081402E-05 1.77637202E+00 1.20000000E-01
9.44067634E-01 1.06739464E-05 1.92666864E+00 1.20000000E-01
1.02394402E+00 1.14175805E-05 2.08968167E+00 1.20000000E-01
1.11057865E+00 1.22192309E-05 2.26648703E+00 1.20000000E-01
1.20454332E+00 1.30586362E-05 2.45825167E+00 1.20000000E-01
1.30645823E+00 1.39388797E-05 2.66624128E+00 1.20000000E-01
1.41699603E+00 1.49350229E-05 2.89182863E+00 1.20000000E-01
1.53688629E+00 1.59746901E-05 3.13650264E+00 1.20000000E-01
1.66692033E+00 1.70171713E-05 3.40187821E+00 1.20000000E-01
1.80795637E+00 1.79527117E-05 3.68970689E+00 1.20000000E-01
1.96092531E+00 1.89589642E-05 4.00188838E+00 1.20000000E-01
2.12683675E+00 2.00078519E-05 4.34048317E+00 1.20000000E-01
2.30678576E+00 2.11122469E-05 4.70772603E+00 1.20000000E-01
2.50196002E+00 2.21832495E-05 5.10604086E+00 1.20000000E-01
2.71364774E+00 2.34972829E-05 5.53805661E+00 1.20000000E-01
2.94324609E+00 2.47642255E-05 6.00662467E+00 1.20000000E-01
3.19227047E+00 2.60992544E-05 6.51483769E+00 1.20000000E-01
3.46236449E+00 2.74853178E-05 7.06604998E+00 1.20000000E-01
3.75531083E+00 2.90159076E-05 7.66389965E+00 1.20000000E-01
4.07304299E+00 3.08582370E-05 8.31233264E+00 1.20000000E-01
4.41765808E+00 3.28441615E-05 9.01562874E+00 1.20000000E-01
4.79143062E+00 3.50468327E-05 9.77842984E+00 1.20000000E-01
5.19682759E+00 3.75678456E-05 1.06057706E+01 1.20000000E-01
5.63652469E+00 4.02771454E-05 1.15031116E+01 1.20000000E-01
6.11342401E+00 4.32051160E-05 1.24763755E+01 1.20000000E-01
6.63067319E+00 4.64286722E-05 1.35319861E+01 1.20000000E-01
7.19168617E+00 5.00851969E-05 1.46769106E+01 1.20000000E-01
7.80016577E+00 5.40466771E-05 1.59187057E+01 1.20000000E-01
8.46012806E+00 5.83562068E-05 1.72655675E+01 1.20000000E-01
9.17592895E+00 6.29809294E-05 1.87263856E+01 1.20000000E-01
9.95229285E+00 6.79632007E-05 2.03108017E+01 1.20000000E-01
1.07943439E+01 7.35732298E-05 2.20292733E+01 1.20000000E-01
1.17076399E+01 7.97385043E-05 2.38931427E+01 1.20000000E-01
1.26982087E+01 8.64250119E-05 2.59147117E+01 1.20000000E-01
1.37725883E+01 9.37270800E-05 2.81073231E+01 1.20000000E-01
1.49378698E+01 1.01593559E-04 3.04854486E+01 1.20000000E-01
1.62017444E+01 1.10037810E-04 3.30647844E+01 1.20000000E-01
1.75725537E+01 1.19133532E-04 3.58623546E+01 1.20000000E-01
1.90593456E+01 1.29135414E-04 3.88966236E+01 1.20000000E-01
2.06719330E+01 1.40285294E-04 4.21876184E+01 1.20000000E-01
2.24209595E+01 1.52418780E-04 4.57570602E+01 1.20000000E-01
2.43179689E+01 1.65530561E-04 4.96285080E+01 1.20000000E-01
2.63754819E+01 1.79612827E-04 5.38275141E+01 1.20000000E-01
2.86070786E+01 1.94952921E-04 5.83817930E+01 1.20000000E-01
3.10274878E+01 2.11414837E-04 6.33214036E+01 1.20000000E-01
3.36526848E+01 2.29323044E-04 6.86789486E+01 1.20000000E-01
3.64999965E+01 2.48541631E-04 7.44897888E+01 1.20000000E-01
3.95882157E+01 2.70054822E-04 8.07922769E+01 1.20000000E-01
4.29377252E+01 2.93554758E-04 8.76280106E+01 1.20000000E-01
4.65706326E+01 3.18899476E-04 9.50421073E+01 1.20000000E-01
5.05109157E+01 3.46435596E-04 1.03083501E+02 1.20000000E-01
5.47845813E+01 3.76247940E-04 1.11805268E+02 1.20000000E-01
5.94198363E+01 4.08815595E-04 1.21264972E+02 1.20000000E-01
6.44472746E+01 4.43797434E-04 1.31525050E+02 1.20000000E-01
6.99000781E+01 4.81800889E-04 1.42653221E+02 1.20000000E-01
7.58142365E+01 5.22812472E-04 1.54722932E+02 1.20000000E-01
8.22287844E+01 5.68294281E-04 1.67813846E+02 1.20000000E-01
8.91860593E+01 6.18081863E-04 1.82012366E+02 1.20000000E-01
9.67319805E+01 6.72621159E-04 1.97412205E+02 1.20000000E-01
1.04916353E+02 7.31345667E-04 2.14115006E+02 1.20000000E-01
1.13793194E+02 7.94948948E-04 2.32231009E+02 1.20000000E-01
1.23421095E+02 8.63983721E-04 2.51879785E+02 1.20000000E-01
1.33863600E+02 9.38715284E-04 2.73191019E+02 1.20000000E-01
1.45189632E+02 1.01992569E-03 2.96305371E+02 1.20000000E-01
1.57473945E+02 1.10761574E-03 3.21375399E+02 1.20000000E-01
1.70797619E+02 1.20248433E-03 3.48566570E+02 1.20000000E-01
1.85248593E+02 1.30807784E-03 3.78058353E+02 1.20000000E-01
2.00922245E+02 1.42401724E-03 4.10045398E+02 1.20000000E-01
2.17922026E+02 1.54852058E-03 4.44738828E+02 1.20000000E-01
2.36360137E+02 1.68354453E-03 4.82367626E+02 1.20000000E-01
2.56358273E+02 1.82948118E-03 5.23180149E+02 1.20000000E-01
2.78048426E+02 1.98720753E-03 5.67445768E+02 1.20000000E-01
3.01573757E+02 2.15770328E-03 6.15456647E+02 1.20000000E-01
3.27089536E+02 2.34136488E-03 6.67529666E+02 1.20000000E-01
3.54764174E+02 2.53927021E-03 7.24008518E+02 1.20000000E-01
3.84780328E+02 2.75698991E-03 7.85265976E+02 1.20000000E-01
4.17336112E+02 2.99562075E-03 8.51706350E+02 1.20000000E-01
4.52646399E+02 3.25347350E-03 9.23768162E+02 1.20000000E-01
4.90944247E+02 3.53207742E-03 1.00192703E+03 1.20000000E-01
5.32482427E+02 3.83362089E-03 1.08669883E+03 1.20000000E-01
5.77535101E+02 4.15874409E-03 1.17864306E+03 1.20000000E-01
6.26399625E+02 4.50976037E-03 1.27836658E+03 1.20000000E-01
6.79398516E+02 4.88870634E-03 1.38652758E+03 1.20000000E-01
7.36881577E+02 5.29863422E-03 1.50383995E+03 1.20000000E-01
7.99228208E+02 5.75754512E-03 1.63107798E+03 1.20000000E-01
8.66849910E+02 6.25504028E-03 1.76908145E+03 1.20000000E-01
9.40192999E+02 6.79425628E-03 1.91876122E+03 1.20000000E-01
1.01974156E+03 7.38003819E-03 2.08110522E+03 1.20000000E-01
1.10602062E+03 8.01360806E-03 2.25718493E+03 1.20000000E-01
1.19959964E+03 8.70025615E-03 2.44816253E+03 1.20000000E-01
1.30109627E+03 9.44690394E-03 2.65529851E+03 1.20000000E-01
1.41118040E+03 1.02537184E-02 2.87996001E+03 1.20000000E-01
1.53057862E+03 1.11298159E-02 3.12362983E+03 1.20000000E-01
1.66007896E+03 1.21083070E-02 3.38791625E+03 1.20000000E-01
1.80053617E+03 1.31801100E-02 3.67456362E+03 1.20000000E-01
1.95287729E+03 1.43386227E-02 3.98546386E+03 1.20000000E-01
2.11810780E+03 1.55931772E-02 4.32266899E+03 1.20000000E-01
2.29731826E+03 1.69582231E-02 4.68840462E+03 1.20000000E-01
2.49169150E+03 1.84377439E-02 5.08508469E+03 1.20000000E-01
2.70251041E+03 2.00433733E-02 5.51532736E+03 1.20000000E-01
2.93116644E+03 2.17870194E-02 5.98197233E+03 1.20000000E-01
3.17916878E+03 2.36765219E-02 6.48809954E+03 1.20000000E-01
3.44815428E+03 2.57576219E-02 7.03704955E+03 1.20000000E-01
3.73989831E+03 2.80274139E-02 7.63244553E+03 1.20000000E-01
4.05632644E+03 3.05208250E-02 8.27821723E+03 1.20000000E-01
4.39952716E+03 3.32339328E-02 8.97862686E+03 1.20000000E-01
4.77176567E+03 3.61877402E-02 9.73829728E+03 1.20000000E-01
5.17549881E+03 3.94124248E-02 1.05622425E+04 1.20000000E-01
