2.28292993E-01 1.03758317E+00 1.00000000E+02 1.20000000E-01
2.35510190E-01 1.01925265E+00 1.00000000E+02 1.20000000E-01
2.42955550E-01 9.99732242E-01 1.00000000E+02 1.20000000E-01
2.50636286E-01 9.78916242E-01 1.00000000E+02 1.20000000E-01
2.58559839E-01 9.56784910E-01 1.00000000E+02 1.20000000E-01
2.66733885E-01 9.41291380E-01 1.00000000E+02 1.20000000E-01
2.75166343E-01 9.24668204E-01 1.00000000E+02 1.20000000E-01
2.83865383E-01 9.06901517E-01 1.00000000E+02 1.20000000E-01
2.92839432E-01 8.87900705E-01 1.00000000E+02 1.20000000E-01
3.02097184E-01 8.69218960E-01 1.00000000E+02 1.20000000E-01
3.11647609E-01 8.54963537E-01 1.00000000E+02 1.20000000E-01
3.21499958E-01 8.39819310E-01 1.00000000E+02 1.20000000E-01
3.31663777E-01 8.23638849E-01 1.00000000E+02 1.20000000E-01
3.42148913E-01 8.06271126E-01 1.00000000E+02 1.20000000E-01
3.52965523E-01 7.90205670E-01 1.00000000E+02 1.20000000E-01
3.64124086E-01 7.77174665E-01 1.00000000E+02 1.20000000E-01
3.75635414E-01 7.63244453E-01 1.00000000E+02 1.20000000E-01
3.87510658E-01 7.48395362E-01 1.00000000E+02 1.20000000E-01
3.99761322E-01 7.32463107E-01 1.00000000E+02 1.20000000E-01
4.12399276E-01 7.18651282E-01 1.00000000E+02 1.20000000E-01
4.25436764E-01 7.06758583E-01 1.00000000E+02 1.20000000E-01
4.38886415E-01 6.94022524E-01 1.00000000E+02 1.20000000E-01
4.52761260E-01 6.80415077E-01 1.00000000E+02 1.20000000E-01
4.67074741E-01 6.65912407E-01 1.00000000E+02 1.20000000E-01
4.81840725E-01 6.53874758E-01 1.00000000E+02 1.20000000E-01
4.97073516E-01 6.42999373E-01 1.00000000E+02 1.20000000E-01
5.12787874E-01 6.31427121E-01 1.00000000E+02 1.20000000E-01
5.28999021E-01 6.19036513E-01 1.00000000E+02 1.20000000E-01
5.45722664E-01 6.05839077E-01 1.00000000E+02 1.20000000E-01
5.62975003E-01 5.95198939E-01 1.00000000E+02 1.20000000E-01
5.80772754E-01 5.85397544E-01 1.00000000E+02 1.20000000E-01
5.99133158E-01 5.74902644E-01 1.00000000E+02 1.20000000E-01
6.18074003E-01 5.63673052E-01 1.00000000E+02 1.20000000E-01
6.37613640E-01 5.51705737E-01 1.00000000E+02 1.20000000E-01
6.57770997E-01 5.42360422E-01 1.00000000E+02 1.20000000E-01
6.78565605E-01 5.33471168E-01 1.00000000E+02 1.20000000E-01
7.00017608E-01 5.23992716E-01 1.00000000E+02 1.20000000E-01
7.22147789E-01 5.13890753E-01 1.00000000E+02 1.20000000E-01
7.44977588E-01 5.03177175E-01 1.00000000E+02 1.20000000E-01
7.68529123E-01 4.94508142E-01 1.00000000E+02 1.20000000E-01
7.92825209E-01 4.86498837E-01 1.00000000E+02 1.20000000E-01
8.17889387E-01 4.77916785E-01 1.00000000E+02 1.20000000E-01
8.43745937E-01 4.68814406E-01 1.00000000E+02 1.20000000E-01
8.70419909E-01 4.59205171E-01 1.00000000E+02 1.20000000E-01
8.97937146E-01 4.51158491E-01 1.00000000E+02 1.20000000E-01
9.26324306E-01 4.43968493E-01 1.00000000E+02 1.20000000E-01
9.55608890E-01 4.36260177E-01 1.00000000E+02 1.20000000E-01
9.85819270E-01 4.28088187E-01 1.00000000E+02 1.20000000E-01
1.01698471E+00 4.19415234E-01 1.00000000E+02 1.20000000E-01
1.04913541E+00 4.11904988E-01 1.00000000E+02 1.20000000E-01
1.08230252E+00 4.05407552E-01 1.00000000E+02 1.20000000E-01
1.11651816E+00 3.98482257E-01 1.00000000E+02 1.20000000E-01
1.15181548E+00 3.91163909E-01 1.00000000E+02 1.20000000E-01
1.18822869E+00 3.83347079E-01 1.00000000E+02 1.20000000E-01
1.22579305E+00 3.76161491E-01 1.00000000E+02 1.20000000E-01
1.26454497E+00 3.70307819E-01 1.00000000E+02 1.20000000E-01
1.30452197E+00 3.64104601E-01 1.00000000E+02 1.20000000E-01
1.34576280E+00 3.57459726E-01 1.00000000E+02 1.20000000E-01
1.38830741E+00 3.50391573E-01 1.00000000E+02 1.20000000E-01
1.43219701E+00 3.43524228E-01 1.00000000E+02 1.20000000E-01
1.47747413E+00 3.38242205E-01 1.00000000E+02 1.20000000E-01
1.52418263E+00 3.32519665E-01 1.00000000E+02 1.20000000E-01
1.57236775E+00 3.26280888E-01 1.00000000E+02 1.20000000E-01
1.62207619E+00 3.19272427E-01 1.00000000E+02 1.20000000E-01
1.67335610E+00 3.11996967E-01 1.00000000E+02 1.20000000E-01
1.72625717E+00 3.04011532E-01 1.00000000E+02 1.20000000E-01
1.78083063E+00 2.90038006E-01 1.00000000E+02 1.20000000E-01
1.83712936E+00 2.80733544E-01 1.00000000E+02 1.20000000E-01
1.89520791E+00 2.73116702E-01 1.00000000E+02 1.20000000E-01
1.95512253E+00 2.65392056E-01 1.00000000E+02 1.20000000E-01
2.01693129E+00 2.58612769E-01 1.00000000E+02 1.20000000E-01
2.08069405E+00 2.52996031E-01 1.00000000E+02 1.20000000E-01
2.14647259E+00 2.47029179E-01 1.00000000E+02 1.20000000E-01
2.21433063E+00 2.40587858E-01 1.00000000E+02 1.20000000E-01
2.28433393E+00 2.35106029E-01 1.00000000E+02 1.20000000E-01
2.35655029E+00 2.30139885E-01 1.00000000E+02 1.20000000E-01
2.43104968E+00 2.24847434E-01 1.00000000E+02 1.20000000E-01
2.50790427E+00 2.19224398E-01 1.00000000E+02 1.20000000E-01
2.58718853E+00 2.14518545E-01 1.00000000E+02 1.20000000E-01
2.66897926E+00 2.10401444E-01 1.00000000E+02 1.20000000E-01
2.75335570E+00 2.06011859E-01 1.00000000E+02 1.20000000E-01
2.84039959E+00 2.01290034E-01 1.00000000E+02 1.20000000E-01
2.93019527E+00 1.96672918E-01 1.00000000E+02 1.20000000E-01
3.02282973E+00 1.92974998E-01 1.00000000E+02 1.20000000E-01
3.11839271E+00 1.88976823E-01 1.00000000E+02 1.20000000E-01
3.21697680E+00 1.84618952E-01 1.00000000E+02 1.20000000E-01
3.31867750E+00 1.80022583E-01 1.00000000E+02 1.20000000E-01
3.42359333E+00 1.76708609E-01 1.00000000E+02 1.20000000E-01
3.53182596E+00 1.73184363E-01 1.00000000E+02 1.20000000E-01
3.64348022E+00 1.69457729E-01 1.00000000E+02 1.20000000E-01
3.75866429E+00 1.65558473E-01 1.00000000E+02 1.20000000E-01
3.87748976E+00 1.62404321E-01 1.00000000E+02 1.20000000E-01
4.00007174E+00 1.59592791E-01 1.00000000E+02 1.20000000E-01
4.12652901E+00 1.56633986E-01 1.00000000E+02 1.20000000E-01
4.25698406E+00 1.53533834E-01 1.00000000E+02 1.20000000E-01
4.39156329E+00 1.50236835E-01 1.00000000E+02 1.20000000E-01
4.53039707E+00 1.47754453E-01 1.00000000E+02 1.20000000E-01
4.67361991E+00 1.45349178E-01 1.00000000E+02 1.20000000E-01
4.82137055E+00 1.42810872E-01 1.00000000E+02 1.20000000E-01
4.97379215E+00 1.40109355E-01 1.00000000E+02 1.20000000E-01
5.13103237E+00 1.37246076E-01 1.00000000E+02 1.20000000E-01
5.29324354E+00 1.34981542E-01 1.00000000E+02 1.20000000E-01
5.46058282E+00 1.32885652E-01 1.00000000E+02 1.20000000E-01
5.63321231E+00 1.30673528E-01 1.00000000E+02 1.20000000E-01
5.81129927E+00 1.28337256E-01 1.00000000E+02 1.20000000E-01
5.99501623E+00 1.25841098E-01 1.00000000E+02 1.20000000E-01
6.18454117E+00 1.23576229E-01 1.00000000E+02 1.20000000E-01
6.38005771E+00 1.21747349E-01 1.00000000E+02 1.20000000E-01
6.58175525E+00 1.19805033E-01 1.00000000E+02 1.20000000E-01
6.78982921E+00 1.17748306E-01 1.00000000E+02 1.20000000E-01
7.00448117E+00 1.15569406E-01 1.00000000E+02 1.20000000E-01
7.22591908E+00 1.13254426E-01 1.00000000E+02 1.20000000E-01
7.45435747E+00 1.11645145E-01 1.00000000E+02 1.20000000E-01
7.69001766E+00 1.09934370E-01 1.00000000E+02 1.20000000E-01
7.93312795E+00 1.08120023E-01 1.00000000E+02 1.20000000E-01
8.18392387E+00 1.06206002E-01 1.00000000E+02 1.20000000E-01
8.44264838E+00 1.04139673E-01 1.00000000E+02 1.20000000E-01
8.70955215E+00 1.02392904E-01 1.00000000E+02 1.20000000E-01
8.98489375E+00 1.00862986E-01 1.00000000E+02 1.20000000E-01
9.26893993E+00 9.92342794E-02 1.00000000E+02 1.20000000E-01
9.56196587E+00 9.74937399E-02 1.00000000E+02 1.20000000E-01
9.86425546E+00 9.56229901E-02 1.00000000E+02 1.20000000E-01
1.01761016E+01 9.37968477E-02 1.00000000E+02 1.20000000E-01
1.04978063E+01 9.24058037E-02 1.00000000E+02 1.20000000E-01
1.08296813E+01 9.09221405E-02 1.00000000E+02 1.20000000E-01
1.11720481E+01 8.93309080E-02 1.00000000E+02 1.20000000E-01
1.15252385E+01 8.76312210E-02 1.00000000E+02 1.20000000E-01
1.18895945E+01 8.57933890E-02 1.00000000E+02 1.20000000E-01
1.22654691E+01 8.45118625E-02 1.00000000E+02 1.20000000E-01
1.26532266E+01 8.31486307E-02 1.00000000E+02 1.20000000E-01
1.30532425E+01 8.16965063E-02 1.00000000E+02 1.20000000E-01
1.34659044E+01 8.01181516E-02 1.00000000E+02 1.20000000E-01
1.38916122E+01 7.84302730E-02 1.00000000E+02 1.20000000E-01
1.43307781E+01 7.71406852E-02 1.00000000E+02 1.20000000E-01
1.47838277E+01 7.58663476E-02 1.00000000E+02 1.20000000E-01
1.52512000E+01 7.44612251E-02 1.00000000E+02 1.20000000E-01
1.57333476E+01 7.29447778E-02 1.00000000E+02 1.20000000E-01
1.62307377E+01 7.12817731E-02 1.00000000E+02 1.20000000E-01
1.67438521E+01 7.00947287E-02 1.00000000E+02 1.20000000E-01
1.72731881E+01 6.88231678E-02 1.00000000E+02 1.20000000E-01
1.78192583E+01 6.74308901E-02 1.00000000E+02 1.20000000E-01
1.83825919E+01 6.58930994E-02 1.00000000E+02 1.20000000E-01
1.89637345E+01 6.44709990E-02 1.00000000E+02 1.20000000E-01
1.95632493E+01 6.32680214E-02 1.00000000E+02 1.20000000E-01
2.01817169E+01 6.19579498E-02 1.00000000E+02 1.20000000E-01
2.08197367E+01 6.05174228E-02 1.00000000E+02 1.20000000E-01
2.14779266E+01 5.89983539E-02 1.00000000E+02 1.20000000E-01
2.21569244E+01 5.78394687E-02 1.00000000E+02 1.20000000E-01
2.28573879E+01 5.65324079E-02 1.00000000E+02 1.20000000E-01
2.35799956E+01 5.50693350E-02 1.00000000E+02 1.20000000E-01
2.43254476E+01 5.35945228E-02 1.00000000E+02 1.20000000E-01
2.50944663E+01 5.23647032E-02 1.00000000E+02 1.20000000E-01
2.58877964E+01 5.09647053E-02 1.00000000E+02 1.20000000E-01
2.67062067E+01 4.93432255E-02 1.00000000E+02 1.20000000E-01
2.75504900E+01 4.80637241E-02 1.00000000E+02 1.20000000E-01
2.84214643E+01 4.66437358E-02 1.00000000E+02 1.20000000E-01
2.93199734E+01 4.49659584E-02 1.00000000E+02 1.20000000E-01
3.02468877E+01 4.36051838E-02 1.00000000E+02 1.20000000E-01
3.12031052E+01 4.20425908E-02 1.00000000E+02 1.20000000E-01
3.21895523E+01 4.03729968E-02 1.00000000E+02 1.20000000E-01
3.32071848E+01 3.88058185E-02 1.00000000E+02 1.20000000E-01
3.42569884E+01 3.68911100E-02 1.00000000E+02 1.20000000E-01
3.53399802E+01 3.48807780E-02 1.00000000E+02 1.20000000E-01
3.64572095E+01 3.21255261E-02 1.00000000E+02 1.20000000E-01
3.76097586E+01 2.77515285E-02 1.00000000E+02 1.20000000E-01
3.87987440E+01 2.02004735E-02 1.00000000E+02 1.20000000E-01
4.00253178E+01 1.08957172E-02 1.00000000E+02 1.20000000E-01
4.12906681E+01 5.22290618E-03 1.00000000E+02 1.20000000E-01
4.25960210E+01 2.50728565E-03 1.00000000E+02 1.20000000E-01
4.39426409E+01 1.22091255E-03 1.00000000E+02 1.20000000E-01
4.53318325E+01 6.00579062E-04 1.00000000E+02 1.20000000E-01
4.67649417E+01 2.95029838E-04 1.00000000E+02 1.20000000E-01
4.82433569E+01 1.42297761E-04 1.00000000E+02 1.20000000E-01
