4.04080858E-04 1.54831114E-07 1.01020215E-03 1.20000000E-01
4.38269636E-04 1.71119397E-07 1.09567409E-03 1.20000000E-01
4.75351083E-04 1.92304198E-07 1.18837771E-03 1.20000000E-01
5.15569945E-04 2.13921899E-07 1.28892486E-03 1.20000000E-01
5.59191675E-04 2.36050786E-07 1.39797919E-03 1.20000000E-01
6.06504185E-04 2.62746994E-07 1.51626046E-03 1.20000000E-01
6.57819747E-04 2.90818950E-07 1.64454937E-03 1.20000000E-01
7.13477055E-04 3.22536138E-07 1.78369264E-03 1.20000000E-01
7.73843459E-04 3.56521747E-07 1.93460865E-03 1.20000000E-01
8.39317389E-04 3.92732516E-07 2.09829347E-03 1.20000000E-01
9.10330986E-04 4.31195414E-07 2.27582746E-03 1.20000000E-01
9.87352955E-04 4.72040852E-07 2.46838239E-03 1.20000000E-01
1.07089166E-03 5.14836223E-07 2.67722914E-03 1.20000000E-01
1.16149846E-03 5.59157570E-07 2.90374616E-03 1.20000000E-01
1.25977140E-03 6.05918465E-07 3.14942850E-03 1.20000000E-01
1.36635909E-03 6.54077624E-07 3.41589772E-03 1.20000000E-01
1.48196502E-03 7.07778164E-07 3.70491256E-03 1.20000000E-01
1.60735224E-03 7.65159236E-07 4.01838059E-03 1.20000000E-01
1.74334830E-03 8.27159744E-07 4.35837076E-03 1.20000000E-01
1.89085083E-03 8.95466742E-07 4.72712707E-03 1.20000000E-01
2.05083336E-03 9.70849769E-07 5.12708340E-03 1.20000000E-01
2.22435181E-03 1.05540353E-06 5.56087953E-03 1.20000000E-01
2.41255144E-03 1.14948820E-06 6.03137861E-03 1.20000000E-01
2.61667441E-03 1.25499097E-06 6.54168603E-03 1.20000000E-01
2.83806797E-03 1.37495100E-06 7.09516992E-03 1.20000000E-01
3.07819336E-03 1.50857992E-06 7.69548340E-03 1.20000000E-01
3.33863546E-03 1.66002791E-06 8.34658865E-03 1.20000000E-01
3.62111324E-03 1.82992179E-06 9.05278310E-03 1.20000000E-01
3.92749111E-03 2.01898392E-06 9.81872778E-03 1.20000000E-01
4.25979124E-03 2.23157224E-06 1.06494781E-02 1.20000000E-01
4.62020686E-03 2.46897629E-06 1.15505171E-02 1.20000000E-01
5.01111680E-03 2.73381416E-06 1.25277920E-02 1.20000000E-01
5.43510114E-03 3.02839034E-06 1.35877528E-02 1.20000000E-01
5.89495827E-03 3.35486860E-06 1.47373957E-02 1.20000000E-01
6.39372333E-03 3.71880089E-06 1.59843083E-02 1.20000000E-01
6.93468829E-03 4.12241155E-06 1.73367207E-02 1.20000000E-01
7.52142361E-03 4.56979940E-06 1.88035590E-02 1.20000000E-01
8.15780188E-03 5.07179005E-06 2.03945047E-02 1.20000000E-01
8.84802332E-03 5.63364966E-06 2.21200583E-02 1.20000000E-01
9.59664354E-03 6.25649675E-06 2.39916088E-02 1.20000000E-01
1.04086036E-02 6.94652444E-06 2.60215089E-02 1.20000000E-01
1.12892625E-02 7.71290963E-06 2.82231563E-02 1.20000000E-01
1.22444330E-02 8.55898238E-06 3.06110824E-02 1.20000000E-01
1.32804192E-02 9.49524569E-06 3.32010479E-02 1.20000000E-01
1.44040589E-02 1.05308111E-05 3.60101471E-02 1.20000000E-01
1.56227683E-02 1.17012814E-05 3.90569208E-02 1.20000000E-01
1.69445912E-02 1.29971032E-05 4.23614781E-02 1.20000000E-01
1.83782520E-02 1.44371628E-05 4.59456299E-02 1.20000000E-01
1.99332129E-02 1.60383750E-05 4.98330323E-02 1.20000000E-01
2.16197372E-02 1.78006730E-05 5.40493430E-02 1.20000000E-01
2.34489562E-02 1.97537078E-05 5.86223905E-02 1.20000000E-01
2.54329431E-02 2.18983211E-05 6.35823579E-02 1.20000000E-01
2.75847927E-02 2.42458874E-05 6.89619818E-02 1.20000000E-01
2.99187076E-02 2.67963842E-05 7.47967691E-02 1.20000000E-01
3.24500922E-02 2.95416019E-05 8.11252304E-02 1.20000000E-01
3.51956540E-02 3.23974744E-05 8.79891350E-02 1.20000000E-01
3.81735144E-02 3.52644454E-05 9.54337859E-02 1.20000000E-01
4.14033278E-02 3.80945209E-05 1.03508319E-01 1.20000000E-01
4.49064117E-02 4.06640891E-05 1.12266029E-01 1.20000000E-01
4.87058872E-02 4.27347783E-05 1.21764718E-01 1.20000000E-01
5.28268315E-02 4.44155306E-05 1.32067079E-01 1.20000000E-01
5.72964439E-02 4.53126749E-05 1.43241110E-01 1.20000000E-01
6.21442245E-02 4.54177375E-05 1.55360561E-01 1.20000000E-01
6.74021698E-02 4.47174396E-05 1.68505425E-01 1.20000000E-01
7.31049833E-02 4.32264654E-05 1.82762458E-01 1.20000000E-01
7.92903047E-02 4.13003064E-05 1.98225762E-01 1.20000000E-01
8.59989585E-02 3.72981051E-05 2.14997396E-01 1.20000000E-01
9.32752231E-02 3.40925541E-05 2.33188058E-01 1.20000000E-01
1.01167123E-01 3.24318979E-05 2.52917808E-01 1.20000000E-01
1.09726747E-01 3.18147296E-05 2.74316869E-01 1.20000000E-01
1.19010591E-01 3.20210350E-05 2.97526477E-01 1.20000000E-01
1.29079928E-01 3.29998542E-05 3.22699821E-01 1.20000000E-01
1.40001220E-01 3.46075222E-05 3.50003050E-01 1.20000000E-01
1.51846549E-01 3.67612397E-05 3.79616371E-01 1.20000000E-01
1.64694096E-01 3.93381801E-05 4.11735239E-01 1.20000000E-01
1.78628658E-01 4.23620180E-05 4.46571644E-01 1.20000000E-01
1.93742206E-01 4.58662948E-05 4.84355514E-01 1.20000000E-01
2.10134492E-01 4.97264321E-05 5.25336230E-01 1.20000000E-01
2.27913709E-01 5.39251998E-05 5.69784273E-01 1.20000000E-01
2.47197204E-01 5.85062907E-05 6.17993009E-01 1.20000000E-01
2.68112251E-01 6.33869606E-05 6.70280627E-01 1.20000000E-01
2.90796894E-01 6.86341686E-05 7.26992234E-01 1.20000000E-01
3.15400856E-01 7.42282256E-05 7.88502140E-01 1.20000000E-01
3.42086529E-01 8.03995963E-05 8.55216323E-01 1.20000000E-01
3.71030044E-01 8.70065305E-05 9.27575109E-01 1.20000000E-01
4.02422433E-01 9.40470229E-05 1.00605608E+00 1.20000000E-01
4.36470893E-01 1.01657009E-04 1.09117723E+00 1.20000000E-01
4.73400150E-01 1.09859686E-04 1.18350038E+00 1.20000000E-01
5.13453947E-01 1.18726201E-04 1.28363487E+00 1.20000000E-01
5.56896644E-01 1.28582087E-04 1.39224161E+00 1.20000000E-01
6.04014975E-01 1.39387325E-04 1.51003744E+00 1.20000000E-01
6.55119928E-01 1.51297512E-04 1.63779982E+00 1.20000000E-01
7.10548808E-01 1.64367619E-04 1.77637202E+00 1.20000000E-01
7.70667457E-01 1.78696625E-04 1.92666864E+00 1.20000000E-01
8.35872669E-01 1.94419285E-04 2.08968167E+00 1.20000000E-01
9.06594812E-01 2.11685174E-04 2.26648703E+00 1.20000000E-01
9.83300668E-01 2.30629324E-04 2.45825167E+00 1.20000000E-01
1.06649651E+00 2.51387530E-04 2.66624128E+00 1.20000000E-01
1.15673145E+00 2.74064465E-04 2.89182863E+00 1.20000000E-01
1.25460106E+00 2.98727862E-04 3.13650264E+00 1.20000000E-01
1.36075129E+00 3.25848859E-04 3.40187821E+00 1.20000000E-01
1.47588275E+00 3.47076069E-04 3.68970689E+00 1.20000000E-01
1.60075535E+00 3.73004076E-04 4.00188838E+00 1.20000000E-01
1.73619327E+00 4.01915704E-04 4.34048317E+00 1.20000000E-01
1.88309041E+00 4.27858259E-04 4.70772603E+00 1.20000000E-01
2.04241634E+00 4.51678357E-04 5.10604086E+00 1.20000000E-01
2.21522264E+00 4.71869122E-04 5.53805661E+00 1.20000000E-01
2.40264987E+00 4.89830757E-04 6.00662467E+00 1.20000000E-01
2.60593508E+00 5.04487256E-04 6.51483769E+00 1.20000000E-01
2.82641999E+00 5.31861757E-04 7.06604998E+00 1.20000000E-01
3.06555986E+00 5.71284224E-04 7.66389965E+00 1.20000000E-01
3.32493306E+00 6.00325787E-04 8.31233264E+00 1.20000000E-01
3.60625149E+00 6.22311900E-04 9.01562874E+00 1.20000000E-01
3.91137193E+00 6.56149659E-04 9.77842984E+00 1.20000000E-01
4.24230823E+00 7.13509883E-04 1.06057706E+01 1.20000000E-01
4.60124464E+00 7.87089342E-04 1.15031116E+01 1.20000000E-01
4.99055021E+00 8.69654207E-04 1.24763755E+01 1.20000000E-01
5.41279444E+00 9.60597572E-04 1.35319861E+01 1.20000000E-01
5.87076422E+00 1.06101964E-03 1.46769106E+01 1.20000000E-01
6.36748226E+00 1.17164652E-03 1.59187057E+01 1.20000000E-01
6.90622699E+00 1.29361564E-03 1.72655675E+01 1.20000000E-01
7.49055424E+00 1.42924286E-03 1.87263856E+01 1.20000000E-01
8.12432069E+00 1.57924848E-03 2.03108017E+01 1.20000000E-01
8.81170933E+00 1.74594704E-03 2.20292733E+01 1.20000000E-01
9.55725706E+00 1.93037656E-03 2.38931427E+01 1.20000000E-01
1.03658847E+01 2.12756063E-03 2.59147117E+01 1.20000000E-01
1.12429292E+01 2.34232786E-03 2.81073231E+01 1.20000000E-01
1.21941794E+01 2.57973535E-03 3.04854486E+01 1.20000000E-01
1.32259138E+01 2.84313361E-03 3.30647844E+01 1.20000000E-01
1.43449418E+01 3.14836208E-03 3.58623546E+01 1.20000000E-01
1.55586495E+01 3.49761689E-03 3.88966236E+01 1.20000000E-01
1.68750474E+01 3.85503205E-03 4.21876184E+01 1.20000000E-01
1.83028241E+01 4.23792139E-03 4.57570602E+01 1.20000000E-01
1.98514032E+01 4.66458160E-03 4.96285080E+01 1.20000000E-01
2.15310057E+01 5.14026347E-03 5.38275141E+01 1.20000000E-01
2.33527172E+01 5.69669798E-03 5.83817930E+01 1.20000000E-01
2.53285615E+01 6.34455587E-03 6.33214036E+01 1.20000000E-01
2.74715794E+01 7.00982378E-03 6.86789486E+01 1.20000000E-01
2.97959155E+01 7.72887561E-03 7.44897888E+01 1.20000000E-01
3.23169107E+01 8.52864537E-03 8.07922769E+01 1.20000000E-01
3.50512043E+01 9.41432691E-03 8.76280106E+01 1.20000000E-01
3.80168429E+01 1.03923457E-02 9.50421073E+01 1.20000000E-01
4.12334006E+01 1.14665105E-02 1.03083501E+02 1.20000000E-01
4.47221072E+01 1.26471000E-02 1.11805268E+02 1.20000000E-01
4.85059889E+01 1.39163915E-02 1.21264972E+02 1.20000000E-01
5.26100201E+01 1.53122187E-02 1.31525050E+02 1.20000000E-01
5.70612882E+01 1.68354466E-02 1.42653221E+02 1.20000000E-01
6.18891726E+01 1.84668691E-02 1.54722932E+02 1.20000000E-01
6.71255383E+01 2.02067330E-02 1.67813846E+02 1.20000000E-01
7.28049464E+01 2.20693832E-02 1.82012366E+02 1.20000000E-01
7.89648821E+01 2.40317333E-02 1.97412205E+02 1.20000000E-01
8.56460022E+01 2.61236737E-02 2.14115006E+02 1.20000000E-01
9.28924036E+01 2.82854844E-02 2.32231009E+02 1.20000000E-01
1.00751914E+02 3.05896999E-02 2.51879785E+02 1.20000000E-01
1.09276408E+02 3.30095760E-02 2.73191019E+02 1.20000000E-01
1.18522148E+02 3.55141091E-02 2.96305371E+02 1.20000000E-01
1.28550159E+02 3.80780275E-02 3.21375399E+02 1.20000000E-01
1.39426628E+02 4.06910798E-02 3.48566570E+02 1.20000000E-01
1.51223341E+02 4.35190047E-02 3.78058353E+02 1.20000000E-01
1.64018159E+02 4.63754242E-02 4.10045398E+02 1.20000000E-01
1.77895531E+02 4.91808662E-02 4.44738828E+02 1.20000000E-01
1.92947050E+02 5.23432261E-02 4.82367626E+02 1.20000000E-01
2.09272059E+02 5.54404822E-02 5.23180149E+02 1.20000000E-01
2.26978307E+02 5.85755857E-02 5.67445768E+02 1.20000000E-01
2.46182659E+02 6.20015403E-02 6.15456647E+02 1.20000000E-01
2.67011866E+02 6.52345889E-02 6.67529666E+02 1.20000000E-01
2.89603407E+02 6.88992829E-02 7.24008518E+02 1.20000000E-01
3.14106390E+02 7.24245819E-02 7.85265976E+02 1.20000000E-01
3.40682540E+02 7.62225477E-02 8.51706350E+02 1.20000000E-01
3.69507265E+02 8.00514604E-02 9.23768162E+02 1.20000000E-01
4.00770814E+02 8.40155673E-02 1.00192703E+03 1.20000000E-01
4.34679532E+02 8.81593516E-02 1.08669883E+03 1.20000000E-01
4.71457225E+02 9.23580766E-02 1.17864306E+03 1.20000000E-01
5.11346633E+02 9.68084449E-02 1.27836658E+03 1.20000000E-01
5.54611034E+02 1.01311180E-01 1.38652758E+03 1.20000000E-01
6.01535981E+02 1.06098934E-01 1.50383995E+03 1.20000000E-01
6.52431190E+02 1.10975434E-01 1.63107798E+03 1.20000000E-01
7.07632579E+02 1.16086705E-01 1.76908145E+03 1.20000000E-01
7.67504489E+02 1.21413074E-01 1.91876122E+03 1.20000000E-01
8.32442086E+02 1.26857033E-01 2.08110522E+03 1.20000000E-01
9.02873973E+02 1.32715534E-01 2.25718493E+03 1.20000000E-01
9.79265013E+02 1.38455507E-01 2.44816253E+03 1.20000000E-01
1.06211940E+03 1.44958142E-01 2.65529851E+03 1.20000000E-01
1.15198400E+03 1.51006998E-01 2.87996001E+03 1.20000000E-01
1.24945193E+03 1.58236568E-01 3.12362983E+03 1.20000000E-01
1.35516650E+03 1.64555603E-01 3.38791625E+03 1.20000000E-01
1.46982545E+03 1.72616848E-01 3.67456362E+03 1.20000000E-01
1.59418555E+03 1.79552280E-01 3.98546386E+03 1.20000000E-01
1.72906760E+03 1.88269868E-01 4.32266899E+03 1.20000000E-01
1.87536185E+03 1.95970147E-01 4.68840462E+03 1.20000000E-01
2.03403387E+03 2.05147707E-01 5.08508469E+03 1.20000000E-01
2.20613094E+03 2.13775232E-01 5.51532736E+03 1.20000000E-01
2.39278893E+03 2.23432324E-01 5.98197233E+03 1.20000000E-01
2.59523982E+03 2.33074743E-01 6.48809954E+03 1.20000000E-01
2.81481982E+03 2.43178585E-01 7.03704955E+03 1.20000000E-01
3.05297821E+03 2.54052594E-01 7.63244553E+03 1.20000000E-01
3.31128689E+03 2.64578134E-01 8.27821723E+03 1.20000000E-01
3.59145074E+03 2.76894881E-01 8.97862686E+03 1.20000000E-01
3.89531891E+03 2.87769656E-01 9.73829728E+03 1.20000000E-01
4.22489699E+03 3.01537571E-01 1.05622425E+04 1.20000000E-01
