1.25277920E-02 1.02889252E+00 1.00000000E+01 1.20000000E-01
1.35877528E-02 9.35475849E-01 1.00000000E+01 1.20000000E-01
1.47373957E-02 8.63282052E-01 1.00000000E+01 1.20000000E-01
1.59843083E-02 8.06119399E-01 1.00000000E+01 1.20000000E-01
1.73367207E-02 7.60097843E-01 1.00000000E+01 1.20000000E-01
1.88035590E-02 7.16204554E-01 1.00000000E+01 1.20000000E-01
2.03945047E-02 6.80418523E-01 1.00000000E+01 1.20000000E-01
2.21200583E-02 6.46615398E-01 1.00000000E+01 1.20000000E-01
2.39916088E-02 6.15967981E-01 1.00000000E+01 1.20000000E-01
2.60215089E-02 5.88076138E-01 1.00000000E+01 1.20000000E-01
2.82231563E-02 5.61294353E-01 1.00000000E+01 1.20000000E-01
3.06110824E-02 5.36598884E-01 1.00000000E+01 1.20000000E-01
3.32010479E-02 5.12843191E-01 1.00000000E+01 1.20000000E-01
3.60101471E-02 4.89926873E-01 1.00000000E+01 1.20000000E-01
3.90569208E-02 4.67764885E-01 1.00000000E+01 1.20000000E-01
4.23614781E-02 4.45864479E-01 1.00000000E+01 1.20000000E-01
4.59456299E-02 4.23974747E-01 1.00000000E+01 1.20000000E-01
4.98330323E-02 4.02787495E-01 1.00000000E+01 1.20000000E-01
5.40493430E-02 3.79423761E-01 1.00000000E+01 1.20000000E-01
5.86223905E-02 3.58831459E-01 1.00000000E+01 1.20000000E-01
6.35823579E-02 3.36108206E-01 1.00000000E+01 1.20000000E-01
6.89619818E-02 3.12267697E-01 1.00000000E+01 1.20000000E-01
7.47967691E-02 2.88942396E-01 1.00000000E+01 1.20000000E-01
8.11252304E-02 2.65554219E-01 1.00000000E+01 1.20000000E-01
8.79891350E-02 2.41607354E-01 1.00000000E+01 1.20000000E-01
9.54337859E-02 2.16743293E-01 1.00000000E+01 1.20000000E-01
1.03508319E-01 1.85827928E-01 1.00000000E+01 1.20000000E-01
1.12266029E-01 1.54231086E-01 1.00000000E+01 1.20000000E-01
1.21764718E-01 1.32900721E-01 1.00000000E+01 1.20000000E-01
1.32067079E-01 1.14828120E-01 1.00000000E+01 1.20000000E-01
1.43241110E-01 9.93732346E-02 1.00000000E+01 1.20000000E-01
1.55360561E-01 8.52540197E-02 1.00000000E+01 1.20000000E-01
1.68505425E-01 7.29843618E-02 1.00000000E+01 1.20000000E-01
1.82762458E-01 6.18514710E-02 1.00000000E+01 1.20000000E-01
1.98225762E-01 5.16755625E-02 1.00000000E+01 1.20000000E-01
2.14997396E-01 4.22944182E-02 1.00000000E+01 1.20000000E-01
2.33188058E-01 3.35102443E-02 1.00000000E+01 1.20000000E-01
2.52917808E-01 2.56433250E-02 1.00000000E+01 1.20000000E-01
2.74316869E-01 2.04105688E-02 1.00000000E+01 1.20000000E-01
2.97526477E-01 1.75735385E-02 1.00000000E+01 1.20000000E-01
3.22699821E-01 1.59178426E-02 1.00000000E+01 1.20000000E-01
3.50003050E-01 1.46609728E-02 1.00000000E+01 1.20000000E-01
3.79616371E-01 1.37132396E-02 1.00000000E+01 1.20000000E-01
4.11735239E-01 1.29075015E-02 1.00000000E+01 1.20000000E-01
4.46571644E-01 1.21425306E-02 1.00000000E+01 1.20000000E-01
4.84355514E-01 1.14992233E-02 1.00000000E+01 1.20000000E-01
5.25336230E-01 1.08652681E-02 1.00000000E+01 1.20000000E-01
5.69784273E-01 1.02496159E-02 1.00000000E+01 1.20000000E-01
6.17993009E-01 9.68807003E-03 1.00000000E+01 1.20000000E-01
6.70280627E-01 9.10365063E-03 1.00000000E+01 1.20000000E-01
7.26992234E-01 8.54723808E-03 1.00000000E+01 1.20000000E-01
7.88502140E-01 8.03449109E-03 1.00000000E+01 1.20000000E-01
8.55216323E-01 7.52642380E-03 1.00000000E+01 1.20000000E-01
9.27575109E-01 7.03262664E-03 1.00000000E+01 1.20000000E-01
1.00605608E+00 6.59283708E-03 1.00000000E+01 1.20000000E-01
1.09117723E+00 6.16655180E-03 1.00000000E+01 1.20000000E-01
1.18350038E+00 5.75801119E-03 1.00000000E+01 1.20000000E-01
1.28363487E+00 5.39085909E-03 1.00000000E+01 1.20000000E-01
1.39224161E+00 5.04599422E-03 1.00000000E+01 1.20000000E-01
1.51003744E+00 4.68627323E-03 1.00000000E+01 1.20000000E-01
1.63779982E+00 4.29124579E-03 1.00000000E+01 1.20000000E-01
1.77637202E+00 3.82812621E-03 1.00000000E+01 1.20000000E-01
1.92666864E+00 3.31666070E-03 1.00000000E+01 1.20000000E-01
2.08968167E+00 2.61798768E-03 1.00000000E+01 1.20000000E-01
2.26648703E+00 1.49475836E-03 1.00000000E+01 1.20000000E-01
2.45825167E+00 6.13700836E-04 1.00000000E+01 1.20000000E-01
2.66624128E+00 2.54384440E-04 1.00000000E+01 1.20000000E-01
2.89182863E+00 1.11656829E-04 1.00000000E+01 1.20000000E-01
3.13650264E+00 5.15639981E-05 1.00000000E+01 1.20000000E-01
3.40187821E+00 2.49569066E-05 1.00000000E+01 1.20000000E-01
3.68970689E+00 1.25542870E-05 1.00000000E+01 1.20000000E-01
4.00188838E+00 6.54569919E-06 1.00000000E+01 1.20000000E-01
4.34048317E+00 3.50759055E-06 1.00000000E+01 1.20000000E-01
4.70772603E+00 1.91279244E-06 1.00000000E+01 1.20000000E-01
5.10604086E+00 8.18177910E-04 1.00000000E+01 1.20000000E-01
5.53805661E+00 1.32784754E-03 1.00000000E+01 1.20000000E-01
6.00662467E+00 1.65854410E-03 1.00000000E+01 1.20000000E-01
6.51483769E+00 1.91346101E-03 1.00000000E+01 1.20000000E-01
7.06604998E+00 2.14690352E-03 1.00000000E+01 1.20000000E-01
7.66389965E+00 2.34919391E-03 1.00000000E+01 1.20000000E-01
8.31233264E+00 2.51253477E-03 1.00000000E+01 1.20000000E-01
9.01562874E+00 2.56772780E-03 1.00000000E+01 1.20000000E-01
9.77842984E+00 2.20978447E-03 1.00000000E+01 1.20000000E-01
1.06057706E+01 2.27862882E-03 1.00000000E+01 1.20000000E-01
1.15031116E+01 2.46124259E-03 1.00000000E+01 1.20000000E-01
1.24763755E+01 2.60198769E-03 1.00000000E+01 1.20000000E-01
1.35319861E+01 2.72499596E-03 1.00000000E+01 1.20000000E-01
1.46769106E+01 2.84700969E-03 1.00000000E+01 1.20000000E-01
1.59187057E+01 2.96533347E-03 1.00000000E+01 1.20000000E-01
1.72655675E+01 3.07810238E-03 1.00000000E+01 1.20000000E-01
1.87263856E+01 3.20550926E-03 1.00000000E+01 1.20000000E-01
2.03108017E+01 3.31583836E-03 1.00000000E+01 1.20000000E-01
2.20292733E+01 3.45009261E-03 1.00000000E+01 1.20000000E-01
2.38931427E+01 3.57586814E-03 1.00000000E+01 1.20000000E-01
2.59147117E+01 3.69988683E-03 1.00000000E+01 1.20000000E-01
2.81073231E+01 3.84463554E-03 1.00000000E+01 1.20000000E-01
3.04854486E+01 3.97263102E-03 1.00000000E+01 1.20000000E-01
3.30647844E+01 4.12132304E-03 1.00000000E+01 1.20000000E-01
3.58623546E+01 4.27075294E-03 1.00000000E+01 1.20000000E-01
3.88966236E+01 4.40342192E-03 1.00000000E+01 1.20000000E-01
4.21876184E+01 4.57856059E-03 1.00000000E+01 1.20000000E-01
4.57570602E+01 4.73429202E-03 1.00000000E+01 1.20000000E-01
4.96285080E+01 4.89366740E-03 1.00000000E+01 1.20000000E-01
5.38275141E+01 5.07800199E-03 1.00000000E+01 1.20000000E-01
5.83817930E+01 5.24182602E-03 1.00000000E+01 1.20000000E-01
6.33214036E+01 5.43052012E-03 1.00000000E+01 1.20000000E-01
6.86789486E+01 5.62402575E-03 1.00000000E+01 1.20000000E-01
7.44897888E+01 5.79692315E-03 1.00000000E+01 1.20000000E-01
8.07922769E+01 6.01889831E-03 1.00000000E+01 1.20000000E-01
8.76280106E+01 6.22481258E-03 1.00000000E+01 1.20000000E-01
9.50421073E+01 6.41854764E-03 1.00000000E+01 1.20000000E-01
1.03083501E+02 6.66245036E-03 1.00000000E+01 1.20000000E-01
1.11805268E+02 6.88032510E-03 1.00000000E+01 1.20000000E-01
1.21264972E+02 7.10968742E-03 1.00000000E+01 1.20000000E-01
1.31525050E+02 7.36814255E-03 1.00000000E+01 1.20000000E-01
1.42653221E+02 7.59772098E-03 1.00000000E+01 1.20000000E-01
1.54722932E+02 7.86228035E-03 1.00000000E+01 1.20000000E-01
1.67813846E+02 8.13642348E-03 1.00000000E+01 1.20000000E-01
1.82012366E+02 8.37948935E-03 1.00000000E+01 1.20000000E-01
1.97412205E+02 8.68140435E-03 1.00000000E+01 1.20000000E-01
2.14115006E+02 8.97371949E-03 1.00000000E+01 1.20000000E-01
2.32231009E+02 9.23336059E-03 1.00000000E+01 1.20000000E-01
2.51879785E+02 9.57581157E-03 1.00000000E+01 1.20000000E-01
2.73191019E+02 9.88808490E-03 1.00000000E+01 1.20000000E-01
2.96305371E+02 1.01780195E-02 1.00000000E+01 1.20000000E-01
3.21375399E+02 1.05566017E-02 1.00000000E+01 1.20000000E-01
3.48566570E+02 1.08937335E-02 1.00000000E+01 1.20000000E-01
3.78058353E+02 1.12274618E-02 1.00000000E+01 1.20000000E-01
4.10045398E+02 1.16366351E-02 1.00000000E+01 1.20000000E-01
4.44738828E+02 1.20024747E-02 1.00000000E+01 1.20000000E-01
4.82367626E+02 1.23878482E-02 1.00000000E+01 1.20000000E-01
5.23180149E+02 1.28303838E-02 1.00000000E+01 1.20000000E-01
5.67445768E+02 1.32280777E-02 1.00000000E+01 1.20000000E-01
6.15456647E+02 1.36740053E-02 1.00000000E+01 1.20000000E-01
6.67529666E+02 1.41539208E-02 1.00000000E+01 1.20000000E-01
7.24008518E+02 1.45843931E-02 1.00000000E+01 1.20000000E-01
7.85265976E+02 1.51016083E-02 1.00000000E+01 1.20000000E-01
8.51706350E+02 1.56206674E-02 1.00000000E+01 1.20000000E-01
9.23768162E+02 1.60855486E-02 1.00000000E+01 1.20000000E-01
1.00192703E+03 1.66878154E-02 1.00000000E+01 1.20000000E-01
1.08669883E+03 1.72476120E-02 1.00000000E+01 1.20000000E-01
1.17864306E+03 1.77676339E-02 1.00000000E+01 1.20000000E-01
1.27836658E+03 1.84449657E-02 1.00000000E+01 1.20000000E-01
1.38652758E+03 1.90474790E-02 1.00000000E+01 1.20000000E-01
1.50383995E+03 1.96650109E-02 1.00000000E+01 1.20000000E-01
1.63107798E+03 2.03929600E-02 1.00000000E+01 1.20000000E-01
1.76908145E+03 2.10400967E-02 1.00000000E+01 1.20000000E-01
1.91876122E+03 2.17711773E-02 1.00000000E+01 1.20000000E-01
2.08110522E+03 2.25520107E-02 1.00000000E+01 1.20000000E-01
2.25718493E+03 2.32458195E-02 1.00000000E+01 1.20000000E-01
2.44816253E+03 2.41125624E-02 1.00000000E+01 1.20000000E-01
2.65529851E+03 2.49483084E-02 1.00000000E+01 1.20000000E-01
2.87996001E+03 2.57014528E-02 1.00000000E+01 1.20000000E-01
3.12362983E+03 2.67080011E-02 1.00000000E+01 1.20000000E-01
3.38791625E+03 2.76014520E-02 1.00000000E+01 1.20000000E-01
3.67456362E+03 2.85152635E-02 1.00000000E+01 1.20000000E-01
3.98546386E+03 2.95904013E-02 1.00000000E+01 1.20000000E-01
4.32266899E+03 3.05438989E-02 1.00000000E+01 1.20000000E-01
4.68840462E+03 3.16465274E-02 1.00000000E+01 1.20000000E-01
5.08508469E+03 3.27978706E-02 1.00000000E+01 1.20000000E-01
5.51532736E+03 3.38128198E-02 1.00000000E+01 1.20000000E-01
5.98197233E+03 3.51390929E-02 1.00000000E+01 1.20000000E-01
6.48809954E+03 3.63581029E-02 1.00000000E+01 1.20000000E-01
7.03704955E+03 3.75604615E-02 1.00000000E+01 1.20000000E-01
7.63244553E+03 3.90233876E-02 1.00000000E+01 1.20000000E-01
8.27821723E+03 4.03162176E-02 1.00000000E+01 1.20000000E-01
8.97862686E+03 4.18016262E-02 1.00000000E+01 1.20000000E-01
9.73829728E+03 4.33490958E-02 1.00000000E+01 1.20000000E-01
1.05622425E+04 4.47205684E-02 1.00000000E+01 1.20000000E-01
