1.43131676E-01 9.98286272E-01 1.00000000E+02 1.20000000E-01
1.47656605E-01 9.41149163E-01 1.00000000E+02 1.20000000E-01
1.52324584E-01 8.87766056E-01 1.00000000E+02 1.20000000E-01
1.57140135E-01 8.38038992E-01 1.00000000E+02 1.20000000E-01
1.62107924E-01 7.87648837E-01 1.00000000E+02 1.20000000E-01
1.67232763E-01 7.41922866E-01 1.00000000E+02 1.20000000E-01
1.72519617E-01 6.97690406E-01 1.00000000E+02 1.20000000E-01
1.77973609E-01 6.53494652E-01 1.00000000E+02 1.20000000E-01
1.83600022E-01 6.12496571E-01 1.00000000E+02 1.20000000E-01
1.89404307E-01 5.73299459E-01 1.00000000E+02 1.20000000E-01
1.95392088E-01 5.34469722E-01 1.00000000E+02 1.20000000E-01
2.01569164E-01 4.96473402E-01 1.00000000E+02 1.20000000E-01
2.07941521E-01 4.60522567E-01 1.00000000E+02 1.20000000E-01
2.14515332E-01 4.25779284E-01 1.00000000E+02 1.20000000E-01
2.21296966E-01 3.91613713E-01 1.00000000E+02 1.20000000E-01
2.28292993E-01 3.58160038E-01 1.00000000E+02 1.20000000E-01
2.35510190E-01 3.25555150E-01 1.00000000E+02 1.20000000E-01
2.42955550E-01 2.94162718E-01 1.00000000E+02 1.20000000E-01
2.50636286E-01 2.64898868E-01 1.00000000E+02 1.20000000E-01
2.58559839E-01 2.39295395E-01 1.00000000E+02 1.20000000E-01
2.66733885E-01 2.18667061E-01 1.00000000E+02 1.20000000E-01
2.75166343E-01 2.02941691E-01 1.00000000E+02 1.20000000E-01
2.83865383E-01 1.90649854E-01 1.00000000E+02 1.20000000E-01
2.92839432E-01 1.80228539E-01 1.00000000E+02 1.20000000E-01
3.02097184E-01 1.72781195E-01 1.00000000E+02 1.20000000E-01
3.11647609E-01 1.65634010E-01 1.00000000E+02 1.20000000E-01
3.21499958E-01 1.60099184E-01 1.00000000E+02 1.20000000E-01
3.31663777E-01 1.55280302E-01 1.00000000E+02 1.20000000E-01
3.42148913E-01 1.50183629E-01 1.00000000E+02 1.20000000E-01
3.52965523E-01 1.46291276E-01 1.00000000E+02 1.20000000E-01
3.64124086E-01 1.42528586E-01 1.00000000E+02 1.20000000E-01
3.75635414E-01 1.38739064E-01 1.00000000E+02 1.20000000E-01
3.87510658E-01 1.35543795E-01 1.00000000E+02 1.20000000E-01
3.99761322E-01 1.32540892E-01 1.00000000E+02 1.20000000E-01
4.12399276E-01 1.29488390E-01 1.00000000E+02 1.20000000E-01
4.25436764E-01 1.26409787E-01 1.00000000E+02 1.20000000E-01
4.38886415E-01 1.23535323E-01 1.00000000E+02 1.20000000E-01
4.52761260E-01 1.21127136E-01 1.00000000E+02 1.20000000E-01
4.67074741E-01 1.18685405E-01 1.00000000E+02 1.20000000E-01
4.81840725E-01 1.16049911E-01 1.00000000E+02 1.20000000E-01
4.97073516E-01 1.13317296E-01 1.00000000E+02 1.20000000E-01
5.12787874E-01 1.11190161E-01 1.00000000E+02 1.20000000E-01
5.28999021E-01 1.08973819E-01 1.00000000E+02 1.20000000E-01
5.45722664E-01 1.06651753E-01 1.00000000E+02 1.20000000E-01
5.62975003E-01 1.04205496E-01 1.00000000E+02 1.20000000E-01
5.80772754E-01 1.02015306E-01 1.00000000E+02 1.20000000E-01
5.99133158E-01 9.99632751E-02 1.00000000E+02 1.20000000E-01
6.18074003E-01 9.78098776E-02 1.00000000E+02 1.20000000E-01
6.37613640E-01 9.54910737E-02 1.00000000E+02 1.20000000E-01
6.57770997E-01 9.32912151E-02 1.00000000E+02 1.20000000E-01
6.78565605E-01 9.13460533E-02 1.00000000E+02 1.20000000E-01
7.00017608E-01 8.93310865E-02 1.00000000E+02 1.20000000E-01
7.22147789E-01 8.70886060E-02 1.00000000E+02 1.20000000E-01
7.44977588E-01 8.50407740E-02 1.00000000E+02 1.20000000E-01
7.68529123E-01 8.32159875E-02 1.00000000E+02 1.20000000E-01
7.92825209E-01 8.12928990E-02 1.00000000E+02 1.20000000E-01
8.17889387E-01 7.92663397E-02 1.00000000E+02 1.20000000E-01
8.43745937E-01 7.74146473E-02 1.00000000E+02 1.20000000E-01
8.70419909E-01 7.57201769E-02 1.00000000E+02 1.20000000E-01
8.97937146E-01 7.39358113E-02 1.00000000E+02 1.20000000E-01
9.26324306E-01 7.20455718E-02 1.00000000E+02 1.20000000E-01
9.55608890E-01 7.03391452E-02 1.00000000E+02 1.20000000E-01
9.85819270E-01 6.87784369E-02 1.00000000E+02 1.20000000E-01
1.01698471E+00 6.71376325E-02 1.00000000E+02 1.20000000E-01
1.04913541E+00 6.54180604E-02 1.00000000E+02 1.20000000E-01
1.08230252E+00 6.39492833E-02 1.00000000E+02 1.20000000E-01
1.11651816E+00 6.25528528E-02 1.00000000E+02 1.20000000E-01
1.15181548E+00 6.10970991E-02 1.00000000E+02 1.20000000E-01
1.18822869E+00 5.95725932E-02 1.00000000E+02 1.20000000E-01
1.22579305E+00 5.83007986E-02 1.00000000E+02 1.20000000E-01
1.26454497E+00 5.70867008E-02 1.00000000E+02 1.20000000E-01
1.30452197E+00 5.58154654E-02 1.00000000E+02 1.20000000E-01
1.34576280E+00 5.44734252E-02 1.00000000E+02 1.20000000E-01
1.38830741E+00 5.32968851E-02 1.00000000E+02 1.20000000E-01
1.43219701E+00 5.22028097E-02 1.00000000E+02 1.20000000E-01
1.47747413E+00 5.10204190E-02 1.00000000E+02 1.20000000E-01
1.52418263E+00 4.97278258E-02 1.00000000E+02 1.20000000E-01
1.57236775E+00 4.85395590E-02 1.00000000E+02 1.20000000E-01
1.62207619E+00 4.73712411E-02 1.00000000E+02 1.20000000E-01
1.67335610E+00 4.60361405E-02 1.00000000E+02 1.20000000E-01
1.72625717E+00 4.45674203E-02 1.00000000E+02 1.20000000E-01
1.78083063E+00 4.32943949E-02 1.00000000E+02 1.20000000E-01
1.83712936E+00 4.21489791E-02 1.00000000E+02 1.20000000E-01
1.89520791E+00 4.10424638E-02 1.00000000E+02 1.20000000E-01
1.95512253E+00 4.01881831E-02 1.00000000E+02 1.20000000E-01
2.01693129E+00 3.93829319E-02 1.00000000E+02 1.20000000E-01
2.08069405E+00 3.85641247E-02 1.00000000E+02 1.20000000E-01
2.14647259E+00 3.77212959E-02 1.00000000E+02 1.20000000E-01
2.21433063E+00 3.69491511E-02 1.00000000E+02 1.20000000E-01
2.28433393E+00 3.63103413E-02 1.00000000E+02 1.20000000E-01
2.35655029E+00 3.56419757E-02 1.00000000E+02 1.20000000E-01
2.43104968E+00 3.49518467E-02 1.00000000E+02 1.20000000E-01
2.50790427E+00 3.42290047E-02 1.00000000E+02 1.20000000E-01
2.58718853E+00 3.36012197E-02 1.00000000E+02 1.20000000E-01
2.66897926E+00 3.30475794E-02 1.00000000E+02 1.20000000E-01
2.75335570E+00 3.24674331E-02 1.00000000E+02 1.20000000E-01
2.84039959E+00 3.18586581E-02 1.00000000E+02 1.20000000E-01
2.93019527E+00 3.12210350E-02 1.00000000E+02 1.20000000E-01
3.02282973E+00 3.06557998E-02 1.00000000E+02 1.20000000E-01
3.11839271E+00 3.01613136E-02 1.00000000E+02 1.20000000E-01
3.21697680E+00 2.96421938E-02 1.00000000E+02 1.20000000E-01
3.31867750E+00 2.91008842E-02 1.00000000E+02 1.20000000E-01
3.42359333E+00 2.85290299E-02 1.00000000E+02 1.20000000E-01
3.53182596E+00 2.79979279E-02 1.00000000E+02 1.20000000E-01
3.64348022E+00 2.75529349E-02 1.00000000E+02 1.20000000E-01
3.75866429E+00 2.70858551E-02 1.00000000E+02 1.20000000E-01
3.87748976E+00 2.65952064E-02 1.00000000E+02 1.20000000E-01
4.00007174E+00 2.60794895E-02 1.00000000E+02 1.20000000E-01
4.12652901E+00 2.55764163E-02 1.00000000E+02 1.20000000E-01
4.25698406E+00 2.51761950E-02 1.00000000E+02 1.20000000E-01
4.39156329E+00 2.47555880E-02 1.00000000E+02 1.20000000E-01
4.53039707E+00 2.43130110E-02 1.00000000E+02 1.20000000E-01
4.67361991E+00 2.38472813E-02 1.00000000E+02 1.20000000E-01
4.82137055E+00 2.33680624E-02 1.00000000E+02 1.20000000E-01
4.97379215E+00 2.30070771E-02 1.00000000E+02 1.20000000E-01
5.13103237E+00 2.26265470E-02 1.00000000E+02 1.20000000E-01
5.29324354E+00 2.22253419E-02 1.00000000E+02 1.20000000E-01
5.46058282E+00 2.18018221E-02 1.00000000E+02 1.20000000E-01
5.63321231E+00 2.13544444E-02 1.00000000E+02 1.20000000E-01
5.81129927E+00 2.10138678E-02 1.00000000E+02 1.20000000E-01
5.99501623E+00 2.06647650E-02 1.00000000E+02 1.20000000E-01
6.18454117E+00 2.02946050E-02 1.00000000E+02 1.20000000E-01
6.38005771E+00 1.99056923E-02 1.00000000E+02 1.20000000E-01
6.58175525E+00 1.94945679E-02 1.00000000E+02 1.20000000E-01
6.78982921E+00 1.91731454E-02 1.00000000E+02 1.20000000E-01
7.00448117E+00 1.88537236E-02 1.00000000E+02 1.20000000E-01
7.22591908E+00 1.85163344E-02 1.00000000E+02 1.20000000E-01
7.45435747E+00 1.81561787E-02 1.00000000E+02 1.20000000E-01
7.69001766E+00 1.77789034E-02 1.00000000E+02 1.20000000E-01
7.93312795E+00 1.74809435E-02 1.00000000E+02 1.20000000E-01
8.18392387E+00 1.71911017E-02 1.00000000E+02 1.20000000E-01
8.44264838E+00 1.68801850E-02 1.00000000E+02 1.20000000E-01
8.70955215E+00 1.65504348E-02 1.00000000E+02 1.20000000E-01
8.98489375E+00 1.62066498E-02 1.00000000E+02 1.20000000E-01
9.26893993E+00 1.59274026E-02 1.00000000E+02 1.20000000E-01
9.56196587E+00 1.56555986E-02 1.00000000E+02 1.20000000E-01
9.86425546E+00 1.53661655E-02 1.00000000E+02 1.20000000E-01
1.01761016E+01 1.50580534E-02 1.00000000E+02 1.20000000E-01
1.04978063E+01 1.47299504E-02 1.00000000E+02 1.20000000E-01
1.08296813E+01 1.44820407E-02 1.00000000E+02 1.20000000E-01
1.11720481E+01 1.42241820E-02 1.00000000E+02 1.20000000E-01
1.15252385E+01 1.39488132E-02 1.00000000E+02 1.20000000E-01
1.18895945E+01 1.36543299E-02 1.00000000E+02 1.20000000E-01
1.22654691E+01 1.33590202E-02 1.00000000E+02 1.20000000E-01
1.26532266E+01 1.31267723E-02 1.00000000E+02 1.20000000E-01
1.30532425E+01 1.28770781E-02 1.00000000E+02 1.20000000E-01
1.34659044E+01 1.26099472E-02 1.00000000E+02 1.20000000E-01
1.38916122E+01 1.23227448E-02 1.00000000E+02 1.20000000E-01
1.43307781E+01 1.20777948E-02 1.00000000E+02 1.20000000E-01
1.47838277E+01 1.18485744E-02 1.00000000E+02 1.20000000E-01
1.52512000E+01 1.16007825E-02 1.00000000E+02 1.20000000E-01
1.57333476E+01 1.13341856E-02 1.00000000E+02 1.20000000E-01
1.62307377E+01 1.10738839E-02 1.00000000E+02 1.20000000E-01
1.67438521E+01 1.08568870E-02 1.00000000E+02 1.20000000E-01
1.72731881E+01 1.06222957E-02 1.00000000E+02 1.20000000E-01
1.78192583E+01 1.03671462E-02 1.00000000E+02 1.20000000E-01
1.83825919E+01 1.01018233E-02 1.00000000E+02 1.20000000E-01
1.89637345E+01 9.89090998E-03 1.00000000E+02 1.20000000E-01
1.95632493E+01 9.63995685E-03 1.00000000E+02 1.20000000E-01
2.01817169E+01 9.38192806E-03 1.00000000E+02 1.20000000E-01
2.08197367E+01 9.09003089E-03 1.00000000E+02 1.20000000E-01
2.14779266E+01 8.80490397E-03 1.00000000E+02 1.20000000E-01
2.21569244E+01 8.44029410E-03 1.00000000E+02 1.20000000E-01
2.28573879E+01 8.06810270E-03 1.00000000E+02 1.20000000E-01
2.35799956E+01 7.58395409E-03 1.00000000E+02 1.20000000E-01
2.43254476E+01 6.98046506E-03 1.00000000E+02 1.20000000E-01
2.50944663E+01 6.18012828E-03 1.00000000E+02 1.20000000E-01
2.58877964E+01 5.08573543E-03 1.00000000E+02 1.20000000E-01
2.67062067E+01 3.73148328E-03 1.00000000E+02 1.20000000E-01
2.75504900E+01 2.48042193E-03 1.00000000E+02 1.20000000E-01
2.84214643E+01 1.59620528E-03 1.00000000E+02 1.20000000E-01
2.93199734E+01 1.03215993E-03 1.00000000E+02 1.20000000E-01
3.02468877E+01 6.71900095E-04 1.00000000E+02 1.20000000E-01
3.12031052E+01 4.42539611E-04 1.00000000E+02 1.20000000E-01
3.21895523E+01 2.94124618E-04 1.00000000E+02 1.20000000E-01
3.32071848E+01 1.97907009E-04 1.00000000E+02 1.20000000E-01
3.42569884E+01 1.34231222E-04 1.00000000E+02 1.20000000E-01
3.53399802E+01 9.19069149E-05 1.00000000E+02 1.20000000E-01
3.64572095E+01 6.35263990E-05 1.00000000E+02 1.20000000E-01
3.76097586E+01 4.42640892E-05 1.00000000E+02 1.20000000E-01
3.87987440E+01 3.10845490E-05 1.00000000E+02 1.20000000E-01
4.00253178E+01 2.19691657E-05 1.00000000E+02 1.20000000E-01
4.12906681E+01 1.56500519E-05 1.00000000E+02 1.20000000E-01
4.25960210E+01 1.12204576E-05 1.00000000E+02 1.20000000E-01
4.39426409E+01 8.06325024E-06 1.00000000E+02 1.20000000E-01
4.53318325E+01 5.83287610E-06 1.00000000E+02 1.20000000E-01
4.67649417E+01 4.20346131E-06 1.00000000E+02 1.20000000E-01
4.82433569E+01 3.03715544E-06 1.00000000E+02 1.20000000E-01
