1.46769106E+01 1.03706053E+00 1.00000000E+03 1.20000000E-01
1.59187057E+01 9.36875835E-01 1.00000000E+03 1.20000000E-01
1.72655675E+01 8.60492090E-01 1.00000000E+03 1.20000000E-01
1.87263856E+01 7.98951236E-01 1.00000000E+03 1.20000000E-01
2.03108017E+01 7.52107001E-01 1.00000000E+03 1.20000000E-01
2.20292733E+01 7.09111503E-01 1.00000000E+03 1.20000000E-01
2.38931427E+01 6.70430877E-01 1.00000000E+03 1.20000000E-01
2.59147117E+01 6.37927136E-01 1.00000000E+03 1.20000000E-01
2.81073231E+01 6.04382307E-01 1.00000000E+03 1.20000000E-01
3.04854486E+01 5.78316838E-01 1.00000000E+03 1.20000000E-01
3.30647844E+01 5.49187110E-01 1.00000000E+03 1.20000000E-01
3.58623546E+01 5.27123729E-01 1.00000000E+03 1.20000000E-01
3.88966236E+01 5.01815752E-01 1.00000000E+03 1.20000000E-01
4.21876184E+01 4.82211355E-01 1.00000000E+03 1.20000000E-01
4.57570602E+01 4.60162440E-01 1.00000000E+03 1.20000000E-01
4.96285080E+01 4.42017210E-01 1.00000000E+03 1.20000000E-01
5.38275141E+01 4.22724802E-01 1.00000000E+03 1.20000000E-01
5.83817930E+01 4.05693700E-01 1.00000000E+03 1.20000000E-01
6.33214036E+01 3.88822231E-01 1.00000000E+03 1.20000000E-01
6.86789486E+01 3.72355793E-01 1.00000000E+03 1.20000000E-01
7.44897888E+01 3.57429911E-01 1.00000000E+03 1.20000000E-01
8.07922769E+01 3.41680418E-01 1.00000000E+03 1.20000000E-01
8.76280106E+01 3.28318196E-01 1.00000000E+03 1.20000000E-01
9.50421073E+01 3.13281911E-01 1.00000000E+03 1.20000000E-01
1.03083501E+02 3.01253279E-01 1.00000000E+03 1.20000000E-01
1.11805268E+02 2.86875985E-01 1.00000000E+03 1.20000000E-01
1.21264972E+02 2.75653147E-01 1.00000000E+03 1.20000000E-01
1.31525050E+02 2.62304347E-01 1.00000000E+03 1.20000000E-01
1.42653221E+02 2.51413520E-01 1.00000000E+03 1.20000000E-01
1.54722932E+02 2.38549577E-01 1.00000000E+03 1.20000000E-01
1.67813846E+02 2.28080399E-01 1.00000000E+03 1.20000000E-01
1.82012366E+02 2.15791074E-01 1.00000000E+03 1.20000000E-01
1.97412205E+02 2.05226004E-01 1.00000000E+03 1.20000000E-01
2.14115006E+02 1.93618551E-01 1.00000000E+03 1.20000000E-01
2.32231009E+02 1.81738932E-01 1.00000000E+03 1.20000000E-01
2.51879785E+02 1.70636011E-01 1.00000000E+03 1.20000000E-01
2.73191019E+02 1.58633067E-01 1.00000000E+03 1.20000000E-01
2.96305371E+02 1.46025312E-01 1.00000000E+03 1.20000000E-01
3.21375399E+02 1.32832211E-01 1.00000000E+03 1.20000000E-01
3.48566570E+02 1.18620082E-01 1.00000000E+03 1.20000000E-01
3.78058353E+02 1.02279627E-01 1.00000000E+03 1.20000000E-01
4.10045398E+02 8.20241243E-02 1.00000000E+03 1.20000000E-01
4.44738828E+02 3.90849173E-02 1.00000000E+03 1.20000000E-01
4.82367626E+02 5.41368674E-03 1.00000000E+03 1.20000000E-01
5.23180149E+02 5.16898110E-02 1.00000000E+03 1.20000000E-01
5.67445768E+02 7.81857228E-02 1.00000000E+03 1.20000000E-01
6.15456647E+02 9.82883123E-02 1.00000000E+03 1.20000000E-01
6.67529666E+02 1.14527584E-01 1.00000000E+03 1.20000000E-01
7.24008518E+02 1.29706288E-01 1.00000000E+03 1.20000000E-01
7.85265976E+02 1.43421057E-01 1.00000000E+03 1.20000000E-01
8.51706350E+02 1.56359140E-01 1.00000000E+03 1.20000000E-01
9.23768162E+02 1.66848091E-01 1.00000000E+03 1.20000000E-01
1.00192703E+03 1.14463613E-01 1.00000000E+03 1.20000000E-01
1.08669883E+03 1.34981485E-01 1.00000000E+03 1.20000000E-01
1.17864306E+03 1.46852671E-01 1.00000000E+03 1.20000000E-01
1.27836658E+03 1.56741241E-01 1.00000000E+03 1.20000000E-01
1.38652758E+03 1.64889142E-01 1.00000000E+03 1.20000000E-01
1.50383995E+03 1.74179118E-01 1.00000000E+03 1.20000000E-01
1.63107798E+03 1.82230672E-01 1.00000000E+03 1.20000000E-01
1.76908145E+03 1.91535957E-01 1.00000000E+03 1.20000000E-01
1.91876122E+03 1.99917955E-01 1.00000000E+03 1.20000000E-01
2.08110522E+03 2.09689197E-01 1.00000000E+03 1.20000000E-01
2.25718493E+03 2.18386345E-01 1.00000000E+03 1.20000000E-01
2.44816253E+03 2.29059893E-01 1.00000000E+03 1.20000000E-01
2.65529851E+03 2.38075222E-01 1.00000000E+03 1.20000000E-01
2.87996001E+03 2.49836217E-01 1.00000000E+03 1.20000000E-01
3.12362983E+03 2.59805248E-01 1.00000000E+03 1.20000000E-01
3.38791625E+03 2.72344249E-01 1.00000000E+03 1.20000000E-01
3.67456362E+03 2.83439162E-01 1.00000000E+03 1.20000000E-01
3.98546386E+03 2.96440678E-01 1.00000000E+03 1.20000000E-01
4.32266899E+03 3.08931625E-01 1.00000000E+03 1.20000000E-01
4.68840462E+03 3.22442240E-01 1.00000000E+03 1.20000000E-01
5.08508469E+03 3.36476245E-01 1.00000000E+03 1.20000000E-01
5.51532736E+03 3.50429887E-01 1.00000000E+03 1.20000000E-01
5.98197233E+03 3.66314961E-01 1.00000000E+03 1.20000000E-01
6.48809954E+03 3.80621494E-01 1.00000000E+03 1.20000000E-01
7.03704955E+03 3.98531270E-01 1.00000000E+03 1.20000000E-01
7.63244553E+03 4.13841362E-01 1.00000000E+03 1.20000000E-01
8.27821723E+03 4.33410051E-01 1.00000000E+03 1.20000000E-01
8.97862686E+03 4.50706970E-01 1.00000000E+03 1.20000000E-01
9.73829728E+03 4.71023885E-01 1.00000000E+03 1.20000000E-01
1.05622425E+04 4.90693073E-01 1.00000000E+03 1.20000000E-01
