3.03060644E-04 2.83793774E-05 1.01020215E-03 1.20000000E-01
3.28702227E-04 3.27723524E-05 1.09567409E-03 1.20000000E-01
3.56513312E-04 3.78906189E-05 1.18837771E-03 1.20000000E-01
3.86677459E-04 4.38055932E-05 1.28892486E-03 1.20000000E-01
4.19393756E-04 5.06099583E-05 1.39797919E-03 1.20000000E-01
4.54878139E-04 5.85788607E-05 1.51626046E-03 1.20000000E-01
4.93364810E-04 6.76188147E-05 1.64454937E-03 1.20000000E-01
5.35107792E-04 7.83360588E-05 1.78369264E-03 1.20000000E-01
5.80382594E-04 8.99381993E-05 1.93460865E-03 1.20000000E-01
6.29488042E-04 1.03949667E-04 2.09829347E-03 1.20000000E-01
6.82748239E-04 1.19686927E-04 2.27582746E-03 1.20000000E-01
7.40514716E-04 1.40461540E-04 2.46838239E-03 1.20000000E-01
8.03168743E-04 1.61335202E-04 2.67722914E-03 1.20000000E-01
8.71123848E-04 1.83991821E-04 2.90374616E-03 1.20000000E-01
9.44828550E-04 2.08208487E-04 3.14942850E-03 1.20000000E-01
1.02476931E-03 2.34203102E-04 3.41589772E-03 1.20000000E-01
1.11147377E-03 2.60485749E-04 3.70491256E-03 1.20000000E-01
1.20551418E-03 2.87137055E-04 4.01838059E-03 1.20000000E-01
1.30751123E-03 3.23812678E-04 4.35837076E-03 1.20000000E-01
1.41813812E-03 3.50577900E-04 4.72712707E-03 1.20000000E-01
1.53812502E-03 3.89618232E-04 5.12708340E-03 1.20000000E-01
1.66826386E-03 4.31711219E-04 5.56087953E-03 1.20000000E-01
1.80941358E-03 4.77000871E-04 6.03137861E-03 1.20000000E-01
1.96250581E-03 5.06175991E-04 6.54168603E-03 1.20000000E-01
2.12855098E-03 5.56423234E-04 7.09516992E-03 1.20000000E-01
2.30864502E-03 6.11511503E-04 7.69548340E-03 1.20000000E-01
2.50397659E-03 6.72628058E-04 8.34658865E-03 1.20000000E-01
2.71583493E-03 7.39991420E-04 9.05278310E-03 1.20000000E-01
2.94561834E-03 7.85864583E-04 9.81872778E-03 1.20000000E-01
3.19484343E-03 8.63091673E-04 1.06494781E-02 1.20000000E-01
3.46515514E-03 9.45929823E-04 1.15505171E-02 1.20000000E-01
3.75833760E-03 1.00480221E-03 1.25277920E-02 1.20000000E-01
4.07632585E-03 1.09684513E-03 1.35877528E-02 1.20000000E-01
4.42121870E-03 1.16706747E-03 1.47373957E-02 1.20000000E-01
4.79529250E-03 1.24169895E-03 1.59843083E-02 1.20000000E-01
5.20101622E-03 1.34227139E-03 1.73367207E-02 1.20000000E-01
5.64106771E-03 1.42371910E-03 1.88035590E-02 1.20000000E-01
6.11835141E-03 1.51063782E-03 2.03945047E-02 1.20000000E-01
6.63601749E-03 1.61990574E-03 2.21200583E-02 1.20000000E-01
7.19748265E-03 1.71141114E-03 2.39916088E-02 1.20000000E-01
7.80645268E-03 1.80913742E-03 2.60215089E-02 1.20000000E-01
8.46694690E-03 1.90514133E-03 2.82231563E-02 1.20000000E-01
9.18332472E-03 2.01352075E-03 3.06110824E-02 1.20000000E-01
9.96031437E-03 2.11780188E-03 3.32010479E-02 1.20000000E-01
1.08030441E-02 2.23414582E-03 3.60101471E-02 1.20000000E-01
1.17170762E-02 2.35874080E-03 3.90569208E-02 1.20000000E-01
1.27084434E-02 2.47816194E-03 4.23614781E-02 1.20000000E-01
1.37836890E-02 2.60545393E-03 4.59456299E-02 1.20000000E-01
1.49499097E-02 2.73175963E-03 4.98330323E-02 1.20000000E-01
1.62148029E-02 2.87856302E-03 5.40493430E-02 1.20000000E-01
1.75867172E-02 3.01112299E-03 5.86223905E-02 1.20000000E-01
1.90747074E-02 3.16217344E-03 6.35823579E-02 1.20000000E-01
2.06885946E-02 3.30070505E-03 6.89619818E-02 1.20000000E-01
2.24390307E-02 3.46391003E-03 7.47967691E-02 1.20000000E-01
2.43375691E-02 3.62256358E-03 8.11252304E-02 1.20000000E-01
2.63967405E-02 3.79809037E-03 8.79891350E-02 1.20000000E-01
2.86301358E-02 3.95912873E-03 9.54337859E-02 1.20000000E-01
3.10524958E-02 4.14002201E-03 1.03508319E-01 1.20000000E-01
3.36798088E-02 4.31964785E-03 1.12266029E-01 1.20000000E-01
3.65294154E-02 4.49820171E-03 1.21764718E-01 1.20000000E-01
3.96201237E-02 4.68388225E-03 1.32067079E-01 1.20000000E-01
4.29723329E-02 4.84415167E-03 1.43241110E-01 1.20000000E-01
4.66081684E-02 5.03137015E-03 1.55360561E-01 1.20000000E-01
5.05516274E-02 5.18197670E-03 1.68505425E-01 1.20000000E-01
5.48287375E-02 5.30540385E-03 1.82762458E-01 1.20000000E-01
5.94677286E-02 5.43845872E-03 1.98225762E-01 1.20000000E-01
6.44992189E-02 5.54237334E-03 2.14997396E-01 1.20000000E-01
6.99564173E-02 5.56068030E-03 2.33188058E-01 1.20000000E-01
7.58753425E-02 5.55885836E-03 2.52917808E-01 1.20000000E-01
8.22950606E-02 5.49673391E-03 2.74316869E-01 1.20000000E-01
8.92579430E-02 5.36688670E-03 2.97526477E-01 1.20000000E-01
9.68099462E-02 5.15916581E-03 3.22699821E-01 1.20000000E-01
1.05000915E-01 4.62763864E-03 3.50003050E-01 1.20000000E-01
1.13884911E-01 4.13343589E-03 3.79616371E-01 1.20000000E-01
1.23520572E-01 3.70203635E-03 4.11735239E-01 1.20000000E-01
1.33971493E-01 3.21205202E-03 4.46571644E-01 1.20000000E-01
1.45306654E-01 2.60103138E-03 4.84355514E-01 1.20000000E-01
1.57600869E-01 1.85782881E-03 5.25336230E-01 1.20000000E-01
1.70935282E-01 1.14357462E-03 5.69784273E-01 1.20000000E-01
1.85397903E-01 6.46474190E-04 6.17993009E-01 1.20000000E-01
2.01084188E-01 8.77669420E-08 6.70280627E-01 1.20000000E-01
2.01084188E-01 3.37912302E-04 6.70280627E-01 1.20000000E-01
2.18097670E-01 1.29456542E-07 7.26992234E-01 1.20000000E-01
2.18097670E-01 1.58679274E-04 7.26992234E-01 1.20000000E-01
2.36550642E-01 2.67711429E-07 7.88502140E-01 1.20000000E-01
2.36550642E-01 6.20971947E-05 7.88502140E-01 1.20000000E-01
2.56564897E-01 9.48764711E-07 8.55216323E-01 1.20000000E-01
2.56564897E-01 1.52529672E-05 8.55216323E-01 1.20000000E-01
6.79946109E-01 7.39562556E-08 2.26648703E+00 1.20000000E-01
7.37475501E-01 1.00340963E-07 2.45825167E+00 1.20000000E-01
7.99872384E-01 1.26239821E-07 2.66624128E+00 1.20000000E-01
8.67548588E-01 1.55888490E-07 2.89182863E+00 1.20000000E-01
9.40950792E-01 1.86636756E-07 3.13650264E+00 1.20000000E-01
1.02056346E+00 2.23855261E-07 3.40187821E+00 1.20000000E-01
1.10691207E+00 2.55283792E-07 3.68970689E+00 1.20000000E-01
1.20056652E+00 3.00396612E-07 4.00188838E+00 1.20000000E-01
1.30214495E+00 3.45066059E-07 4.34048317E+00 1.20000000E-01
1.41231781E+00 4.09190050E-07 4.70772603E+00 1.20000000E-01
1.53181226E+00 4.67731702E-07 5.10604086E+00 1.20000000E-01
1.66141698E+00 5.41687800E-07 5.53805661E+00 1.20000000E-01
1.80198740E+00 6.29653423E-07 6.00662467E+00 1.20000000E-01
1.95445131E+00 7.25809757E-07 6.51483769E+00 1.20000000E-01
2.11981499E+00 8.36461268E-07 7.06604998E+00 1.20000000E-01
2.29916990E+00 9.65156499E-07 7.66389965E+00 1.20000000E-01
2.49369979E+00 1.10850591E-06 8.31233264E+00 1.20000000E-01
2.70468862E+00 1.26653593E-06 9.01562874E+00 1.20000000E-01
2.93352895E+00 1.45409701E-06 9.77842984E+00 1.20000000E-01
3.18173118E+00 1.65904788E-06 1.06057706E+01 1.20000000E-01
3.45093348E+00 1.89265658E-06 1.15031116E+01 1.20000000E-01
3.74291266E+00 2.16055231E-06 1.24763755E+01 1.20000000E-01
4.05959583E+00 2.46048958E-06 1.35319861E+01 1.20000000E-01
4.40307317E+00 2.79384633E-06 1.46769106E+01 1.20000000E-01
4.77561170E+00 3.18222804E-06 1.59187057E+01 1.20000000E-01
5.17967024E+00 3.62286645E-06 1.72655675E+01 1.20000000E-01
5.61791568E+00 4.09698551E-06 1.87263856E+01 1.20000000E-01
6.09324052E+00 4.64537259E-06 2.03108017E+01 1.20000000E-01
6.60878200E+00 5.27998679E-06 2.20292733E+01 1.20000000E-01
7.16794280E+00 5.97118282E-06 2.38931427E+01 1.20000000E-01
7.77441350E+00 6.76342867E-06 2.59147117E+01 1.20000000E-01
8.43219692E+00 7.65799916E-06 2.81073231E+01 1.20000000E-01
9.14563459E+00 8.67040184E-06 3.04854486E+01 1.20000000E-01
9.91943532E+00 9.83751115E-06 3.30647844E+01 1.20000000E-01
1.07587064E+01 1.11718332E-05 3.58623546E+01 1.20000000E-01
1.16689871E+01 1.26854488E-05 3.88966236E+01 1.20000000E-01
1.26562855E+01 1.44403485E-05 4.21876184E+01 1.20000000E-01
1.37271181E+01 1.64561319E-05 4.57570602E+01 1.20000000E-01
1.48885524E+01 1.87501958E-05 4.96285080E+01 1.20000000E-01
1.61482542E+01 2.14186661E-05 5.38275141E+01 1.20000000E-01
1.75145379E+01 2.44194867E-05 5.83817930E+01 1.20000000E-01
1.89964211E+01 2.79387354E-05 6.33214036E+01 1.20000000E-01
2.06036846E+01 3.18717585E-05 6.86789486E+01 1.20000000E-01
2.23469366E+01 3.64017436E-05 7.44897888E+01 1.20000000E-01
2.42376831E+01 4.15515115E-05 8.07922769E+01 1.20000000E-01
2.62884032E+01 4.74413960E-05 8.76280106E+01 1.20000000E-01
2.85126322E+01 5.41714860E-05 9.50421073E+01 1.20000000E-01
3.09250504E+01 6.17809384E-05 1.03083501E+02 1.20000000E-01
3.35415804E+01 7.05976200E-05 1.11805268E+02 1.20000000E-01
3.63794916E+01 8.04482587E-05 1.21264972E+02 1.20000000E-01
3.94575150E+01 9.18884590E-05 1.31525050E+02 1.20000000E-01
4.27959662E+01 1.04815259E-04 1.42653221E+02 1.20000000E-01
4.64168795E+01 1.19400606E-04 1.54722932E+02 1.20000000E-01
5.03441537E+01 1.36242069E-04 1.67813846E+02 1.20000000E-01
5.46037098E+01 1.55057280E-04 1.82012366E+02 1.20000000E-01
5.92236616E+01 1.77005542E-04 1.97412205E+02 1.20000000E-01
6.42345017E+01 2.01616938E-04 2.14115006E+02 1.20000000E-01
6.96693027E+01 2.29437924E-04 2.32231009E+02 1.20000000E-01
7.55639355E+01 2.61436565E-04 2.51879785E+02 1.20000000E-01
8.19573058E+01 2.96715274E-04 2.73191019E+02 1.20000000E-01
8.88916113E+01 3.37831704E-04 2.96305371E+02 1.20000000E-01
9.64126196E+01 3.83765954E-04 3.21375399E+02 1.20000000E-01
1.04569971E+02 4.34891511E-04 3.48566570E+02 1.20000000E-01
1.13417506E+02 4.93710448E-04 3.78058353E+02 1.20000000E-01
1.23013620E+02 5.59160509E-04 4.10045398E+02 1.20000000E-01
1.33421648E+02 6.32796660E-04 4.44738828E+02 1.20000000E-01
1.44710288E+02 7.16083106E-04 4.82367626E+02 1.20000000E-01
1.56954045E+02 8.09229134E-04 5.23180149E+02 1.20000000E-01
1.70233730E+02 9.12691015E-04 5.67445768E+02 1.20000000E-01
1.84636994E+02 1.03164709E-03 6.15456647E+02 1.20000000E-01
2.00258900E+02 1.16402465E-03 6.67529666E+02 1.20000000E-01
2.17202555E+02 1.31156822E-03 7.24008518E+02 1.20000000E-01
2.35579793E+02 1.48086420E-03 7.85265976E+02 1.20000000E-01
2.55511905E+02 1.67132142E-03 8.51706350E+02 1.20000000E-01
2.77130449E+02 1.88445578E-03 9.23768162E+02 1.20000000E-01
3.00578110E+02 2.12603489E-03 1.00192703E+03 1.20000000E-01
3.26009649E+02 2.40181351E-03 1.08669883E+03 1.20000000E-01
3.53592919E+02 2.71098389E-03 1.17864306E+03 1.20000000E-01
3.83509975E+02 3.05712301E-03 1.27836658E+03 1.20000000E-01
4.15958275E+02 3.45604774E-03 1.38652758E+03 1.20000000E-01
4.51151986E+02 3.90250131E-03 1.50383995E+03 1.20000000E-01
4.89323393E+02 4.39577133E-03 1.63107798E+03 1.20000000E-01
5.30724434E+02 4.96748265E-03 1.76908145E+03 1.20000000E-01
5.75628367E+02 5.59426815E-03 1.91876122E+03 1.20000000E-01
6.24331565E+02 6.28331327E-03 2.08110522E+03 1.20000000E-01
6.77155480E+02 7.05023583E-03 2.25718493E+03 1.20000000E-01
7.34448760E+02 7.88878418E-03 2.44816253E+03 1.20000000E-01
7.96589553E+02 8.78818683E-03 2.65529851E+03 1.20000000E-01
8.63988002E+02 9.74867419E-03 2.87996001E+03 1.20000000E-01
9.37088949E+02 1.07578302E-02 3.12362983E+03 1.20000000E-01
1.01637488E+03 1.18030261E-02 3.38791625E+03 1.20000000E-01
1.10236909E+03 1.28844836E-02 3.67456362E+03 1.20000000E-01
1.19563916E+03 1.39820773E-02 3.98546386E+03 1.20000000E-01
1.29680070E+03 1.51013604E-02 4.32266899E+03 1.20000000E-01
1.40652139E+03 1.62222100E-02 4.68840462E+03 1.20000000E-01
1.52552541E+03 1.73748478E-02 5.08508469E+03 1.20000000E-01
1.65459821E+03 1.85258568E-02 5.51532736E+03 1.20000000E-01
1.79459170E+03 1.96660054E-02 5.98197233E+03 1.20000000E-01
1.94642986E+03 2.08410531E-02 6.48809954E+03 1.20000000E-01
2.11111486E+03 2.20150945E-02 7.03704955E+03 1.20000000E-01
2.28973366E+03 2.31761880E-02 7.63244553E+03 1.20000000E-01
2.48346517E+03 2.44135196E-02 8.27821723E+03 1.20000000E-01
2.69358806E+03 2.55833545E-02 8.97862686E+03 1.20000000E-01
2.92148918E+03 2.68747647E-02 9.73829728E+03 1.20000000E-01
3.16867274E+03 2.80605573E-02 1.05622425E+04 1.20000000E-01
