4.94999051E-04 1.88707284E-08 1.01020215E-03 1.20000000E-01
5.36880304E-04 2.01213498E-08 1.09567409E-03 1.20000000E-01
5.82305076E-04 2.40088693E-08 1.18837771E-03 1.20000000E-01
6.31573182E-04 2.56208854E-08 1.28892486E-03 1.20000000E-01
6.85009802E-04 2.75158004E-08 1.39797919E-03 1.20000000E-01
7.42967626E-04 2.89819578E-08 1.51626046E-03 1.20000000E-01
8.05829190E-04 3.27217481E-08 1.64454937E-03 1.20000000E-01
8.74009393E-04 3.51434666E-08 1.78369264E-03 1.20000000E-01
9.47958237E-04 3.79470921E-08 1.93460865E-03 1.20000000E-01
1.02816380E-03 4.21535492E-08 2.09829347E-03 1.20000000E-01
1.11515546E-03 4.50516805E-08 2.27582746E-03 1.20000000E-01
1.20950737E-03 4.85616906E-08 2.46838239E-03 1.20000000E-01
1.31184228E-03 5.24300355E-08 2.67722914E-03 1.20000000E-01
1.42283562E-03 5.65300151E-08 2.90374616E-03 1.20000000E-01
1.54321996E-03 6.12257065E-08 3.14942850E-03 1.20000000E-01
1.67378988E-03 6.60345839E-08 3.41589772E-03 1.20000000E-01
1.81540715E-03 7.08865741E-08 3.70491256E-03 1.20000000E-01
1.96900649E-03 7.62829085E-08 4.01838059E-03 1.20000000E-01
2.13560167E-03 8.27838308E-08 4.35837076E-03 1.20000000E-01
2.31629227E-03 8.90968047E-08 4.72712707E-03 1.20000000E-01
2.51227086E-03 9.57706556E-08 5.12708340E-03 1.20000000E-01
2.72483097E-03 1.03318155E-07 5.56087953E-03 1.20000000E-01
2.95537552E-03 1.11358421E-07 6.03137861E-03 1.20000000E-01
3.20542615E-03 1.20287550E-07 6.54168603E-03 1.20000000E-01
3.47663326E-03 1.29962057E-07 7.09516992E-03 1.20000000E-01
3.77078686E-03 1.40445934E-07 7.69548340E-03 1.20000000E-01
4.08982844E-03 1.51759937E-07 8.34658865E-03 1.20000000E-01
4.43586372E-03 1.64023694E-07 9.05278310E-03 1.20000000E-01
4.81117661E-03 1.77534088E-07 9.81872778E-03 1.20000000E-01
5.21824427E-03 1.92574136E-07 1.06494781E-02 1.20000000E-01
5.65975340E-03 2.08912492E-07 1.15505171E-02 1.20000000E-01
6.13861808E-03 2.26696706E-07 1.25277920E-02 1.20000000E-01
6.65799890E-03 2.46121168E-07 1.35877528E-02 1.20000000E-01
7.22132388E-03 2.67105228E-07 1.47373957E-02 1.20000000E-01
7.83231108E-03 2.89977467E-07 1.59843083E-02 1.20000000E-01
8.49499315E-03 3.14873743E-07 1.73367207E-02 1.20000000E-01
9.21374392E-03 3.41927527E-07 1.88035590E-02 1.20000000E-01
9.99330730E-03 3.72045317E-07 2.03945047E-02 1.20000000E-01
1.08388286E-02 4.05066875E-07 2.21200583E-02 1.20000000E-01
1.17558883E-02 4.40910090E-07 2.39916088E-02 1.20000000E-01
1.27505394E-02 4.79902509E-07 2.60215089E-02 1.20000000E-01
1.38293466E-02 5.22349125E-07 2.82231563E-02 1.20000000E-01
1.49994304E-02 5.68534523E-07 3.06110824E-02 1.20000000E-01
1.62685135E-02 6.18571915E-07 3.32010479E-02 1.20000000E-01
1.76449721E-02 6.72940999E-07 3.60101471E-02 1.20000000E-01
1.91378912E-02 7.31781249E-07 3.90569208E-02 1.20000000E-01
2.07571243E-02 7.95706008E-07 4.23614781E-02 1.20000000E-01
2.25133587E-02 8.65003388E-07 4.59456299E-02 1.20000000E-01
2.44181859E-02 9.41754242E-07 4.98330323E-02 1.20000000E-01
2.64841781E-02 1.02473691E-06 5.40493430E-02 1.20000000E-01
2.87249714E-02 1.11446923E-06 5.86223905E-02 1.20000000E-01
3.11553554E-02 1.21028880E-06 6.35823579E-02 1.20000000E-01
3.37913711E-02 1.31262345E-06 6.89619818E-02 1.20000000E-01
3.66504169E-02 1.41956187E-06 7.47967691E-02 1.20000000E-01
3.97513629E-02 1.52979704E-06 8.11252304E-02 1.20000000E-01
4.31146761E-02 1.64453494E-06 8.79891350E-02 1.20000000E-01
4.67625551E-02 1.76383288E-06 9.54337859E-02 1.20000000E-01
5.07190765E-02 1.87798003E-06 1.03508319E-01 1.20000000E-01
5.50103543E-02 1.98276962E-06 1.12266029E-01 1.20000000E-01
5.96647118E-02 2.08353499E-06 1.21764718E-01 1.20000000E-01
6.47128686E-02 2.16063407E-06 1.32067079E-01 1.20000000E-01
7.01881437E-02 2.21913534E-06 1.43241110E-01 1.20000000E-01
7.61266750E-02 2.25081328E-06 1.55360561E-01 1.20000000E-01
8.25676580E-02 2.24821647E-06 1.68505425E-01 1.20000000E-01
8.95536045E-02 2.21020076E-06 1.82762458E-01 1.20000000E-01
9.71306233E-02 2.14461901E-06 1.98225762E-01 1.20000000E-01
1.05348724E-01 2.00395120E-06 2.14997396E-01 1.20000000E-01
1.14262148E-01 1.87420949E-06 2.33188058E-01 1.20000000E-01
1.23929726E-01 1.77172302E-06 2.52917808E-01 1.20000000E-01
1.34415266E-01 1.69282043E-06 2.74316869E-01 1.20000000E-01
1.45787974E-01 1.64101378E-06 2.97526477E-01 1.20000000E-01
1.58122912E-01 1.62108495E-06 3.22699821E-01 1.20000000E-01
1.71501495E-01 1.62306776E-06 3.50003050E-01 1.20000000E-01
1.86012022E-01 1.64395758E-06 3.79616371E-01 1.20000000E-01
2.01750267E-01 1.68422107E-06 4.11735239E-01 1.20000000E-01
2.18820106E-01 1.73808618E-06 4.46571644E-01 1.20000000E-01
2.37334202E-01 1.79810896E-06 4.84355514E-01 1.20000000E-01
2.57414752E-01 1.87382494E-06 5.25336230E-01 1.20000000E-01
2.79194294E-01 1.95558686E-06 5.69784273E-01 1.20000000E-01
3.02816574E-01 2.04899849E-06 6.17993009E-01 1.20000000E-01
3.28437507E-01 2.14961608E-06 6.70280627E-01 1.20000000E-01
3.56226195E-01 2.26333933E-06 7.26992234E-01 1.20000000E-01
3.86366049E-01 2.38074736E-06 7.88502140E-01 1.20000000E-01
4.19055998E-01 2.51850196E-06 8.55216323E-01 1.20000000E-01
4.54511803E-01 2.65728640E-06 9.27575109E-01 1.20000000E-01
4.92967480E-01 2.81647386E-06 1.00605608E+00 1.20000000E-01
5.34676844E-01 2.98502378E-06 1.09117723E+00 1.20000000E-01
5.79915184E-01 3.15846361E-06 1.18350038E+00 1.20000000E-01
6.28981085E-01 3.36174109E-06 1.28363487E+00 1.20000000E-01
6.82198390E-01 3.57162358E-06 1.39224161E+00 1.20000000E-01
7.39918344E-01 3.79043913E-06 1.51003744E+00 1.20000000E-01
8.02521912E-01 4.04056726E-06 1.63779982E+00 1.20000000E-01
8.70422290E-01 4.29665102E-06 1.77637202E+00 1.20000000E-01
9.44067634E-01 4.56568471E-06 1.92666864E+00 1.20000000E-01
1.02394402E+00 4.86885384E-06 2.08968167E+00 1.20000000E-01
1.11057865E+00 5.17950162E-06 2.26648703E+00 1.20000000E-01
1.20454332E+00 5.49922114E-06 2.45825167E+00 1.20000000E-01
1.30645823E+00 5.85377676E-06 2.66624128E+00 1.20000000E-01
1.41699603E+00 6.20344519E-06 2.89182863E+00 1.20000000E-01
1.53688629E+00 6.55310382E-06 3.13650264E+00 1.20000000E-01
1.66692033E+00 6.91135893E-06 3.40187821E+00 1.20000000E-01
1.80795637E+00 7.16729269E-06 3.68970689E+00 1.20000000E-01
1.96092531E+00 7.45757489E-06 4.00188838E+00 1.20000000E-01
2.12683675E+00 7.79006124E-06 4.34048317E+00 1.20000000E-01
2.30678576E+00 8.13531490E-06 4.70772603E+00 1.20000000E-01
2.50196002E+00 8.49713538E-06 5.10604086E+00 1.20000000E-01
2.71364774E+00 8.82658642E-06 5.53805661E+00 1.20000000E-01
2.94324609E+00 9.22109102E-06 6.00662467E+00 1.20000000E-01
3.19227047E+00 9.62163158E-06 6.51483769E+00 1.20000000E-01
3.46236449E+00 1.01345616E-05 7.06604998E+00 1.20000000E-01
3.75531083E+00 1.06535460E-05 7.66389965E+00 1.20000000E-01
4.07304299E+00 1.12703066E-05 8.31233264E+00 1.20000000E-01
4.41765808E+00 1.19187078E-05 9.01562874E+00 1.20000000E-01
4.79143062E+00 1.26143717E-05 9.77842984E+00 1.20000000E-01
5.19682759E+00 1.34110512E-05 1.06057706E+01 1.20000000E-01
5.63652469E+00 1.42356040E-05 1.15031116E+01 1.20000000E-01
6.11342401E+00 1.51439874E-05 1.24763755E+01 1.20000000E-01
6.63067319E+00 1.61592752E-05 1.35319861E+01 1.20000000E-01
7.19168617E+00 1.72134402E-05 1.46769106E+01 1.20000000E-01
7.80016577E+00 1.83457347E-05 1.59187057E+01 1.20000000E-01
8.46012806E+00 1.96265534E-05 1.72655675E+01 1.20000000E-01
9.17592895E+00 2.09663134E-05 1.87263856E+01 1.20000000E-01
9.95229285E+00 2.23756917E-05 2.03108017E+01 1.20000000E-01
1.07943439E+01 2.39785159E-05 2.20292733E+01 1.20000000E-01
1.17076399E+01 2.57148761E-05 2.38931427E+01 1.20000000E-01
1.26982087E+01 2.75548641E-05 2.59147117E+01 1.20000000E-01
1.37725883E+01 2.94667448E-05 2.81073231E+01 1.20000000E-01
1.49378698E+01 3.16417663E-05 3.04854486E+01 1.20000000E-01
1.62017444E+01 3.39657278E-05 3.30647844E+01 1.20000000E-01
1.75725537E+01 3.64517593E-05 3.58623546E+01 1.20000000E-01
1.90593456E+01 3.91027568E-05 3.88966236E+01 1.20000000E-01
2.06719330E+01 4.20600759E-05 4.21876184E+01 1.20000000E-01
2.24209595E+01 4.52577387E-05 4.57570602E+01 1.20000000E-01
2.43179689E+01 4.86676125E-05 4.96285080E+01 1.20000000E-01
2.63754819E+01 5.22754892E-05 5.38275141E+01 1.20000000E-01
2.86070786E+01 5.61421609E-05 5.83817930E+01 1.20000000E-01
3.10274878E+01 6.05572752E-05 6.33214036E+01 1.20000000E-01
3.36526848E+01 6.52456609E-05 6.86789486E+01 1.20000000E-01
3.64999965E+01 7.02671437E-05 7.44897888E+01 1.20000000E-01
3.95882157E+01 7.56578913E-05 8.07922769E+01 1.20000000E-01
4.29377252E+01 8.14266590E-05 8.76280106E+01 1.20000000E-01
4.65706326E+01 8.79573173E-05 9.50421073E+01 1.20000000E-01
5.05109157E+01 9.49849883E-05 1.03083501E+02 1.20000000E-01
5.47845813E+01 1.02541078E-04 1.11805268E+02 1.20000000E-01
5.94198363E+01 1.10706954E-04 1.21264972E+02 1.20000000E-01
6.44472746E+01 1.19408432E-04 1.31525050E+02 1.20000000E-01
6.99000781E+01 1.28939085E-04 1.42653221E+02 1.20000000E-01
7.58142365E+01 1.39577191E-04 1.54722932E+02 1.20000000E-01
8.22287844E+01 1.51019200E-04 1.67813846E+02 1.20000000E-01
8.91860593E+01 1.63453433E-04 1.82012366E+02 1.20000000E-01
9.67319805E+01 1.76781908E-04 1.97412205E+02 1.20000000E-01
1.04916353E+02 1.91114519E-04 2.14115006E+02 1.20000000E-01
1.13793194E+02 2.06605093E-04 2.32231009E+02 1.20000000E-01
1.23421095E+02 2.23897266E-04 2.51879785E+02 1.20000000E-01
1.33863600E+02 2.42733763E-04 2.73191019E+02 1.20000000E-01
1.45189632E+02 2.63134561E-04 2.96305371E+02 1.20000000E-01
1.57473945E+02 2.85162053E-04 3.21375399E+02 1.20000000E-01
1.70797619E+02 3.09064190E-04 3.48566570E+02 1.20000000E-01
1.85248593E+02 3.34669973E-04 3.78058353E+02 1.20000000E-01
2.00922245E+02 3.62263713E-04 4.10045398E+02 1.20000000E-01
2.17922026E+02 3.92564125E-04 4.44738828E+02 1.20000000E-01
2.36360137E+02 4.26080600E-04 4.82367626E+02 1.20000000E-01
2.56358273E+02 4.62170724E-04 5.23180149E+02 1.20000000E-01
2.78048426E+02 5.01244690E-04 5.67445768E+02 1.20000000E-01
3.01573757E+02 5.43225735E-04 6.15456647E+02 1.20000000E-01
3.27089536E+02 5.88569524E-04 6.67529666E+02 1.20000000E-01
3.54764174E+02 6.37254732E-04 7.24008518E+02 1.20000000E-01
3.84780328E+02 6.89618328E-04 7.85265976E+02 1.20000000E-01
4.17336112E+02 7.48097605E-04 8.51706350E+02 1.20000000E-01
4.52646399E+02 8.11609009E-04 9.23768162E+02 1.20000000E-01
4.90944247E+02 8.80170750E-04 1.00192703E+03 1.20000000E-01
5.32482427E+02 9.54325684E-04 1.08669883E+03 1.20000000E-01
5.77535101E+02 1.03421604E-03 1.17864306E+03 1.20000000E-01
6.26399625E+02 1.12044099E-03 1.27836658E+03 1.20000000E-01
6.79398516E+02 1.21349373E-03 1.38652758E+03 1.20000000E-01
7.36881577E+02 1.31523210E-03 1.50383995E+03 1.20000000E-01
7.99228208E+02 1.42825331E-03 1.63107798E+03 1.20000000E-01
8.66849910E+02 1.55083458E-03 1.76908145E+03 1.20000000E-01
9.40192999E+02 1.68362266E-03 1.91876122E+03 1.20000000E-01
1.01974156E+03 1.82750086E-03 2.08110522E+03 1.20000000E-01
1.10602062E+03 1.98358382E-03 2.25718493E+03 1.20000000E-01
1.19959964E+03 2.15236756E-03 2.44816253E+03 1.20000000E-01
1.30109627E+03 2.33577813E-03 2.65529851E+03 1.20000000E-01
1.41118040E+03 2.53379338E-03 2.87996001E+03 1.20000000E-01
1.53057862E+03 2.75449233E-03 3.12362983E+03 1.20000000E-01
1.66007896E+03 2.99528239E-03 3.38791625E+03 1.20000000E-01
1.80053617E+03 3.25726313E-03 3.67456362E+03 1.20000000E-01
1.95287729E+03 3.54088711E-03 3.98546386E+03 1.20000000E-01
2.11810780E+03 3.84913571E-03 4.32266899E+03 1.20000000E-01
2.29731826E+03 4.18298767E-03 4.68840462E+03 1.20000000E-01
2.49169150E+03 4.54490431E-03 5.08508469E+03 1.20000000E-01
2.70251041E+03 4.93740431E-03 5.51532736E+03 1.20000000E-01
2.93116644E+03 5.36367509E-03 5.98197233E+03 1.20000000E-01
3.17916878E+03 5.82809228E-03 6.48809954E+03 1.20000000E-01
3.44815428E+03 6.33973798E-03 7.03704955E+03 1.20000000E-01
3.73989831E+03 6.89812870E-03 7.63244553E+03 1.20000000E-01
4.05632644E+03 7.50423105E-03 8.27821723E+03 1.20000000E-01
4.39952716E+03 8.16336253E-03 8.97862686E+03 1.20000000E-01
4.77176567E+03 8.87803066E-03 9.73829728E+03 1.20000000E-01
5.17549881E+03 9.65200659E-03 1.05622425E+04 1.20000000E-01
