3.53570751E-04 1.49244353E-06 1.01020215E-03 1.20000000E-01
3.83485931E-04 1.68562335E-06 1.09567409E-03 1.20000000E-01
4.15932197E-04 1.90460994E-06 1.18837771E-03 1.20000000E-01
4.51123702E-04 2.14887816E-06 1.28892486E-03 1.20000000E-01
4.89292715E-04 2.42353854E-06 1.39797919E-03 1.20000000E-01
5.30691162E-04 2.73841856E-06 1.51626046E-03 1.20000000E-01
5.75592279E-04 3.08655920E-06 1.64454937E-03 1.20000000E-01
6.24292423E-04 3.47414097E-06 1.78369264E-03 1.20000000E-01
6.77113027E-04 3.91495893E-06 1.93460865E-03 1.20000000E-01
7.34402715E-04 4.39695314E-06 2.09829347E-03 1.20000000E-01
7.96539613E-04 4.92055017E-06 2.27582746E-03 1.20000000E-01
8.63933836E-04 5.48486721E-06 2.46838239E-03 1.20000000E-01
9.37030200E-04 6.09851285E-06 2.67722914E-03 1.20000000E-01
1.01631116E-03 6.75158290E-06 2.90374616E-03 1.20000000E-01
1.10229997E-03 7.42999580E-06 3.14942850E-03 1.20000000E-01
1.19556420E-03 8.14665352E-06 3.41589772E-03 1.20000000E-01
1.29671940E-03 8.90141118E-06 3.70491256E-03 1.20000000E-01
1.40643321E-03 9.69955350E-06 4.01838059E-03 1.20000000E-01
1.52542977E-03 1.05490969E-05 4.35837076E-03 1.20000000E-01
1.65449448E-03 1.14922923E-05 4.72712707E-03 1.20000000E-01
1.79447919E-03 1.25193083E-05 5.12708340E-03 1.20000000E-01
1.94630783E-03 1.36591375E-05 5.56087953E-03 1.20000000E-01
2.11098251E-03 1.49452231E-05 6.03137861E-03 1.20000000E-01
2.28959011E-03 1.63870041E-05 6.54168603E-03 1.20000000E-01
2.48330947E-03 1.80152857E-05 7.09516992E-03 1.20000000E-01
2.69341919E-03 1.98723257E-05 7.69548340E-03 1.20000000E-01
2.92130603E-03 2.19615981E-05 8.34658865E-03 1.20000000E-01
3.16847408E-03 2.43498626E-05 9.05278310E-03 1.20000000E-01
3.43655472E-03 2.70782853E-05 9.81872778E-03 1.20000000E-01
3.72731733E-03 3.01957687E-05 1.06494781E-02 1.20000000E-01
4.04268100E-03 3.37157607E-05 1.15505171E-02 1.20000000E-01
4.38472720E-03 3.77054031E-05 1.25277920E-02 1.20000000E-01
4.75571350E-03 4.21536317E-05 1.35877528E-02 1.20000000E-01
5.15808848E-03 4.72778993E-05 1.47373957E-02 1.20000000E-01
5.59450792E-03 5.31240229E-05 1.59843083E-02 1.20000000E-01
6.06785225E-03 5.96713267E-05 1.73367207E-02 1.20000000E-01
6.58124566E-03 6.70113909E-05 1.88035590E-02 1.20000000E-01
7.13807665E-03 7.53979355E-05 2.03945047E-02 1.20000000E-01
7.74202041E-03 8.49302001E-05 2.21200583E-02 1.20000000E-01
8.39706309E-03 9.55895451E-05 2.39916088E-02 1.20000000E-01
9.10752813E-03 1.07476738E-04 2.60215089E-02 1.20000000E-01
9.87810472E-03 1.21256655E-04 2.82231563E-02 1.20000000E-01
1.07138788E-02 1.36683186E-04 3.06110824E-02 1.20000000E-01
1.16203668E-02 1.53933558E-04 3.32010479E-02 1.20000000E-01
1.26035515E-02 1.73468946E-04 3.60101471E-02 1.20000000E-01
1.36699223E-02 1.95831927E-04 3.90569208E-02 1.20000000E-01
1.48265173E-02 2.20718616E-04 4.23614781E-02 1.20000000E-01
1.60809705E-02 2.48349854E-04 4.59456299E-02 1.20000000E-01
1.74415613E-02 2.80565042E-04 4.98330323E-02 1.20000000E-01
1.89172701E-02 3.16579634E-04 5.40493430E-02 1.20000000E-01
2.05178367E-02 3.56536147E-04 5.86223905E-02 1.20000000E-01
2.22538253E-02 4.02222557E-04 6.35823579E-02 1.20000000E-01
2.41366936E-02 4.53573434E-04 6.89619818E-02 1.20000000E-01
2.61788692E-02 5.10666867E-04 7.47967691E-02 1.20000000E-01
2.83938307E-02 5.73490998E-04 8.11252304E-02 1.20000000E-01
3.07961972E-02 6.43464881E-04 8.79891350E-02 1.20000000E-01
3.34018251E-02 7.17446002E-04 9.54337859E-02 1.20000000E-01
3.62279118E-02 7.94051283E-04 1.03508319E-01 1.20000000E-01
3.92931102E-02 8.69955213E-04 1.12266029E-01 1.20000000E-01
4.26176513E-02 9.41115422E-04 1.21764718E-01 1.20000000E-01
4.62234776E-02 1.00043302E-03 1.32067079E-01 1.20000000E-01
5.01343884E-02 1.04978551E-03 1.43241110E-01 1.20000000E-01
5.43761964E-02 1.07543481E-03 1.55360561E-01 1.20000000E-01
5.89768986E-02 1.07648630E-03 1.68505425E-01 1.20000000E-01
6.39668604E-02 1.05006302E-03 1.82762458E-01 1.20000000E-01
6.93790166E-02 9.91343508E-04 1.98225762E-01 1.20000000E-01
7.52490887E-02 8.61593481E-04 2.14997396E-01 1.20000000E-01
8.16158202E-02 7.27657534E-04 2.33188058E-01 1.20000000E-01
8.85212330E-02 6.09330080E-04 2.52917808E-01 1.20000000E-01
9.60109040E-02 4.96507189E-04 2.74316869E-01 1.20000000E-01
1.04134267E-01 3.91925490E-04 2.97526477E-01 1.20000000E-01
1.12944937E-01 3.01041938E-04 3.22699821E-01 1.20000000E-01
1.22501068E-01 2.25950665E-04 3.50003050E-01 1.20000000E-01
1.32865730E-01 1.66370958E-04 3.79616371E-01 1.20000000E-01
1.44107334E-01 1.20601662E-04 4.11735239E-01 1.20000000E-01
1.56300075E-01 8.69548245E-05 4.46571644E-01 1.20000000E-01
1.69524430E-01 6.33825021E-05 4.84355514E-01 1.20000000E-01
1.83867680E-01 4.79908841E-05 5.25336230E-01 1.20000000E-01
1.99424495E-01 3.87522932E-05 5.69784273E-01 1.20000000E-01
2.16297553E-01 3.38745818E-05 6.17993009E-01 1.20000000E-01
2.34598219E-01 3.15802971E-05 6.70280627E-01 1.20000000E-01
2.54447282E-01 3.09821617E-05 7.26992234E-01 1.20000000E-01
2.75975749E-01 3.14082325E-05 7.88502140E-01 1.20000000E-01
2.99325713E-01 3.25958342E-05 8.55216323E-01 1.20000000E-01
3.24651288E-01 3.43761504E-05 9.27575109E-01 1.20000000E-01
3.52119629E-01 3.66321977E-05 1.00605608E+00 1.20000000E-01
3.81912031E-01 3.92799484E-05 1.09117723E+00 1.20000000E-01
4.14225132E-01 4.23919566E-05 1.18350038E+00 1.20000000E-01
4.49272203E-01 4.60367302E-05 1.28363487E+00 1.20000000E-01
4.87284564E-01 5.01132726E-05 1.39224161E+00 1.20000000E-01
5.28513103E-01 5.46996173E-05 1.51003744E+00 1.20000000E-01
5.73229937E-01 5.98206502E-05 1.63779982E+00 1.20000000E-01
6.21730207E-01 6.55359700E-05 1.77637202E+00 1.20000000E-01
6.74334024E-01 7.18513186E-05 1.92666864E+00 1.20000000E-01
7.31388585E-01 7.88628026E-05 2.08968167E+00 1.20000000E-01
7.93270461E-01 8.65822707E-05 2.26648703E+00 1.20000000E-01
8.60388085E-01 9.50349671E-05 2.45825167E+00 1.20000000E-01
9.33184447E-01 1.04226206E-04 2.66624128E+00 1.20000000E-01
1.01214002E+00 1.14130848E-04 2.89182863E+00 1.20000000E-01
1.09777592E+00 1.24742854E-04 3.13650264E+00 1.20000000E-01
1.19065738E+00 1.35478393E-04 3.40187821E+00 1.20000000E-01
1.29139741E+00 1.40695235E-04 3.68970689E+00 1.20000000E-01
1.40066093E+00 1.46412748E-04 4.00188838E+00 1.20000000E-01
1.51916911E+00 1.51298904E-04 4.34048317E+00 1.20000000E-01
1.64770411E+00 1.54401505E-04 4.70772603E+00 1.20000000E-01
1.78711430E+00 1.56366225E-04 5.10604086E+00 1.20000000E-01
1.93831981E+00 1.63244317E-04 5.53805661E+00 1.20000000E-01
2.10231863E+00 1.72684277E-04 6.00662467E+00 1.20000000E-01
2.28019319E+00 1.77756942E-04 6.51483769E+00 1.20000000E-01
2.47311749E+00 1.80620066E-04 7.06604998E+00 1.20000000E-01
2.68236488E+00 1.86421075E-04 7.66389965E+00 1.20000000E-01
2.90931642E+00 2.00381635E-04 8.31233264E+00 1.20000000E-01
3.15547006E+00 2.18890187E-04 9.01562874E+00 1.20000000E-01
3.42245044E+00 2.39826149E-04 9.77842984E+00 1.20000000E-01
3.71201971E+00 2.62948185E-04 1.06057706E+01 1.20000000E-01
4.02608906E+00 2.88545937E-04 1.15031116E+01 1.20000000E-01
4.36673143E+00 3.17227216E-04 1.24763755E+01 1.20000000E-01
4.73619513E+00 3.49163349E-04 1.35319861E+01 1.20000000E-01
5.13691870E+00 3.84573114E-04 1.46769106E+01 1.20000000E-01
5.57154698E+00 4.24059929E-04 1.59187057E+01 1.20000000E-01
6.04294862E+00 4.67877126E-04 1.72655675E+01 1.20000000E-01
6.55423496E+00 5.15993519E-04 1.87263856E+01 1.20000000E-01
7.10878061E+00 5.67770459E-04 2.03108017E+01 1.20000000E-01
7.71024566E+00 6.23633326E-04 2.20292733E+01 1.20000000E-01
8.36259993E+00 6.85199151E-04 2.38931427E+01 1.20000000E-01
9.07014908E+00 7.53281471E-04 2.59147117E+01 1.20000000E-01
9.83756308E+00 8.31433431E-04 2.81073231E+01 1.20000000E-01
1.06699070E+01 9.24143980E-04 3.04854486E+01 1.20000000E-01
1.15726745E+01 1.02058168E-03 3.30647844E+01 1.20000000E-01
1.25518241E+01 1.12005608E-03 3.58623546E+01 1.20000000E-01
1.36138183E+01 1.23062831E-03 3.88966236E+01 1.20000000E-01
1.47656665E+01 1.35395389E-03 4.21876184E+01 1.20000000E-01
1.60149711E+01 1.49587866E-03 4.57570602E+01 1.20000000E-01
1.73699778E+01 1.66878908E-03 4.96285080E+01 1.20000000E-01
1.88396300E+01 1.85535958E-03 5.38275141E+01 1.20000000E-01
2.04336275E+01 2.04541884E-03 5.83817930E+01 1.20000000E-01
2.21624913E+01 2.25583615E-03 6.33214036E+01 1.20000000E-01
2.40376320E+01 2.49084321E-03 6.86789486E+01 1.20000000E-01
2.60714261E+01 2.75503386E-03 7.44897888E+01 1.20000000E-01
2.82772969E+01 3.04724374E-03 8.07922769E+01 1.20000000E-01
3.06698037E+01 3.37375948E-03 8.76280106E+01 1.20000000E-01
3.32647376E+01 3.73320442E-03 9.50421073E+01 1.20000000E-01
3.60792255E+01 4.12816102E-03 1.03083501E+02 1.20000000E-01
3.91318438E+01 4.57085560E-03 1.11805268E+02 1.20000000E-01
4.24427402E+01 5.05854810E-03 1.21264972E+02 1.20000000E-01
4.60337675E+01 5.58500011E-03 1.31525050E+02 1.20000000E-01
4.99286272E+01 6.15861579E-03 1.42653221E+02 1.20000000E-01
5.41530261E+01 6.78096741E-03 1.54722932E+02 1.20000000E-01
5.87348460E+01 7.45629746E-03 1.67813846E+02 1.20000000E-01
6.37043281E+01 8.17869445E-03 1.82012366E+02 1.20000000E-01
6.90942718E+01 8.94523188E-03 1.97412205E+02 1.20000000E-01
7.49402520E+01 9.75475113E-03 2.14115006E+02 1.20000000E-01
8.12808532E+01 1.06098680E-02 2.32231009E+02 1.20000000E-01
8.81579248E+01 1.14964430E-02 2.51879785E+02 1.20000000E-01
9.56168568E+01 1.24114062E-02 2.73191019E+02 1.20000000E-01
1.03706880E+02 1.33483034E-02 2.96305371E+02 1.20000000E-01
1.12481390E+02 1.43363922E-02 3.21375399E+02 1.20000000E-01
1.21998300E+02 1.53449465E-02 3.48566570E+02 1.20000000E-01
1.32320424E+02 1.63575280E-02 3.78058353E+02 1.20000000E-01
1.43515889E+02 1.74021609E-02 4.10045398E+02 1.20000000E-01
1.55658590E+02 1.84830979E-02 4.44738828E+02 1.20000000E-01
1.68828669E+02 1.95302369E-02 4.82367626E+02 1.20000000E-01
1.83113052E+02 2.06731040E-02 5.23180149E+02 1.20000000E-01
1.98606019E+02 2.17959243E-02 5.67445768E+02 1.20000000E-01
2.15409826E+02 2.29447470E-02 6.15456647E+02 1.20000000E-01
2.33635383E+02 2.41392053E-02 6.67529666E+02 1.20000000E-01
2.53402981E+02 2.53218360E-02 7.24008518E+02 1.20000000E-01
2.74843092E+02 2.65944870E-02 7.85265976E+02 1.20000000E-01
2.98097223E+02 2.78266074E-02 8.51706350E+02 1.20000000E-01
3.23318857E+02 2.91816076E-02 9.23768162E+02 1.20000000E-01
3.50674462E+02 3.04913858E-02 1.00192703E+03 1.20000000E-01
3.80344591E+02 3.19281987E-02 1.08669883E+03 1.20000000E-01
4.12525072E+02 3.33302180E-02 1.17864306E+03 1.20000000E-01
4.47428304E+02 3.48410167E-02 1.27836658E+03 1.20000000E-01
4.85284654E+02 3.63715717E-02 1.38652758E+03 1.20000000E-01
5.26343984E+02 3.79524836E-02 1.50383995E+03 1.20000000E-01
5.70877291E+02 3.96464644E-02 1.63107798E+03 1.20000000E-01
6.19178507E+02 4.12841092E-02 1.76908145E+03 1.20000000E-01
6.71566428E+02 4.31738840E-02 1.91876122E+03 1.20000000E-01
7.28386826E+02 4.48564556E-02 2.08110522E+03 1.20000000E-01
7.90014726E+02 4.69755851E-02 2.25718493E+03 1.20000000E-01
8.56856887E+02 4.88395370E-02 2.44816253E+03 1.20000000E-01
9.29354479E+02 5.10782860E-02 2.65529851E+03 1.20000000E-01
1.00798600E+03 5.31717743E-02 2.87996001E+03 1.20000000E-01
1.09327044E+03 5.55057037E-02 3.12362983E+03 1.20000000E-01
1.18577069E+03 5.78653191E-02 3.38791625E+03 1.20000000E-01
1.28609727E+03 6.02950749E-02 3.67456362E+03 1.20000000E-01
1.39491235E+03 6.29608083E-02 3.98546386E+03 1.20000000E-01
1.51293415E+03 6.54482505E-02 4.32266899E+03 1.20000000E-01
1.64094162E+03 6.84626375E-02 4.68840462E+03 1.20000000E-01
1.77977964E+03 7.10805835E-02 5.08508469E+03 1.20000000E-01
1.93036458E+03 7.44243417E-02 5.51532736E+03 1.20000000E-01
2.09369031E+03 7.73871072E-02 5.98197233E+03 1.20000000E-01
2.27083484E+03 8.08745085E-02 6.48809954E+03 1.20000000E-01
2.46296734E+03 8.42288893E-02 7.03704955E+03 1.20000000E-01
2.67135594E+03 8.78579645E-02 7.63244553E+03 1.20000000E-01
2.89737603E+03 9.16621921E-02 8.27821723E+03 1.20000000E-01
3.14251940E+03 9.53960069E-02 8.97862686E+03 1.20000000E-01
3.40840405E+03 9.97158983E-02 9.73829728E+03 1.20000000E-01
3.69678486E+03 1.03542884E-01 1.05622425E+04 1.20000000E-01
