1.18749838E+00 1.04122275E+00 1.00000000E+03 1.20000000E-01
1.22503966E+00 1.01914499E+00 1.00000000E+03 1.20000000E-01
1.26376775E+00 9.95679148E-01 1.00000000E+03 1.20000000E-01
1.30372019E+00 9.70562659E-01 1.00000000E+03 1.20000000E-01
1.34493567E+00 9.47739422E-01 1.00000000E+03 1.20000000E-01
1.38745413E+00 9.27341467E-01 1.00000000E+03 1.20000000E-01
1.43131676E+00 9.05244127E-01 1.00000000E+03 1.20000000E-01
1.47656605E+00 8.80912541E-01 1.00000000E+03 1.20000000E-01
1.52324584E+00 8.59376279E-01 1.00000000E+03 1.20000000E-01
1.57140135E+00 8.37755222E-01 1.00000000E+03 1.20000000E-01
1.62107924E+00 8.12703478E-01 1.00000000E+03 1.20000000E-01
1.67232763E+00 7.86010080E-01 1.00000000E+03 1.20000000E-01
1.72519617E+00 7.59180776E-01 1.00000000E+03 1.20000000E-01
1.77973609E+00 7.25354622E-01 1.00000000E+03 1.20000000E-01
1.83600022E+00 7.03770840E-01 1.00000000E+03 1.20000000E-01
1.89404307E+00 6.83124299E-01 1.00000000E+03 1.20000000E-01
1.95392088E+00 6.62387521E-01 1.00000000E+03 1.20000000E-01
2.01569164E+00 6.47123950E-01 1.00000000E+03 1.20000000E-01
2.07941521E+00 6.31971291E-01 1.00000000E+03 1.20000000E-01
2.14515332E+00 6.16405644E-01 1.00000000E+03 1.20000000E-01
2.21296966E+00 6.00726741E-01 1.00000000E+03 1.20000000E-01
2.28292993E+00 5.89075385E-01 1.00000000E+03 1.20000000E-01
2.35510190E+00 5.76952860E-01 1.00000000E+03 1.20000000E-01
2.42955550E+00 5.64299574E-01 1.00000000E+03 1.20000000E-01
2.50636286E+00 5.51025344E-01 1.00000000E+03 1.20000000E-01
2.58559839E+00 5.40619011E-01 1.00000000E+03 1.20000000E-01
2.66733885E+00 5.30574471E-01 1.00000000E+03 1.20000000E-01
2.75166343E+00 5.19998137E-01 1.00000000E+03 1.20000000E-01
2.83865383E+00 5.08916505E-01 1.00000000E+03 1.20000000E-01
2.92839432E+00 4.98007208E-01 1.00000000E+03 1.20000000E-01
3.02097184E+00 4.89580030E-01 1.00000000E+03 1.20000000E-01
3.11647609E+00 4.80663656E-01 1.00000000E+03 1.20000000E-01
3.21499958E+00 4.71254302E-01 1.00000000E+03 1.20000000E-01
3.31663777E+00 4.61375172E-01 1.00000000E+03 1.20000000E-01
3.42148913E+00 4.52523835E-01 1.00000000E+03 1.20000000E-01
3.52965523E+00 4.44988503E-01 1.00000000E+03 1.20000000E-01
3.64124086E+00 4.37044784E-01 1.00000000E+03 1.20000000E-01
3.75635414E+00 4.28653997E-01 1.00000000E+03 1.20000000E-01
3.87510658E+00 4.19817279E-01 1.00000000E+03 1.20000000E-01
3.99761322E+00 4.11929116E-01 1.00000000E+03 1.20000000E-01
4.12399276E+00 4.05183256E-01 1.00000000E+03 1.20000000E-01
4.25436764E+00 3.98021436E-01 1.00000000E+03 1.20000000E-01
4.38886415E+00 3.90477253E-01 1.00000000E+03 1.20000000E-01
4.52761260E+00 3.82410135E-01 1.00000000E+03 1.20000000E-01
4.67074741E+00 3.75368306E-01 1.00000000E+03 1.20000000E-01
4.81840725E+00 3.69212280E-01 1.00000000E+03 1.20000000E-01
4.97073516E+00 3.62744269E-01 1.00000000E+03 1.20000000E-01
5.12787874E+00 3.55814201E-01 1.00000000E+03 1.20000000E-01
5.28999021E+00 3.48533639E-01 1.00000000E+03 1.20000000E-01
5.45722664E+00 3.42074038E-01 1.00000000E+03 1.20000000E-01
5.62975003E+00 3.36516939E-01 1.00000000E+03 1.20000000E-01
5.80772754E+00 3.30572705E-01 1.00000000E+03 1.20000000E-01
5.99133158E+00 3.24337012E-01 1.00000000E+03 1.20000000E-01
6.18074003E+00 3.17661784E-01 1.00000000E+03 1.20000000E-01
6.37613640E+00 3.11846761E-01 1.00000000E+03 1.20000000E-01
6.57770997E+00 3.06785063E-01 1.00000000E+03 1.20000000E-01
6.78565605E+00 3.01478995E-01 1.00000000E+03 1.20000000E-01
7.00017608E+00 2.95802010E-01 1.00000000E+03 1.20000000E-01
7.22147789E+00 2.89836913E-01 1.00000000E+03 1.20000000E-01
7.44977588E+00 2.84432424E-01 1.00000000E+03 1.20000000E-01
7.68529123E+00 2.79890576E-01 1.00000000E+03 1.20000000E-01
7.92825209E+00 2.75043833E-01 1.00000000E+03 1.20000000E-01
8.17889387E+00 2.69901254E-01 1.00000000E+03 1.20000000E-01
8.43745937E+00 2.64453881E-01 1.00000000E+03 1.20000000E-01
8.70419909E+00 2.59418172E-01 1.00000000E+03 1.20000000E-01
8.97937146E+00 2.55262811E-01 1.00000000E+03 1.20000000E-01
9.26324306E+00 2.50809295E-01 1.00000000E+03 1.20000000E-01
9.55608890E+00 2.46128473E-01 1.00000000E+03 1.20000000E-01
9.85819270E+00 2.41109961E-01 1.00000000E+03 1.20000000E-01
1.01698471E+01 2.36528776E-01 1.00000000E+03 1.20000000E-01
1.04913541E+01 2.32731865E-01 1.00000000E+03 1.20000000E-01
1.08230252E+01 2.28745782E-01 1.00000000E+03 1.20000000E-01
1.11651816E+01 2.24487844E-01 1.00000000E+03 1.20000000E-01
1.15181548E+01 2.20023637E-01 1.00000000E+03 1.20000000E-01
1.18822869E+01 2.15781196E-01 1.00000000E+03 1.20000000E-01
1.22579305E+01 2.12409424E-01 1.00000000E+03 1.20000000E-01
1.26454497E+01 2.08827003E-01 1.00000000E+03 1.20000000E-01
1.30452197E+01 2.05064751E-01 1.00000000E+03 1.20000000E-01
1.34576280E+01 2.00999910E-01 1.00000000E+03 1.20000000E-01
1.38830741E+01 1.97023458E-01 1.00000000E+03 1.20000000E-01
1.43219701E+01 1.93965472E-01 1.00000000E+03 1.20000000E-01
1.47747413E+01 1.90681363E-01 1.00000000E+03 1.20000000E-01
1.52418263E+01 1.87230327E-01 1.00000000E+03 1.20000000E-01
1.57236775E+01 1.83522761E-01 1.00000000E+03 1.20000000E-01
1.62207619E+01 1.79797730E-01 1.00000000E+03 1.20000000E-01
1.67335610E+01 1.76987483E-01 1.00000000E+03 1.20000000E-01
1.72625717E+01 1.74037132E-01 1.00000000E+03 1.20000000E-01
1.78083063E+01 1.70868423E-01 1.00000000E+03 1.20000000E-01
1.83712936E+01 1.67541244E-01 1.00000000E+03 1.20000000E-01
1.89520791E+01 1.64042687E-01 1.00000000E+03 1.20000000E-01
1.95512253E+01 1.61518760E-01 1.00000000E+03 1.20000000E-01
2.01693129E+01 1.58830962E-01 1.00000000E+03 1.20000000E-01
2.08069405E+01 1.55978668E-01 1.00000000E+03 1.20000000E-01
2.14647259E+01 1.52948710E-01 1.00000000E+03 1.20000000E-01
2.21433063E+01 1.49709971E-01 1.00000000E+03 1.20000000E-01
2.28433393E+01 1.47402680E-01 1.00000000E+03 1.20000000E-01
2.35655029E+01 1.44949443E-01 1.00000000E+03 1.20000000E-01
2.43104968E+01 1.42367450E-01 1.00000000E+03 1.20000000E-01
2.50790427E+01 1.39605915E-01 1.00000000E+03 1.20000000E-01
2.58718853E+01 1.36690797E-01 1.00000000E+03 1.20000000E-01
2.66897926E+01 1.34494809E-01 1.00000000E+03 1.20000000E-01
2.75335570E+01 1.32293443E-01 1.00000000E+03 1.20000000E-01
2.84039959E+01 1.29938916E-01 1.00000000E+03 1.20000000E-01
2.93019527E+01 1.27452649E-01 1.00000000E+03 1.20000000E-01
3.02282973E+01 1.24783778E-01 1.00000000E+03 1.20000000E-01
3.11839271E+01 1.22741666E-01 1.00000000E+03 1.20000000E-01
3.21697680E+01 1.20732822E-01 1.00000000E+03 1.20000000E-01
3.31867750E+01 1.18601494E-01 1.00000000E+03 1.20000000E-01
3.42359333E+01 1.16338414E-01 1.00000000E+03 1.20000000E-01
3.53182596E+01 1.13925612E-01 1.00000000E+03 1.20000000E-01
3.64348022E+01 1.12004384E-01 1.00000000E+03 1.20000000E-01
3.75866429E+01 1.10172649E-01 1.00000000E+03 1.20000000E-01
3.87748976E+01 1.08242092E-01 1.00000000E+03 1.20000000E-01
4.00007174E+01 1.06168754E-01 1.00000000E+03 1.20000000E-01
4.12652901E+01 1.03982274E-01 1.00000000E+03 1.20000000E-01
4.25698406E+01 1.02170348E-01 1.00000000E+03 1.20000000E-01
4.39156329E+01 1.00515419E-01 1.00000000E+03 1.20000000E-01
4.53039707E+01 9.87493156E-02 1.00000000E+03 1.20000000E-01
4.67361991E+01 9.68663586E-02 1.00000000E+03 1.20000000E-01
4.82137055E+01 9.48771300E-02 1.00000000E+03 1.20000000E-01
4.97379215E+01 9.31872222E-02 1.00000000E+03 1.20000000E-01
5.13103237E+01 9.16787485E-02 1.00000000E+03 1.20000000E-01
5.29324354E+01 9.00569280E-02 1.00000000E+03 1.20000000E-01
5.46058282E+01 8.83444078E-02 1.00000000E+03 1.20000000E-01
5.63321231E+01 8.65016035E-02 1.00000000E+03 1.20000000E-01
5.81129927E+01 8.49556359E-02 1.00000000E+03 1.20000000E-01
5.99501623E+01 8.35650939E-02 1.00000000E+03 1.20000000E-01
6.18454117E+01 8.20859858E-02 1.00000000E+03 1.20000000E-01
6.38005771E+01 8.05094262E-02 1.00000000E+03 1.20000000E-01
6.58175525E+01 7.88188756E-02 1.00000000E+03 1.20000000E-01
6.78982921E+01 7.74089602E-02 1.00000000E+03 1.20000000E-01
7.00448117E+01 7.61284412E-02 1.00000000E+03 1.20000000E-01
7.22591908E+01 7.47643210E-02 1.00000000E+03 1.20000000E-01
7.45435747E+01 7.33084670E-02 1.00000000E+03 1.20000000E-01
7.69001766E+01 7.17446661E-02 1.00000000E+03 1.20000000E-01
7.93312795E+01 7.04595921E-02 1.00000000E+03 1.20000000E-01
8.18392387E+01 6.92765315E-02 1.00000000E+03 1.20000000E-01
8.44264838E+01 6.80077436E-02 1.00000000E+03 1.20000000E-01
8.70955215E+01 6.66469910E-02 1.00000000E+03 1.20000000E-01
8.98489375E+01 6.51963913E-02 1.00000000E+03 1.20000000E-01
9.26893993E+01 6.40636313E-02 1.00000000E+03 1.20000000E-01
9.56196587E+01 6.29543351E-02 1.00000000E+03 1.20000000E-01
9.86425546E+01 6.17624898E-02 1.00000000E+03 1.20000000E-01
1.01761016E+02 6.04799238E-02 1.00000000E+03 1.20000000E-01
1.04978063E+02 5.91285221E-02 1.00000000E+03 1.20000000E-01
1.08296813E+02 5.81412490E-02 1.00000000E+03 1.20000000E-01
1.11720481E+02 5.70922338E-02 1.00000000E+03 1.20000000E-01
1.15252385E+02 5.59486538E-02 1.00000000E+03 1.20000000E-01
1.18895945E+02 5.47248996E-02 1.00000000E+03 1.20000000E-01
1.22654691E+02 5.35743993E-02 1.00000000E+03 1.20000000E-01
1.26532266E+02 5.26282370E-02 1.00000000E+03 1.20000000E-01
1.30532425E+02 5.16027351E-02 1.00000000E+03 1.20000000E-01
1.34659044E+02 5.04916742E-02 1.00000000E+03 1.20000000E-01
1.38916122E+02 4.92928569E-02 1.00000000E+03 1.20000000E-01
1.43307781E+02 4.83753565E-02 1.00000000E+03 1.20000000E-01
1.47838277E+02 4.74362948E-02 1.00000000E+03 1.20000000E-01
1.52512000E+02 4.64140134E-02 1.00000000E+03 1.20000000E-01
1.57333476E+02 4.52961841E-02 1.00000000E+03 1.20000000E-01
1.62307377E+02 4.43209821E-02 1.00000000E+03 1.20000000E-01
1.67438521E+02 4.34366615E-02 1.00000000E+03 1.20000000E-01
1.72731881E+02 4.24687457E-02 1.00000000E+03 1.20000000E-01
1.78192583E+02 4.14082635E-02 1.00000000E+03 1.20000000E-01
1.83825919E+02 4.04332150E-02 1.00000000E+03 1.20000000E-01
1.89637345E+02 3.95789958E-02 1.00000000E+03 1.20000000E-01
1.95632493E+02 3.86331410E-02 1.00000000E+03 1.20000000E-01
2.01817169E+02 3.75812431E-02 1.00000000E+03 1.20000000E-01
2.08197367E+02 3.66817669E-02 1.00000000E+03 1.20000000E-01
2.14779266E+02 3.58163840E-02 1.00000000E+03 1.20000000E-01
2.21569244E+02 3.48467676E-02 1.00000000E+03 1.20000000E-01
2.28573879E+02 3.38094824E-02 1.00000000E+03 1.20000000E-01
2.35799956E+02 3.29915207E-02 1.00000000E+03 1.20000000E-01
2.43254476E+02 3.20643277E-02 1.00000000E+03 1.20000000E-01
2.50944663E+02 3.10080058E-02 1.00000000E+03 1.20000000E-01
2.58877964E+02 3.01647527E-02 1.00000000E+03 1.20000000E-01
2.67062067E+02 2.92293573E-02 1.00000000E+03 1.20000000E-01
2.75504900E+02 2.81436232E-02 1.00000000E+03 1.20000000E-01
2.84214643E+02 2.72650977E-02 1.00000000E+03 1.20000000E-01
2.93199734E+02 2.61613756E-02 1.00000000E+03 1.20000000E-01
3.02468877E+02 2.49997341E-02 1.00000000E+03 1.20000000E-01
3.12031052E+02 2.34867812E-02 1.00000000E+03 1.20000000E-01
3.21895523E+02 2.16071657E-02 1.00000000E+03 1.20000000E-01
3.32071848E+02 1.88214106E-02 1.00000000E+03 1.20000000E-01
3.42569884E+02 1.44980423E-02 1.00000000E+03 1.20000000E-01
3.53399802E+02 9.19216228E-03 1.00000000E+03 1.20000000E-01
3.64572095E+02 5.22205862E-03 1.00000000E+03 1.20000000E-01
3.76097586E+02 2.93497110E-03 1.00000000E+03 1.20000000E-01
3.87987440E+02 1.66847538E-03 1.00000000E+03 1.20000000E-01
4.00253178E+02 9.60799689E-04 1.00000000E+03 1.20000000E-01
4.12906681E+02 5.60308699E-04 1.00000000E+03 1.20000000E-01
4.25960210E+02 3.30180045E-04 1.00000000E+03 1.20000000E-01
4.39426409E+02 1.97223895E-04 1.00000000E+03 1.20000000E-01
4.53318325E+02 1.18076500E-04 1.00000000E+03 1.20000000E-01
4.67649417E+02 7.13527438E-05 1.00000000E+03 1.20000000E-01
4.82433569E+02 4.27338475E-05 1.00000000E+03 1.20000000E-01
