3.53570751E-04 1.49244418E-06 1.01020215E-03 1.20000000E-01
3.83485931E-04 1.68562415E-06 1.09567409E-03 1.20000000E-01
4.15932197E-04 1.90461071E-06 1.18837771E-03 1.20000000E-01
4.51123702E-04 2.14887889E-06 1.28892486E-03 1.20000000E-01
4.89292715E-04 2.42353941E-06 1.39797919E-03 1.20000000E-01
5.30691162E-04 2.73841930E-06 1.51626046E-03 1.20000000E-01
5.75592279E-04 3.08656008E-06 1.64454937E-03 1.20000000E-01
6.24292423E-04 3.47414179E-06 1.78369264E-03 1.20000000E-01
6.77113027E-04 3.91495953E-06 1.93460865E-03 1.20000000E-01
7.34402715E-04 4.39695372E-06 2.09829347E-03 1.20000000E-01
7.96539613E-04 4.92055046E-06 2.27582746E-03 1.20000000E-01
8.63933836E-04 5.48486696E-06 2.46838239E-03 1.20000000E-01
9.37030200E-04 6.09851318E-06 2.67722914E-03 1.20000000E-01
1.01631116E-03 6.75158668E-06 2.90374616E-03 1.20000000E-01
1.10229997E-03 7.42999969E-06 3.14942850E-03 1.20000000E-01
1.19556420E-03 8.14665765E-06 3.41589772E-03 1.20000000E-01
1.29671940E-03 8.90141572E-06 3.70491256E-03 1.20000000E-01
1.40643321E-03 9.69955847E-06 4.01838059E-03 1.20000000E-01
1.52542977E-03 1.05491013E-05 4.35837076E-03 1.20000000E-01
1.65449448E-03 1.14922972E-05 4.72712707E-03 1.20000000E-01
1.79447919E-03 1.25193136E-05 5.12708340E-03 1.20000000E-01
1.94630783E-03 1.36591427E-05 5.56087953E-03 1.20000000E-01
2.11098251E-03 1.49452285E-05 6.03137861E-03 1.20000000E-01
2.28959011E-03 1.63870111E-05 6.54168603E-03 1.20000000E-01
2.48330947E-03 1.80152931E-05 7.09516992E-03 1.20000000E-01
2.69341919E-03 1.98723325E-05 7.69548340E-03 1.20000000E-01
2.92130603E-03 2.19616006E-05 8.34658865E-03 1.20000000E-01
3.16847408E-03 2.43498718E-05 9.05278310E-03 1.20000000E-01
3.43655472E-03 2.70782979E-05 9.81872778E-03 1.20000000E-01
3.72731733E-03 3.01957845E-05 1.06494781E-02 1.20000000E-01
4.04268100E-03 3.37157642E-05 1.15505171E-02 1.20000000E-01
4.38472720E-03 3.77054061E-05 1.25277920E-02 1.20000000E-01
4.75571350E-03 4.21536413E-05 1.35877528E-02 1.20000000E-01
5.15808848E-03 4.72779031E-05 1.47373957E-02 1.20000000E-01
5.59450792E-03 5.31240230E-05 1.59843083E-02 1.20000000E-01
6.06785225E-03 5.96713269E-05 1.73367207E-02 1.20000000E-01
6.58124566E-03 6.70114122E-05 1.88035590E-02 1.20000000E-01
7.13807665E-03 7.53979647E-05 2.03945047E-02 1.20000000E-01
7.74202041E-03 8.49302307E-05 2.21200583E-02 1.20000000E-01
8.39706309E-03 9.55895916E-05 2.39916088E-02 1.20000000E-01
9.10752813E-03 1.07476787E-04 2.60215089E-02 1.20000000E-01
9.87810472E-03 1.21256721E-04 2.82231563E-02 1.20000000E-01
1.07138788E-02 1.36683243E-04 3.06110824E-02 1.20000000E-01
1.16203668E-02 1.53933620E-04 3.32010479E-02 1.20000000E-01
1.26035515E-02 1.73469012E-04 3.60101471E-02 1.20000000E-01
1.36699223E-02 1.95832000E-04 3.90569208E-02 1.20000000E-01
1.48265173E-02 2.20718692E-04 4.23614781E-02 1.20000000E-01
1.60809705E-02 2.48349975E-04 4.59456299E-02 1.20000000E-01
1.74415613E-02 2.80565144E-04 4.98330323E-02 1.20000000E-01
1.89172701E-02 3.16579730E-04 5.40493430E-02 1.20000000E-01
2.05178367E-02 3.56536221E-04 5.86223905E-02 1.20000000E-01
2.22538253E-02 4.02222648E-04 6.35823579E-02 1.20000000E-01
2.41366936E-02 4.53573520E-04 6.89619818E-02 1.20000000E-01
2.61788692E-02 5.10666943E-04 7.47967691E-02 1.20000000E-01
2.83938307E-02 5.73490987E-04 8.11252304E-02 1.20000000E-01
3.07961972E-02 6.43464779E-04 8.79891350E-02 1.20000000E-01
3.34018251E-02 7.17445856E-04 9.54337859E-02 1.20000000E-01
3.62279118E-02 7.94050711E-04 1.03508319E-01 1.20000000E-01
3.92931102E-02 8.69954121E-04 1.12266029E-01 1.20000000E-01
4.26176513E-02 9.41113270E-04 1.21764718E-01 1.20000000E-01
4.62234776E-02 1.00042883E-03 1.32067079E-01 1.20000000E-01
5.01343884E-02 1.04977891E-03 1.43241110E-01 1.20000000E-01
5.43761964E-02 1.07542417E-03 1.55360561E-01 1.20000000E-01
5.89768986E-02 1.07646876E-03 1.68505425E-01 1.20000000E-01
6.39668604E-02 1.05003167E-03 1.82762458E-01 1.20000000E-01
6.93790166E-02 9.91612700E-04 1.98225762E-01 1.20000000E-01
7.52490887E-02 8.61338259E-04 2.14997396E-01 1.20000000E-01
8.16158202E-02 7.27055049E-04 2.33188058E-01 1.20000000E-01
8.85212330E-02 6.09036753E-04 2.52917808E-01 1.20000000E-01
9.60109040E-02 4.96117748E-04 2.74316869E-01 1.20000000E-01
1.04134267E-01 3.91216159E-04 2.97526477E-01 1.20000000E-01
1.12944937E-01 3.00596748E-04 3.22699821E-01 1.20000000E-01
1.22501068E-01 2.24952604E-04 3.50003050E-01 1.20000000E-01
1.32865730E-01 1.64673905E-04 3.79616371E-01 1.20000000E-01
1.44107334E-01 1.17474996E-04 4.11735239E-01 1.20000000E-01
1.56300075E-01 8.16147009E-05 4.46571644E-01 1.20000000E-01
1.69524430E-01 5.58925957E-05 4.84355514E-01 1.20000000E-01
1.83867680E-01 3.72030570E-05 5.25336230E-01 1.20000000E-01
1.99424495E-01 2.39413958E-05 5.69784273E-01 1.20000000E-01
2.16297553E-01 1.51245706E-05 6.17993009E-01 1.20000000E-01
2.34598219E-01 9.91848416E-06 6.70280627E-01 1.20000000E-01
2.54447282E-01 7.29531785E-06 7.26992234E-01 1.20000000E-01
2.75975749E-01 6.19847519E-06 7.88502140E-01 1.20000000E-01
2.99325713E-01 5.79441042E-06 8.55216323E-01 1.20000000E-01
3.24651288E-01 5.74567540E-06 9.27575109E-01 1.20000000E-01
3.52119629E-01 5.91051003E-06 1.00605608E+00 1.20000000E-01
3.81912031E-01 6.21649047E-06 1.09117723E+00 1.20000000E-01
4.14225132E-01 6.62336061E-06 1.18350038E+00 1.20000000E-01
4.49272203E-01 7.14468363E-06 1.28363487E+00 1.20000000E-01
4.87284564E-01 7.75186356E-06 1.39224161E+00 1.20000000E-01
5.28513103E-01 8.45032296E-06 1.51003744E+00 1.20000000E-01
5.73229937E-01 9.22829721E-06 1.63779982E+00 1.20000000E-01
6.21730207E-01 1.00981498E-05 1.77637202E+00 1.20000000E-01
6.74334024E-01 1.10619633E-05 1.92666864E+00 1.20000000E-01
7.31388585E-01 1.21101319E-05 2.08968167E+00 1.20000000E-01
7.93270461E-01 1.32450387E-05 2.26648703E+00 1.20000000E-01
8.60388085E-01 1.44386583E-05 2.45825167E+00 1.20000000E-01
9.33184447E-01 1.55696936E-05 2.66624128E+00 1.20000000E-01
1.01214002E+00 1.65689805E-05 2.89182863E+00 1.20000000E-01
1.09777592E+00 1.74095004E-05 3.13650264E+00 1.20000000E-01
1.19065738E+00 1.80079160E-05 3.40187821E+00 1.20000000E-01
1.29139741E+00 1.79145671E-05 3.68970689E+00 1.20000000E-01
1.40066093E+00 1.81166706E-05 4.00188838E+00 1.20000000E-01
1.51916911E+00 1.89039759E-05 4.34048317E+00 1.20000000E-01
1.64770411E+00 1.96696808E-05 4.70772603E+00 1.20000000E-01
1.78711430E+00 2.00831837E-05 5.10604086E+00 1.20000000E-01
1.93831981E+00 2.05139969E-05 5.53805661E+00 1.20000000E-01
2.10231863E+00 2.15293093E-05 6.00662467E+00 1.20000000E-01
2.28019319E+00 2.31879403E-05 6.51483769E+00 1.20000000E-01
2.47311749E+00 2.52855649E-05 7.06604998E+00 1.20000000E-01
2.68236488E+00 2.77114454E-05 7.66389965E+00 1.20000000E-01
2.90931642E+00 3.04161410E-05 8.31233264E+00 1.20000000E-01
3.15547006E+00 3.34455020E-05 9.01562874E+00 1.20000000E-01
3.42245044E+00 3.68234465E-05 9.77842984E+00 1.20000000E-01
3.71201971E+00 4.05868415E-05 1.06057706E+01 1.20000000E-01
4.02608906E+00 4.47750829E-05 1.15031116E+01 1.20000000E-01
4.36673143E+00 4.94291719E-05 1.24763755E+01 1.20000000E-01
4.73619513E+00 5.45835548E-05 1.35319861E+01 1.20000000E-01
5.13691870E+00 6.02619353E-05 1.46769106E+01 1.20000000E-01
5.57154698E+00 6.63527219E-05 1.59187057E+01 1.20000000E-01
6.04294862E+00 7.29749195E-05 1.72655675E+01 1.20000000E-01
6.55423496E+00 8.02648685E-05 1.87263856E+01 1.20000000E-01
7.10878061E+00 8.83251012E-05 2.03108017E+01 1.20000000E-01
7.71024566E+00 9.75289818E-05 2.20292733E+01 1.20000000E-01
8.36259993E+00 1.08217479E-04 2.38931427E+01 1.20000000E-01
9.07014908E+00 1.19566945E-04 2.59147117E+01 1.20000000E-01
9.83756308E+00 1.31492283E-04 2.81073231E+01 1.20000000E-01
1.06699070E+01 1.44558895E-04 3.04854486E+01 1.20000000E-01
1.15726745E+01 1.59055743E-04 3.30647844E+01 1.20000000E-01
1.25518241E+01 1.75827682E-04 3.58623546E+01 1.20000000E-01
1.36138183E+01 1.95582729E-04 3.88966236E+01 1.20000000E-01
1.47656665E+01 2.17335889E-04 4.21876184E+01 1.20000000E-01
1.60149711E+01 2.40240106E-04 4.57570602E+01 1.20000000E-01
1.73699778E+01 2.65055958E-04 4.96285080E+01 1.20000000E-01
1.88396300E+01 2.92671092E-04 5.38275141E+01 1.20000000E-01
2.04336275E+01 3.23303256E-04 5.83817930E+01 1.20000000E-01
2.21624913E+01 3.57634239E-04 6.33214036E+01 1.20000000E-01
2.40376320E+01 3.95581954E-04 6.86789486E+01 1.20000000E-01
2.60714261E+01 4.37985376E-04 7.44897888E+01 1.20000000E-01
2.82772969E+01 4.84785299E-04 8.07922769E+01 1.20000000E-01
3.06698037E+01 5.37169541E-04 8.76280106E+01 1.20000000E-01
3.32647376E+01 5.95961250E-04 9.50421073E+01 1.20000000E-01
3.60792255E+01 6.60287950E-04 1.03083501E+02 1.20000000E-01
3.91318438E+01 7.31816431E-04 1.11805268E+02 1.20000000E-01
4.24427402E+01 8.10634307E-04 1.21264972E+02 1.20000000E-01
4.60337675E+01 8.98056482E-04 1.31525050E+02 1.20000000E-01
4.99286272E+01 9.94582164E-04 1.42653221E+02 1.20000000E-01
5.41530261E+01 1.10388869E-03 1.54722932E+02 1.20000000E-01
5.87348460E+01 1.22453194E-03 1.67813846E+02 1.20000000E-01
6.37043281E+01 1.35852096E-03 1.82012366E+02 1.20000000E-01
6.90942718E+01 1.50661055E-03 1.97412205E+02 1.20000000E-01
7.49402520E+01 1.67136363E-03 2.14115006E+02 1.20000000E-01
8.12808532E+01 1.85263701E-03 2.32231009E+02 1.20000000E-01
8.81579248E+01 2.05457898E-03 2.51879785E+02 1.20000000E-01
9.56168568E+01 2.27660129E-03 2.73191019E+02 1.20000000E-01
1.03706880E+02 2.52186345E-03 2.96305371E+02 1.20000000E-01
1.12481390E+02 2.79719296E-03 3.21375399E+02 1.20000000E-01
1.21998300E+02 3.10415618E-03 3.48566570E+02 1.20000000E-01
1.32320424E+02 3.43912824E-03 3.78058353E+02 1.20000000E-01
1.43515889E+02 3.80677803E-03 4.10045398E+02 1.20000000E-01
1.55658590E+02 4.21287453E-03 4.44738828E+02 1.20000000E-01
1.68828669E+02 4.65818009E-03 4.82367626E+02 1.20000000E-01
1.83113052E+02 5.14255953E-03 5.23180149E+02 1.20000000E-01
1.98606019E+02 5.67070845E-03 5.67445768E+02 1.20000000E-01
2.15409826E+02 6.24976789E-03 6.15456647E+02 1.20000000E-01
2.33635383E+02 6.87458159E-03 6.67529666E+02 1.20000000E-01
2.53402981E+02 7.55273825E-03 7.24008518E+02 1.20000000E-01
2.74843092E+02 8.28402659E-03 7.85265976E+02 1.20000000E-01
2.98097223E+02 9.07166141E-03 8.51706350E+02 1.20000000E-01
3.23318857E+02 9.91686207E-03 9.23768162E+02 1.20000000E-01
3.50674462E+02 1.08256843E-02 1.00192703E+03 1.20000000E-01
3.80344591E+02 1.17850563E-02 1.08669883E+03 1.20000000E-01
4.12525072E+02 1.28033804E-02 1.17864306E+03 1.20000000E-01
4.47428304E+02 1.38674509E-02 1.27836658E+03 1.20000000E-01
4.85284654E+02 1.49771839E-02 1.38652758E+03 1.20000000E-01
5.26343984E+02 1.61325087E-02 1.50383995E+03 1.20000000E-01
5.70877291E+02 1.73586746E-02 1.63107798E+03 1.20000000E-01
6.19178507E+02 1.86154106E-02 1.76908145E+03 1.20000000E-01
6.71566428E+02 1.98917256E-02 1.91876122E+03 1.20000000E-01
7.28386826E+02 2.11865150E-02 2.08110522E+03 1.20000000E-01
7.90014726E+02 2.25806450E-02 2.25718493E+03 1.20000000E-01
8.56856887E+02 2.39657744E-02 2.44816253E+03 1.20000000E-01
9.29354479E+02 2.53639064E-02 2.65529851E+03 1.20000000E-01
1.00798600E+03 2.68524244E-02 2.87996001E+03 1.20000000E-01
1.09327044E+03 2.82753534E-02 3.12362983E+03 1.20000000E-01
1.18577069E+03 2.98576377E-02 3.38791625E+03 1.20000000E-01
1.28609727E+03 3.13885252E-02 3.67456362E+03 1.20000000E-01
1.39491235E+03 3.30167308E-02 3.98546386E+03 1.20000000E-01
1.51293415E+03 3.46493666E-02 4.32266899E+03 1.20000000E-01
1.64094162E+03 3.63451845E-02 4.68840462E+03 1.20000000E-01
1.77977964E+03 3.80756771E-02 5.08508469E+03 1.20000000E-01
1.93036458E+03 3.98770217E-02 5.51532736E+03 1.20000000E-01
2.09369031E+03 4.17174552E-02 5.98197233E+03 1.20000000E-01
2.27083484E+03 4.36518046E-02 6.48809954E+03 1.20000000E-01
2.46296734E+03 4.55920751E-02 7.03704955E+03 1.20000000E-01
2.67135594E+03 4.76844958E-02 7.63244553E+03 1.20000000E-01
2.89737603E+03 4.96903975E-02 8.27821723E+03 1.20000000E-01
3.14251940E+03 5.19867687E-02 8.97862686E+03 1.20000000E-01
3.40840405E+03 5.40619007E-02 9.73829728E+03 1.20000000E-01
3.69678486E+03 5.66077864E-02 1.05622425E+04 1.20000000E-01
