0.2213257087488315 3.7775602019807964e-8
0.21634835185610668 5.716384583162383e-8
0.2186869106036934 1e-7
0.21847394118003402 3.324597932270945e-7
0.21830518188015258 8.620495587346328e-7
0.2181365529377002 0.0000022352460563763964
0.22044629349614922 0.00000511853205346165
0.22025750958441231 0.000014720279017723549
0.22017242464536974 0.000023703506337342273
0.24912781949183654 0.00001632651731402098
0.30832140285531406 0.000011480743522270137
0.47215687146334606 0.000007129736232841556
0.7561947813120413 0.0000044276869918127255
1.0468845963247202 0.0000029259497718830615
1.8340538780938964 0.0000016382976322753996
2.625885370217513 0.0000010826367338740562
3.9766869781833663 6.188767934682919e-7
6.159157328027113 3.324597932270945e-7
7.708742085382203 2.2429757989902128e-7
8.820820761379672 1.5449184055716285e-7
9.23089169659682 7.179132419912328e-8
6.16940902367232 4.277444741633017e-8
4.215526343994634 3.624268711741785e-8
2.574994843214797 3.267705270261651e-8
1.701148760607466 3.135103436337833e-8
1.0989447597038964 3.007882518043102e-8
0.8304790033447793 2.946221315958685e-8
0.600080390994949 2.946221315958685e-8
0.37479466065157063 3.267705270261651e-8
0.31327080512893074 3.4059156101620684e-8
