10.465435532372101 0.00022921174248017074
12.30058171243803 0.0002446702586634444
14.457509390994636 0.000261550390790535
16.866524986816092 0.0002785831732919226
19.754103792596077 0.00030018803554736025
23.21766406095149 0.000327006156833227
27.288118014170564 0.0003624740875510591
31.889453860431455 0.0004148157363607093
36.994110531184496 0.0005012492625815713
42.48601447065132 0.0006287080534151386
48.08662944389517 0.0008504381338231008
53.071095227045056 0.0011259608622610404
57.34269973037901 0.0015502811096908692
61.089683065123715 0.002117164364895551
64.16906149589238 0.00288066342072979
66.92943514184493 0.0039165148406062646
69.32252242654482 0.0048577596957655456
