0.002820604926510067 0.0000059437401751588256
0.0035581063631056112 0.0000059437401751588256
0.004548413852965417 0.0000059437401751588256
0.005737684182626063 0.0000059437401751588256
0.007334621159952766 0.0000059437401751588256
0.009252399006651119 0.000005955910718187389
0.011827566553767552 0.000005955910718187389
0.014920111434069436 0.0000059437401751588256
0.01869676814952362 0.000005728874286574408
0.02358539797512223 0.000005717167678750844
0.03014978753589456 0.000005705484992671752
0.03803302967724774 0.000005728874286574408
0.04894227579135418 0.0000058646902639765645
0.061330800860607944 0.00000643733265142117
0.07685517425137857 0.000007248213450004527
0.09695043852872046 0.000008346953294699056
0.12149104108076565 0.0000096516533979881
0.15224348942491636 0.0000112952170553854
0.19332925891117636 0.000013990701878866616
0.23749008917904393 0.00002004329891862674
0.3056108214609949 0.00003003605412767605
0.38212237986871955 0.000041922382672792315
0.47357994080792437 0.00005827366227794887
0.586927047854903 0.00008595302754601746
0.7034672852418863 0.00012123195697728248
0.8436141767287028 0.00018969568295423972
1.0178146211915453 0.00029995122273818777
1.17168885061464 0.00047235346006114126
1.3379999790786374 0.0006931625020775409
1.5483327388615116 0.0010659192649356635
1.7976849489434723 0.0017795356654688498
2.0460502538475156 0.0027629185241717907
2.305662439606185 0.004202254789178176
2.5724791733191497 0.006781880446856151
2.927888820941901 0.010900822886028587
3.285346443234977 0.017916584156466377
3.5199408608332408 0.02306391754198799
