1.0000000000e-03 2.5455423074e-06
1.4525252525e-02 2.7007549349e-07
2.8050505051e-02 3.2300480172e-07
4.1575757576e-02 5.2572408031e-07
5.5101010101e-02 7.8930809336e-07
6.8626262626e-02 2.0104239237e-06
8.2151515152e-02 3.0165284765e-06
9.5676767677e-02 4.8435583702e-06
1.0920202020e-01 7.3915730389e-06
1.2272727273e-01 1.4319919094e-05
1.3625252525e-01 1.6534048117e-05
1.4977777778e-01 2.8048366129e-05
1.6330303030e-01 4.5009796433e-05
1.7682828283e-01 6.5528787501e-05
1.9035353535e-01 9.0695887430e-05
2.0387878788e-01 1.2897924333e-04
2.1740404040e-01 1.3115734348e-04
2.3092929293e-01 1.6830474668e-04
2.4445454545e-01 1.8927329903e-04
2.5797979798e-01 2.7651068396e-04
2.7150505051e-01 4.1387095706e-04
2.8503030303e-01 5.2771340888e-04
2.9855555556e-01 5.7034640190e-04
3.1208080808e-01 7.5743411428e-04
3.2560606061e-01 8.1088500889e-04
3.3913131313e-01 7.9394315267e-04
3.5265656566e-01 9.3222236934e-04
3.6618181818e-01 1.0654526421e-03
3.7970707071e-01 9.3877656006e-04
3.9323232323e-01 1.2090387953e-03
4.0675757576e-01 1.1480634218e-03
4.2028282828e-01 1.1467728232e-03
4.3380808081e-01 1.2385182661e-03
4.4733333333e-01 1.5168562953e-03
4.6085858586e-01 1.2001494545e-03
4.7438383838e-01 1.0643053382e-03
4.8790909091e-01 1.0156770356e-03
5.0143434343e-01 1.2778112936e-03
5.1495959596e-01 1.2710680121e-03
5.2848484848e-01 1.1820647711e-03
5.4201010101e-01 1.1991313869e-03
5.5553535354e-01 1.3625331516e-03
5.6906060606e-01 1.2164961497e-03
5.8258585859e-01 1.1848496985e-03
5.9611111111e-01 1.1755278490e-03
6.0963636364e-01 1.2301128154e-03
6.2316161616e-01 1.3656281286e-03
6.3668686869e-01 1.0471421943e-03
6.5021212121e-01 1.1654426153e-03
6.6373737374e-01 1.1579389022e-03
6.7726262626e-01 1.1451389959e-03
6.9078787879e-01 1.3157408406e-03
7.0431313131e-01 1.1111488180e-03
7.1783838384e-01 1.0527720102e-03
7.3136363636e-01 1.0561725776e-03
7.4488888889e-01 1.1114210616e-03
7.5841414141e-01 1.2521522521e-03
7.7193939394e-01 1.3055817868e-03
7.8546464646e-01 1.3903671377e-03
7.9898989899e-01 1.2301085838e-03
8.1251515152e-01 1.0899472119e-03
8.2604040404e-01 1.1687855136e-03
8.3956565657e-01 1.0580986030e-03
8.5309090909e-01 1.1772322287e-03
8.6661616162e-01 1.2677136419e-03
8.8014141414e-01 1.1469181065e-03
8.9366666667e-01 1.3025225227e-03
9.0719191919e-01 1.3060058451e-03
9.2071717172e-01 1.2036494752e-03
9.3424242424e-01 1.2587156564e-03
9.4776767677e-01 1.2237317276e-03
9.6129292929e-01 1.1279073306e-03
9.7481818182e-01 1.3654506789e-03
9.8834343434e-01 1.2010640610e-03
1.0018686869e+00 1.1608861639e-03
1.0153939394e+00 1.2153354627e-03
1.0289191919e+00 1.2347269791e-03
1.0424444444e+00 1.2684111631e-03
1.0559696970e+00 1.1447894915e-03
1.0694949495e+00 1.2720632268e-03
1.0830202020e+00 1.1325942109e-03
1.0965454545e+00 1.3933942843e-03
1.1100707071e+00 1.1335662687e-03
1.1235959596e+00 1.0897282632e-03
1.1371212121e+00 1.1898983073e-03
1.1506464646e+00 1.1752382129e-03
1.1641717172e+00 1.2950630315e-03
1.1776969697e+00 1.1505736171e-03
1.1912222222e+00 1.1045724236e-03
1.2047474747e+00 1.2906239281e-03
1.2182727273e+00 1.1636852014e-03
1.2317979798e+00 1.2064230205e-03
1.2453232323e+00 1.1572596319e-03
1.2588484848e+00 1.0839605965e-03
1.2723737374e+00 1.1517071912e-03
1.2858989899e+00 1.2764882303e-03
1.2994242424e+00 1.1765981983e-03
1.3129494949e+00 1.0784713592e-03
1.3264747475e+00 1.3327179402e-03
1.3400000000e+00 1.1273221884e-03
1.5351312440e+00 1.8580970461e-03
1.6108063896e+00 1.5464896959e-03
