1.0000000000e-03 8.4005978783e-09
1.4525252525e-02 5.4816494966e-09
2.8050505051e-02 3.4747057858e-09
4.1575757576e-02 2.3643930241e-09
5.5101010101e-02 1.9589804915e-09
6.8626262626e-02 1.6687505575e-09
8.2151515152e-02 1.4870650475e-09
9.5676767677e-02 1.4001421260e-09
1.0920202020e-01 1.3417604003e-09
1.2272727273e-01 1.3096408403e-09
1.3625252525e-01 1.3113161246e-09
1.4977777778e-01 1.3289334323e-09
1.6330303030e-01 1.3609980834e-09
1.7682828283e-01 1.4160983188e-09
1.9035353535e-01 1.5106562913e-09
2.0387878788e-01 1.6095785781e-09
2.1740404040e-01 1.3659865795e-09
2.3092929293e-01 1.2712569315e-09
2.4445454545e-01 1.2937124654e-09
2.5797979798e-01 1.4077153929e-09
2.7150505051e-01 1.4926083718e-09
2.8503030303e-01 1.5647045424e-09
2.9855555556e-01 1.7025060156e-09
3.1208080808e-01 1.8678842452e-09
3.2560606061e-01 2.0537863510e-09
3.3913131313e-01 2.2601966453e-09
3.5265656566e-01 2.4988651277e-09
3.6618181818e-01 2.7655628742e-09
3.7970707071e-01 3.0890176150e-09
3.9323232323e-01 3.4688579238e-09
4.0675757576e-01 3.8906570029e-09
4.2028282828e-01 4.3700299599e-09
4.3380808081e-01 4.9125170787e-09
4.4733333333e-01 5.5092956839e-09
4.6085858586e-01 6.2150522132e-09
4.7438383838e-01 7.0353751084e-09
4.8790909091e-01 7.9485999150e-09
5.0143434343e-01 9.0309872147e-09
5.1495959596e-01 1.0305182784e-08
5.2848484848e-01 1.1715824827e-08
5.4201010101e-01 1.3325807990e-08
5.5553535354e-01 1.5197233905e-08
5.6906060606e-01 1.7313681454e-08
5.8258585859e-01 1.9948142090e-08
5.9611111111e-01 2.2501039272e-08
6.0963636364e-01 2.5372905404e-08
6.2316161616e-01 2.9550160891e-08
6.3668686869e-01 3.4125188118e-08
6.5021212121e-01 3.9113365321e-08
6.6373737374e-01 4.4981343995e-08
6.7726262626e-01 5.1963049682e-08
6.9078787879e-01 6.0053074871e-08
7.0431313131e-01 7.0360609219e-08
7.1783838384e-01 8.0073602498e-08
7.3136363636e-01 9.0738044473e-08
7.4488888889e-01 1.0475907969e-07
7.5841414141e-01 1.2125290131e-07
7.7193939394e-01 1.3958151952e-07
7.8546464646e-01 1.6079435487e-07
7.9898989899e-01 1.8646608680e-07
8.1251515152e-01 2.1533207841e-07
8.2604040404e-01 2.4902417928e-07
8.3956565657e-01 2.8942853638e-07
8.5309090909e-01 3.3468624079e-07
8.6661616162e-01 3.8719684444e-07
8.8014141414e-01 4.5049731461e-07
8.9366666667e-01 5.2171916462e-07
9.0719191919e-01 6.0463857614e-07
9.2071717172e-01 7.0408559693e-07
9.3424242424e-01 8.1503766253e-07
9.4776767677e-01 9.4221133552e-07
9.6129292929e-01 1.0970178282e-06
9.7481818182e-01 1.2721518141e-06
9.8834343434e-01 1.4759559607e-06
1.0018686869e+00 1.7338357225e-06
1.0153939394e+00 2.0144586296e-06
1.0289191919e+00 2.3187711938e-06
1.0424444444e+00 2.7294050720e-06
1.0559696970e+00 3.1803518898e-06
1.0694949495e+00 3.6710998524e-06
1.0830202020e+00 4.2762084700e-06
1.0965454545e+00 4.9737149567e-06
1.1100707071e+00 5.7939361218e-06
1.1235959596e+00 6.7734940095e-06
1.1371212121e+00 7.8845371220e-06
1.1506464646e+00 9.1652254050e-06
1.1641717172e+00 1.0745297651e-05
1.1776969697e+00 1.2555185816e-05
1.1912222222e+00 1.4648484690e-05
1.2047474747e+00 1.7133198450e-05
1.2182727273e+00 1.9965152999e-05
1.2317979798e+00 2.3218781858e-05
1.2453232323e+00 2.7162767935e-05
1.2588484848e+00 3.2332892815e-05
1.2723737374e+00 3.9000971794e-05
1.2858989899e+00 4.5480610333e-05
1.2994242424e+00 5.2840243882e-05
1.3129494949e+00 6.1270583816e-05
1.3264747475e+00 7.0496750539e-05
1.3400000000e+00 8.1598752206e-05
1.5351312440e+00 7.9849906891e-04
1.6108063896e+00 1.6352455383e-03
