0.0010600246282279461 8.515732258313798e-27
0.0016719911788620765 1.2291150986713368e-26
0.002605815355515464 1.8859269563976893e-26
0.0052243113017765045 3.2702480924254407e-26
0.008339796293079453 5.0177961675682145e-26
0.013473803432063116 7.699195188762671e-26
0.02025698268910923 1.1112605195973831e-25
0.03233710615256803 1.7050935032485588e-25
0.04633959412727104 2.315031984960896e-25
0.06883802573057068 3.3413929422740704e-25
0.08339928206676758 4.267510396247046e-25
0.09179716415656154 4.5366611983152e-25
0.09179716415656154 2.956678018461775e-25
0.09290468904729791 1.8126333195321093e-25
0.09402557613059069 1.0453317126881554e-25
0.09402557613059069 5.0177961675682145e-26
0.09515998662014408 1.389044221352031e-26
0.09630808367469135 3.8452017268898764e-27
0.09747003242146228 1.0012912617010141e-27
0.09864599997993206 4.253004058553053e-28
0.0998361554858584 2.1702833862434765e-28
0.11255674875841169 2.1702833862434765e-28
0.12689813253935614 2.607364351648025e-28
0.1555956695762804 3.3300347099821044e-28
0.1930848281054047 4.0006820526726856e-28
0.2669156975968199 6.525715133077872e-28
0.38249449516223316 9.418867052640585e-28
0.5039850788291234 1.4452100777626853e-27
0.6801847748562591 2.0859386761436925e-27
0.9290615855462256 3.0107319534942524e-27
1.2538735211377496 4.6196003577863275e-27
1.652137621286099 6.667683268270152e-27
2.2297462825224876 9.052817339474578e-27
2.97342033493706 1.0875995901061966e-26
3.7343525862045683 1.389044221352031e-26
5.287593067749552 1.774038778998673e-26
7.397625806406455 2.408640058811023e-26
10.989262318697202 3.4765018130518975e-26
15.374566363285616 5.0177961675682145e-26
23.114655504956385 7.699195188762671e-26
56.82181587889775 2.0484882503257643e-25
91.80152019306132 3.7761659284386567e-25
193.09399052960927 8.362842912681209e-25
360.2499686215226 1.5415993949064514e-24
854.2923702445709 3.858317114033578e-24
2800.496728470146 1.2333074197791089e-23
6721.187558143857 3.0867235290314114e-23
9403.301254985689 4.4552111079498046e-23
